     2719  -1.6420417  101.1461751    2.80758      642.7     -153.0      184.6      0.4      0.3      0.2 2023  1  3  3 43 21.02000046  0.0   1
     2720  -1.6381360  101.1481445    2.99913      862.0      278.9      377.2      0.5      0.5      0.3 2023  1  3  3 52  5.73000002  0.0   1
     2721  -1.6356604  101.1507161    2.69514     1148.1      552.6       72.2      0.8      0.5      0.4 2023  1  3  3 52 21.03000069  0.0   1
     2722  -1.6425207  101.1383952    2.75710     -222.4     -205.9      134.2      0.7      0.4      0.2 2023  1  3  3 52 34.75000000  0.0   1
     2723  -1.6400803  101.1447103    2.81914      479.9       63.9      196.2      0.5      0.3      0.3 2023  1  3  4  2 20.45000076  0.0   1
     2724  -1.6400960  101.1456299    2.89736      581.8       62.2      274.4      0.3      0.3      0.2 2023  1  4 20 11 39.40000153  0.0   1
     2725  -1.6404750  101.1432536    2.90676      317.4       20.3      283.8      0.5      0.3      0.2 2023  1  4 20 16 15.53999996  0.0   1
     2726  -1.6457231  101.1402832    2.57553      -12.8     -560.0      -47.4      1.4      0.7      0.6 2023  1  4 20 17  9.68000031  0.0   1
     2727  -1.6484999  101.1281576    1.82581    -1362.0     -867.1     -797.1      6.2      5.4      6.2 2023  1  4 20 18 22.71999931  0.0   1
     2729  -1.6459471  101.1397461    2.77836      -72.8     -584.8      155.4      1.1      0.4      0.4 2023  1 11 13 28 50.43999863  0.0   1
     2734  -1.6411608  101.1466227    3.01567      692.8      -55.6      392.7      0.8      0.5      0.4 2023  1 20 18 30  0.36000001  0.0   1
     2735  -1.6442196  101.1384440    2.98723     -216.9     -393.8      364.3      0.6      0.4      0.3 2023  1 20 19 10 25.45999908  0.0   1
     2736  -1.6417454  101.1446696    2.61466      475.6     -120.2       -8.3      0.4      0.2      0.2 2023  1 20 19 10 36.45999908  0.0   1
     2737  -1.6420165  101.1427002    2.60064      256.0     -150.2      -22.3      0.7      0.2      0.2 2023  1 20 19 11 19.44000053  0.0   1
     2738  -1.6406855  101.1411051    3.03389       79.2       -3.0      410.9      0.6      0.4      0.2 2023  1 20 19 11 38.47999954  0.0   1
     2739  -1.6392033  101.1429281    2.87628      281.5      160.9      253.3      0.4      0.3      0.2 2023  1 20 19 11 46.86000061  0.0   1
     2740  -1.6405888  101.1422445    2.68583      205.8        7.7       62.9      0.5      0.3      0.2 2023  1 20 19 12  2.07999992  0.0   1
     2741  -1.6415953  101.1437500    2.87388      373.0     -103.6      250.9      0.5      0.2      0.2 2023  1 20 19 12 14.30000019  0.0   1
     2742  -1.6450409  101.1390951    2.71519     -144.8     -484.6       92.2      1.8      0.7      1.1 2023  1 20 19 12 27.89999962  0.0   1
     2743  -1.6411148  101.1436117    2.74810      357.4      -50.5      125.2      0.5      0.3      0.2 2023  1 20 19 12 41.43999863  0.0   1
     2744  -1.6391543  101.1416748    3.13576      141.9      166.3      512.8      1.7      0.5      0.2 2023  1 20 19 12 45.20000076  0.0   1
     2745  -1.6418513  101.1422852    2.96601      210.3     -131.9      343.1      0.7      0.2      0.2 2023  1 20 19 12 58.77999878  0.0   1
     2746  -1.6425365  101.1436849    2.90946      366.2     -207.7      286.5      0.6      0.3      0.3 2023  1 20 19 13  8.81999969  0.0   1
     2747  -1.6452605  101.1433512    2.56725      328.9     -508.9      -55.7      1.0      0.4      0.3 2023  1 20 19 13 21.52000046  0.0   1
     2748  -1.6388077  101.1409424    3.11047       60.8      204.6      487.5      1.7      0.8      0.4 2023  1 20 19 13 50.47999954  0.0   1
     2749  -1.6407532  101.1301270    2.46097    -1143.2      -10.5     -162.0      1.3      1.1      0.6 2023  1 20 19 13 59.40000153  0.0   1
     2750  -1.6399087  101.1355225    2.83072     -542.4       82.9      207.8      0.6      0.7      0.3 2023  1 20 19 14 14.26000023  0.0   1
     2751  -1.6416670  101.1449707    2.92095      509.3     -111.6      298.0      0.7      0.4      0.2 2023  1 20 19 14 47.25999832  0.0   1
     2752  -1.6419442  101.1468018    2.76540      712.4     -142.2      142.5      0.5      0.5      0.4 2023  1 20 19 14 50.77999878  0.0   1
     2753  -1.6427144  101.1393229    2.89462     -120.0     -227.4      271.7      1.5      0.5      0.4 2023  1 20 19 15  4.05999994  0.0   1
     2754  -1.6416026  101.1440186    2.72319      403.3     -104.4      100.2      0.4      0.2      0.2 2023  1 20 19 15 37.75999832  0.0   1
     2755  -1.6413096  101.1432129    2.74127      313.0      -72.0      118.3      0.5      0.3      0.3 2023  1 20 19 15 47.91999817  0.0   1
     2756  -1.6409936  101.1426676    2.78393      252.3      -37.1      161.0      0.3      0.2      0.2 2023  1 20 19 16  4.34000015  0.0   1
     2757  -1.6427025  101.1378906    2.78774     -279.1     -226.1      164.8      0.9      0.4      0.4 2023  1 20 19 16 23.39999962  0.0   1
     2758  -1.6377834  101.1461426    2.89936      639.3      317.9      276.4      0.4      0.3      0.2 2023  1 20 19 16 33.02000046  0.0   1
     2759  -1.6410047  101.1450358    2.77659      516.1      -38.3      153.6      0.5      0.3      0.2 2023  1 20 19 16 54.11999893  0.0   1
     2760  -1.6414960  101.1488932    2.72723      945.4      -92.6      104.3      0.5      0.4      0.3 2023  1 20 19 17 18.65999985  0.0   1
     2761  -1.6414991  101.1423340    2.78320      215.9      -93.0      160.3      0.5      0.3      0.2 2023  1 20 19 17 23.44000053  0.0   1
     2762  -1.6418185  101.1427327    2.74400      259.4     -128.3      121.1      0.4      0.3      0.2 2023  1 20 19 17 53.41999817  0.0   1
     2763  -1.6448373  101.1215413    1.86515    -2098.2     -462.1     -757.8      0.7      0.8      0.8 2023  1 20 19 17 59.56000137  0.0   1
     2764  -1.6371370  101.1492188    2.96366      981.3      389.4      340.7      0.6      0.6      0.3 2023  1 20 19 18 19.47999954  0.0   1
     2765  -1.6434129  101.1460856    2.91823      632.8     -304.6      295.3      0.8      0.4      0.4 2023  1 20 19 18 31.20000076  0.0   1
     2766  -1.6441827  101.1383057    2.69760     -232.3     -389.7       74.7      0.6      0.4      0.2 2023  1 20 19 18 39.00000000  0.0   1
     2767  -1.6413896  101.1406820    2.89666       31.7      -80.9      273.7      0.9      0.3      0.2 2023  1 20 19 20 12.10000038  0.0   1
     2768  -1.6423409  101.1368490    2.72698     -394.9     -186.1      104.0      0.5      0.2      0.2 2023  1 20 19 20 39.81999969  0.0   1
     2769  -1.6427255  101.1442708    2.87083      431.3     -228.6      247.9      0.6      0.3      0.2 2023  1 20 19 21  7.40000010  0.0   1
     2770  -1.6424428  101.1394368    2.90037     -106.6     -197.3      277.4      0.9      0.4      0.3 2023  1 20 19 21 18.81999969  0.0   1
     2771  -1.6411386  101.1519613    2.53976     1286.8      -53.1      -83.2      0.4      0.4      0.3 2023  1 20 19 21 59.91999817  0.0   1
     2772  -1.6426567  101.1448568    3.00323      496.4     -221.0      380.3      0.6      0.3      0.2 2023  1 20 19 22 12.19999981  0.0   1
     2773  -1.6389772  101.1540609    2.36891     1520.6      185.9     -254.0      0.8      0.7      0.8 2023  1 20 19 22 39.93999863  0.0   1
     2774  -1.6433253  101.1396647    3.06151      -81.8     -294.9      438.6      0.6      0.3      0.2 2023  1 20 19 22 45.40000153  0.0   1
     2775  -1.6448733  101.1354248    2.80560     -553.5     -466.1      182.7      0.7      0.3      0.3 2023  1 20 19 23  1.05999994  0.0   1
     2776  -1.6461075  101.1428711    2.45597      275.2     -602.6     -167.0      1.2      0.7      1.2 2023  1 20 19 23  6.86000013  0.0   1
     2777  -1.6414530  101.1392741    2.77169     -125.0      -87.9      148.7      0.6      0.3      0.2 2023  1 20 19 24 26.95999908  0.0   1
     2778  -1.6446753  101.1275553    2.50101    -1429.2     -444.2     -121.9      2.1      1.2      1.6 2023  1 20 19 24 30.94000053  0.0   1
     2779  -1.6460302  101.1290365    2.67639    -1264.5     -594.0       53.4      1.1      1.3      0.9 2023  1 20 19 24 45.20000076  0.0   1
     2780  -1.6483732  101.1377523    2.42942     -294.0     -853.1     -193.5      2.3      0.7      0.8 2023  1 20 19 24 52.18000031  0.0   1
     2782  -1.6396484  101.1518962    2.63064     1279.5      111.6        7.7      0.3      0.4      0.3 2023  1 20 19 25 16.07999992  0.0   1
     2783  -1.6490952  101.1280680    1.75020    -1371.8     -932.9     -872.7      1.9      1.1      1.2 2023  1 20 19 26 19.50000000  0.0   1
     2784  -1.6343641  101.1565023    2.77663     1792.4      696.0      153.7      1.2      1.5      1.2 2023  1 20 19 26 40.24000168  0.0   1
     2785  -1.6461159  101.1467041    2.85382      701.9     -603.5      230.9      0.7      0.5      0.5 2023  1 20 19 26 53.72000122  0.0   1
     2786  -1.6413382  101.1442708    2.65208      430.8      -75.2       29.1      0.6      0.4      0.2 2023  1 20 19 28  3.14000010  0.0   1
     2787  -1.6432236  101.1396647    2.68045      -81.8     -283.7       57.5      0.7      0.3      0.2 2023  1 20 19 28 27.34000015  0.0   1
     2788  -1.6413780  101.1437500    2.83650      373.0      -79.6      213.6      0.4      0.2      0.2 2023  1 20 19 28 29.31999969  0.0   1
     2789  -1.6409027  101.1440186    2.66391      403.0      -27.0       41.0      0.6      0.3      0.2 2023  1 20 19 28 39.91999817  0.0   1
     2790  -1.6457845  101.1430827    2.76532      299.2     -566.8      142.4      0.7      0.3      0.3 2023  1 20 19 29 12.73999977  0.0   1
     2791  -1.6430780  101.1418376    2.86927      160.3     -267.6      246.3      1.2      0.4      0.4 2023  1 20 19 29 38.18000031  0.0   1
     2792  -1.6418419  101.1442708    2.79442      431.5     -130.9      171.5      0.4      0.2      0.1 2023  1 20 19 30 28.65999985  0.0   1
     2793  -1.6418341  101.1417074    2.74387      145.7     -130.0      120.9      0.5      0.3      0.2 2023  1 20 19 30 43.77999878  0.0   1
     2794  -1.6451663  101.1334961    2.53448     -768.4     -498.5      -88.5      1.3      0.5      0.6 2023  1 20 19 30 58.61999893  0.0   1
     2795  -1.6334115  101.1566243    2.12554     1805.7      801.3     -497.4      1.0      1.6      1.0 2023  1 20 19 31  4.38000011  0.0   1
     2796  -1.6423969  101.1478434    2.55869      828.8     -192.3      -64.3      1.0      0.8      0.7 2023  1 20 19 31  9.84000015  0.0   1
     2797  -1.6419398  101.1430990    2.90331      300.6     -141.7      280.4      0.4      0.3      0.2 2023  1 20 19 31 49.70000076  0.0   1
     2798  -1.6418688  101.1491130    2.78433      969.8     -133.9      161.4      0.9      0.5      0.4 2023  1 20 19 32  3.83999991  0.0   1
     2799  -1.6420898  101.1442871    2.77410      432.6     -158.3      151.2      0.7      0.3      0.2 2023  1 20 19 32  9.02000046  0.0   1
     2800  -1.6414333  101.1413900    2.91320      110.1      -85.7      290.3      0.5      0.2      0.2 2023  1 20 19 32 20.89999962  0.0   1
     2801  -1.6425485  101.1402018    2.75856      -22.0     -209.0      135.6      0.6      0.2      0.1 2023  1 20 19 32 52.88000107  0.0   1
     2802  -1.6416401  101.1434733    2.74664      342.2     -108.6      123.7      0.5      0.3      0.2 2023  1 20 19 32 59.25999832  0.0   1
     2803  -1.6426266  101.1417399    2.93756      149.8     -217.6      314.6      0.5      0.3      0.2 2023  1 20 19 33  9.80000019  0.0   1
     2804  -1.6428251  101.1372314    2.73558     -351.9     -239.6      112.6      0.5      0.2      0.2 2023  1 20 19 33 34.56000137  0.0   1
     2805  -1.6420769  101.1497721    2.84149     1043.0     -156.9      218.5      0.8      0.5      0.4 2023  1 20 19 33 48.00000000  0.0   1
     2806  -1.6433133  101.1385824    2.87670     -202.3     -293.6      253.8      0.9      0.5      0.2 2023  1 20 19 33 53.97999954  0.0   1
     2807  -1.6405710  101.1475749    2.70051      798.7        9.6       77.6      0.4      0.2      0.2 2023  1 20 19 34 15.69999981  0.0   1
     2808  -1.6460911  101.1286296    1.53035    -1309.3     -600.7    -1092.6      2.3      1.4      3.3 2023  1 20 19 34 33.22000122  0.0   1
     2809  -1.6444352  101.1348470    2.63260     -617.9     -417.6        9.7      1.0      0.6      0.4 2023  1 20 19 34 48.20000076  0.0   1
     2810  -1.6413678  101.1430176    2.63637      291.9      -78.5       13.4      0.5      0.2      0.2 2023  1 20 19 34 58.11999893  0.0   1
     2811  -1.6424828  101.1473145    2.97227      770.1     -201.8      349.3      0.6      0.5      0.3 2023  1 20 19 35 21.10000038  0.0   1
     2812  -1.6413751  101.1419759    2.92475      175.5      -79.3      301.8      0.7      0.3      0.2 2023  1 20 19 35 48.25999832  0.0   1
     2813  -1.6416466  101.1450358    2.76227      516.2     -109.3      139.3      0.4      0.2      0.2 2023  1 20 19 36 32.65999985  0.0   1
     2814  -1.6436033  101.1447998    2.87397      489.6     -325.7      251.0      0.5      0.3      0.2 2023  1 20 19 36 50.90000153  0.0   1
     2815  -1.6419486  101.1423991    2.77255      222.4     -142.7      149.6      0.6      0.4      0.3 2023  1 20 19 43 50.43999863  0.0   1
     2816  -1.6422577  101.1432373    2.89434      316.0     -176.9      271.4      0.7      0.3      0.3 2023  1 20 19 43 54.97999954  0.0   1
     2817  -1.6408337  101.1442383    2.73836      427.9      -19.4      115.4      0.4      0.3      0.2 2023  1 20 19 49 56.54000092  0.0   1
     2818  -1.6424664  101.1447347    2.87898      482.7     -199.9      256.0      0.5      0.3      0.3 2023  1 20 19 53 30.76000023  0.0   1
     2819  -1.6414520  101.1435059    2.80642      346.1      -87.8      183.5      0.5      0.3      0.2 2023  1 20 19 57 15.27999973  0.0   1
     2820  -1.6419196  101.1432780    2.61733      320.7     -139.5       -5.6      0.5      0.3      0.2 2023  1 20 19 57 23.65999985  0.0   1
     2821  -1.6404704  101.1435303    2.76000      349.0       20.8      137.1      0.5      0.3      0.2 2023  1 20 20 23  4.65999985  0.0   1
     2822  -1.6412266  101.1406820    2.81085       31.4      -62.8      187.9      0.7      0.3      0.3 2023  1 21  1 56 37.25000000  0.0   1
     2823  -1.6390172  101.1480876    2.84784      855.3      181.4      224.9      0.5      0.5      0.2 2023  1 30 17 30  4.76000023  0.0   1
     2824  -1.6417568  101.1394124    2.80119     -109.6     -121.5      178.3      0.6      0.2      0.2 2023  1 30 17 30 40.74000168  0.0   1
     2825  -1.6452020  101.1282227    1.94700    -1354.6     -502.4     -675.9      0.6      0.5      0.6 2023  2 18 22 35 10.69999981  0.0   1
     2826  -1.6384186  101.1438395    2.83906      382.7      247.6      216.1      0.4      0.3      0.2 2023  2 18 22 38 25.92000008  0.0   1
     2827  -1.6409776  101.1427246    2.67849      258.7      -35.3       55.5      0.4      0.3      0.2 2023  2 18 22 38 33.40000153  0.0   1
     2828  -1.6448689  101.1305664    2.19370    -1093.8     -465.6     -429.2      0.7      0.5      0.5 2023  2 18 22 39  5.48000002  0.0   1
     2829  -1.6468421  101.1359701    2.39879     -493.0     -683.8     -224.2      1.1      1.0      0.4 2023  2 26 15 14 57.77000046  0.0   1
     2830  -1.6464656  101.1326090    2.01339     -867.0     -642.1     -609.6      0.8      0.5      0.6 2023  2 27 22 34 11.93999958  0.0   1
     2831  -1.6427792  101.1524658    2.68555     1343.2     -234.5       62.6      0.8      1.0      0.5 2023  2 27 22 34 17.97999954  0.0   1
     2832  -1.6471143  101.1367350    2.24909     -407.8     -713.9     -373.9      1.0      0.7      0.9 2023  2 27 22 34 39.31999969  0.0   1
     2833  -1.6413083  101.1339844    2.78116     -713.3      -71.9      158.2      0.6      0.5      0.3 2023  2 27 22 34 42.22000122  0.0   1
     2834  -1.6404554  101.1395101    2.76373      -98.7       22.4      140.8      0.7      0.3      0.2 2023  3  8  4 53 44.11000061  0.0   1
     2835  -1.6395392  101.1365479    2.85093     -428.3      123.7      228.0      0.5      0.4      0.3 2023  3 12 23 29 24.12000084  0.0   1
     2836  -1.6408011  101.1366781    2.92102     -413.7      -15.8      298.1      0.4      0.3      0.1 2023  3 19 14 58 26.79999924  0.0   1
     2837  -1.6417248  101.1444499    2.85121      451.2     -117.9      228.3      0.5      0.3      0.3 2023  3 19 14 58 27.35000038  0.0   1
     2838  -1.6384537  101.1434001    2.92095      334.0      243.8      298.0      0.5      0.3      0.2 2023  3 19 14 58 41.38999939  0.0   1
     2839  -1.6434943  101.1436198    2.75159      358.2     -313.6      128.6      1.0      0.4      0.3 2023  3 19 14 59  5.11999989  0.0   1
     2840  -1.6412926  101.1427327    2.88180      259.9      -70.1      258.9      0.7      0.3      0.2 2023  3 19 15  0 56.34000015  0.0   1
     2841  -1.6396339  101.1466553    2.80185      696.0      113.3      178.9      0.3      0.3      0.2 2023  3 19 15  7 48.63000107  0.0   1
     2842  -1.6416439  101.1433757    2.75590      331.7     -109.0      133.0      0.5      0.3      0.2 2023  3 19 15  8  6.13999987  0.0   1
     2843  -1.6406083  101.1449951    2.76103      511.5        5.5      138.1      0.5      0.4      0.3 2023  3 19 15  8 45.77000046  0.0   1
     2844  -1.6415429  101.1450846    2.67468      521.5      -97.8       51.7      0.5      0.4      0.3 2023  3 19 15 10  1.89999998  0.0   1
     2845  -1.6419734  101.1412272    2.99703       92.7     -145.4      374.1      0.8      0.4      0.2 2023  3 19 15 10 17.05999947  0.0   1
     2846  -1.6413987  101.1341553    2.91240     -694.6      -81.9      289.5      0.6      0.6      0.3 2023  3 19 15 10 42.45999908  0.0   1
     2847  -1.6388391  101.1437907    3.38266      377.3      201.1      759.7      5.5      3.2      2.0 2023  3 19 15 12  7.92000008  0.0   1
     2848  -1.6374379  101.1450684    3.04742      519.8      356.1      424.5      1.1      0.8      0.5 2023  3 19 15 12 41.66999817  0.0   1
     2849  -1.6400622  101.1454346    2.94819      560.9       65.9      325.2      0.6      0.6      0.3 2023  3 19 15 13  3.02999997  0.0   1
     2850  -1.6471227  101.1348796    2.74032     -614.2     -714.8      117.4      2.1      1.3      1.2 2023  3 19 15 13 29.22999954  0.0   1
     2851  -1.6406796  101.1416097    2.89787      135.3       -2.4      274.9      0.9      0.3      0.2 2023  3 19 15 14 14.53999996  0.0   1
     2852  -1.6444710  101.1292806    2.10647    -1236.9     -421.6     -516.5      1.0      0.8      0.9 2023  3 19 15 14 23.75000000  0.0   1
     2853  -1.6399812  101.1427002    2.74020      256.6       74.9      117.3      0.6      0.3      0.2 2023  3 19 15 17  0.95999998  0.0   1
     2854  -1.6410613  101.1414307    2.75022      114.8      -44.6      127.3      0.6      0.4      0.3 2023  3 19 15 17 15.43000031  0.0   1
     2855  -1.6391871  101.1443197    2.94439      436.1      162.7      321.4      0.9      0.4      0.3 2023  3 19 15 17 23.26000023  0.0   1
     2856  -1.6431569  101.1408691    2.75759       52.3     -276.3      134.6      0.9      0.3      0.2 2023  3 19 15 17 27.55999947  0.0   1
     2857  -1.6392114  101.1489909    2.90843      956.6      160.0      285.5      0.4      0.5      0.3 2023  3 19 15 17 37.34000015  0.0   1
     2858  -1.6407223  101.1421387    2.87266      193.4       -7.1      249.7      0.7      0.3      0.2 2023  3 30 10 37 55.43000031  0.0   1
     2859  -1.6413502  101.1458496    2.72895      606.3      -76.5      106.0      0.4      0.3      0.2 2023  3 30 10 38 31.47999954  0.0   1
     2860  -1.6440174  101.1359619    2.89129     -493.3     -371.4      268.4      0.6      0.3      0.2 2023  3 30 10 38 50.88000107  0.0   1
     2861  -1.6428148  101.1428792    2.95951      276.1     -238.5      336.6      0.7      0.3      0.2 2023  3 30 10 38 55.63999939  0.0   1
     2862  -1.6413284  101.1427572    2.66499      263.0      -74.1       42.1      0.5      0.4      0.3 2023  3 30 10 39 42.11999893  0.0   1
     2863  -1.6407609  101.1362874    3.23052     -457.5      -11.4      607.6      0.7      0.5      0.3 2023  3 30 10 39 48.84999847  0.0   1
     2864  -1.6416743  101.1425863    2.82098      243.2     -112.4      198.0      0.6      0.2      0.2 2023  3 30 10 40  7.73999977  0.0   1
     2865  -1.6410945  101.1400553    2.88182      -37.7      -48.2      258.9      0.7      0.4      0.4 2023  3 30 10 40 14.48999977  0.0   1
     2866  -1.6386784  101.1361003    2.87053     -477.8      218.9      247.6      0.5      0.4      0.2 2023  3 30 10 40 28.92000008  0.0   1
     2867  -1.6402883  101.1408529    2.76864       51.1       40.9      145.7      0.5      0.3      0.2 2023  3 30 10 40 36.38999939  0.0   1
     2868  -1.6389098  101.1437419    2.74205      371.9      193.3      119.1      0.7      0.5      0.2 2023  3 30 10 40 42.43999863  0.0   1
     2869  -1.6491044  101.1404541    2.82024        6.1     -933.9      197.3      3.2      1.4      1.7 2023  3 30 10 41  9.31999969  0.0   1
     2870  -1.6418803  101.1424072    2.79501      223.9     -135.1      172.1      0.7      0.3      0.2 2023  3 30 10 41 20.13999939  0.0   1
     2871  -1.6458921  101.1383382    2.84797     -229.3     -578.7      225.0      0.8      0.3      0.4 2023  3 30 10 41 29.93000031  0.0   1
     2872  -1.6441165  101.1309489    2.48870    -1051.5     -382.4     -134.2      0.9      0.6      0.4 2023  3 30 10 42  3.19000006  0.0   1
     2873  -1.6418203  101.1443034    2.73745      435.0     -128.5      114.5      0.4      0.2      0.2 2023  3 30 10 42 11.61999989  0.0   1
     2874  -1.6425640  101.1407633    2.84013       41.1     -210.7      217.2      0.8      0.2      0.2 2023  3 30 10 45 34.45999908  0.0   1
     2875  -1.6397877  101.1376872    2.89747     -301.7       96.3      274.5      0.5      0.4      0.1 2023  3 30 10 49 11.32999992  0.0   1
     2877  -1.6383073  101.1475179    2.88764      792.7      259.9      264.7      0.3      0.4      0.2 2023  4  4 21 16 12.35999966  0.0   1
     2878  -1.6387717  101.1358236    3.03824     -508.9      208.6      415.3      0.6      0.5      0.3 2023  4  4 21 17 38.91999817  0.0   1
     2879  -1.6402879  101.1446370    2.70112      471.8       40.9       78.2      0.4      0.3      0.2 2023  4  4 21 19 37.68000031  0.0   1
     2880  -1.6396163  101.1503092    2.93249     1102.8      115.2      309.5      1.0      0.9      0.5 2023  4  4 21 20  7.90000010  0.0   1
     2881  -1.6390204  101.1446289    2.97202      471.0      181.1      349.1      0.5      0.4      0.3 2023  4  4 21 21 24.20000076  0.0   1
     2882  -1.6400358  101.1468994    2.56181      723.3       68.8      -61.1      0.8      0.3      0.3 2023  4  4 21 21 37.93999863  0.0   1
     2883  -1.6393172  101.1362630    2.82993     -460.0      148.3      207.0      0.7      0.5      0.2 2023  4  4 21 21 52.75999832  0.0   1
     2884  -1.6445655  101.1415771    2.55441      131.4     -432.0      -68.5      0.6      0.4      0.4 2023  4  4 21 21 54.95999908  0.0   1
     2885  -1.6388741  101.1530029    2.90506     1403.1      197.3      282.1      0.9      0.9      0.6 2023  4  4 21 22  3.64000010  0.0   1
     2886  -1.6437597  101.1410075    2.85190       67.5     -342.9      229.0      0.7      0.4      0.3 2023  4  7  6 28 12.28999996  0.0   1
     2889  -1.6029692  101.1294352    1.93437    -1220.1     4167.4     -688.6      2.5      2.1      1.1 2023  4 14  5 51 20.79999924  0.0   1
     2890  -1.6103480  101.1275146    2.17185    -1433.6     3351.5     -451.1      2.7      2.2      0.9 2023  4 14  5 51 25.79999924  0.0   1
     2893  -1.6384872  101.1444743    2.96270      453.6      240.1      339.8      0.3      0.2      0.2 2023  5 15 17 26 39.81999969  0.0   1
     2894  -1.6379040  101.1486165    2.93634      914.8      304.5      313.4      0.5      0.5      0.3 2023  5 15 17 32 30.39999962  0.0   1
     2895  -1.6444649  101.1397380    2.71759      -72.9     -420.9       94.6      1.2      0.5      0.3 2023  5 19 22 49 48.45999908  0.0   1
     2896  -1.6419876  101.1449544    2.81595      507.5     -147.0      193.0      0.5      0.4      0.3 2023  5 19 22 54 49.02000046  0.0   1
     2897  -1.6411415  101.1409505    2.84759       62.0      -53.4      224.6      1.0      0.4      0.3 2023  5 19 22 54 53.54000092  0.0   1
     2901  -1.6416136  101.1343994    2.72014     -667.6     -105.6       97.2      0.6      0.4      0.2 2023  5 27 15 42  8.60000038  0.0   1
     2903  -1.6432858  101.1391276    2.65989     -141.6     -290.5       36.9      1.0      0.6      0.3 2023  5 28 18 49 16.21999931  0.0   1
     2905  -1.6472425  101.1241374    1.72092    -1809.7     -728.1     -902.0      0.7      0.6      0.7 2023  6  6  1 40 44.04000092  0.0   1
     2906  -1.6411544  101.1322835    2.56722     -903.3      -54.9      -55.7      0.6      0.5      0.3 2023  6  6  1 42 24.76000023  0.0   1
     2907  -1.6396119  101.1359456    2.78734     -495.6      115.7      164.4      0.5      0.4      0.2 2023  6  6  1 48 22.26000023  0.0   1
     2908  -1.6410720  101.1447835    2.74159      488.2      -45.8      118.6      0.5      0.3      0.2 2023  6  6  1 48 43.06999969  0.0   1
     2909  -1.6428947  101.1480306    2.61263      849.0     -247.3      -10.3      0.4      0.3      0.3 2023  6  6  1 51 12.57999992  0.0   1
     2910  -1.6430224  101.1461914    2.66299      644.7     -261.4       40.0      0.8      0.4      0.4 2023  6  6  1 51 15.86999989  0.0   1
     2911  -1.6427284  101.1415853    2.86231      132.3     -228.9      239.4      0.6      0.2      0.2 2023  6  6  1 51 30.25000000  0.0   1
     2912  -1.6432568  101.1456055    2.93595      579.4     -287.3      313.0      0.6      0.3      0.3 2023  6  6  1 52 19.11000061  0.0   1
     2913  -1.6427205  101.1435954    2.89263      355.5     -228.0      269.7      0.7      0.4      0.3 2023  6  6  1 52 40.33000183  0.0   1
     2914  -1.6412449  101.1438151    2.94838      380.2      -64.9      325.4      0.7      0.3      0.3 2023  6  6  1 52 50.29999924  0.0   1
     2915  -1.6427709  101.1449463    2.77337      505.8     -233.6      150.4      0.6      0.4      0.3 2023  6  6  1 53 28.01000023  0.0   1
     2916  -1.6445278  101.1420329    2.85412      181.9     -427.9      231.2      0.6      0.2      0.3 2023  6  6  1 54  5.28999996  0.0   1
     2917  -1.6431403  101.1451742    2.82945      531.3     -274.5      206.5      0.5      0.3      0.2 2023  6  6  1 54 28.88999939  0.0   1
     2918  -1.6434036  101.1426758    2.88767      253.9     -303.6      264.7      0.8      0.3      0.2 2023  6  6  1 54 37.52999878  0.0   1
     2919  -1.6436864  101.1511719    2.73149     1199.3     -334.8      108.5      0.9      0.7      0.7 2023  6  6  1 54 44.18999863  0.0   1
     2921  -1.6468089  101.1269938    1.67260    -1491.8     -680.1     -950.3      0.7      0.6      0.7 2023  6  6  1 55 12.25000000  0.0   1
     2922  -1.6410905  101.1408040    2.90276       45.1      -47.8      279.8      1.2      0.3      0.3 2023  6  6  1 55 25.79999924  0.0   1
     2923  -1.6429373  101.1402344    2.65761      -18.3     -252.0       34.7      0.6      0.3      0.2 2023  6  6  1 55 44.54999924  0.0   1
     2924  -1.6401559  101.1455485    2.83122      573.5       55.5      208.3      0.5      0.3      0.3 2023  6  6  1 55 52.50999832  0.0   1
     2925  -1.6435365  101.1392904    2.85244     -123.3     -318.3      229.5      1.5      0.5      0.4 2023  6  6  1 56  1.14999998  0.0   1
     2926  -1.6432920  101.1431559    2.93695      307.1     -291.2      314.0      0.6      0.2      0.2 2023  6  6  1 56  8.31999969  0.0   1
     2927  -1.6525172  101.1312744    0.74703    -1014.7    -1311.3    -1875.9      0.8      0.8      0.9 2023  6  6  1 56 16.76000023  0.0   1
     2928  -1.6424582  101.1405273    2.79781       14.8     -199.0      174.9      0.7      0.3      0.2 2023  6  6  1 56 29.04999924  0.0   1
     2929  -1.6483069  101.1286865    1.75546    -1303.2     -845.7     -867.5      0.8      0.6      0.7 2023  6  6  1 56 36.79000092  0.0   1
     2930  -1.6414352  101.1453532    2.85229      551.4      -85.9      229.4      0.5      0.3      0.2 2023  6  6  1 57 14.22000027  0.0   1
     2931  -1.6423784  101.1440755    2.77738      409.4     -190.2      154.4      0.6      0.3      0.2 2023  6  6  1 57 25.55999947  0.0   1
     2932  -1.6407714  101.1396810    2.92142      -79.7      -12.5      298.5      1.2      0.3      0.3 2023  6  6  1 57 28.88999939  0.0   1
     2933  -1.6419828  101.1440755    2.67125      409.3     -146.5       48.3      0.4      0.2      0.2 2023  6  6  1 57 37.61999893  0.0   1
     2934  -1.6418360  101.1447021    3.01448      479.4     -130.2      391.5      0.6      0.4      0.3 2023  6  6  1 57 45.38000107  0.0   1
     2935  -1.6392048  101.1474040    2.86276      779.9      160.7      240.8      0.4      0.4      0.2 2023  6  6  1 58  3.48000002  0.0   1
     2936  -1.6402278  101.1433268    2.86778      325.7       47.6      244.8      0.6      0.4      0.2 2023  6  6  1 58 51.29000092  0.0   1
     2937  -1.6440894  101.1442627    2.71220      430.0     -379.4       89.3      0.5      0.3      0.3 2023  6  6  1 59  4.92000008  0.0   1
     2938  -1.6445409  101.1251058    1.69531    -1701.2     -429.3     -927.6      5.5      5.8      6.4 2023  6  6  2  0 18.29000092  0.0   1
     2939  -1.6427583  101.1433838    2.82642      332.5     -232.2      203.5      0.6      0.3      0.2 2023  6  6  2  0 50.33000183  0.0   1
     2940  -1.6426351  101.1432699    2.79810      319.5     -218.6      175.2      0.5      0.2      0.2 2023  6  6  2  1 17.14999962  0.0   1
     2941  -1.6433297  101.1435791    2.60316      354.1     -295.4      -19.8      0.6      0.2      0.3 2023  6  6  2  1 29.55999947  0.0   1
     2942  -1.6418044  101.1431803    2.72537      309.4     -126.7      102.4      0.4      0.3      0.2 2023  6  6  2  1 36.97999954  0.0   1
     2943  -1.6392487  101.1451823    2.61875      532.8      155.9       -3.2      0.4      0.3      0.2 2023  6  6  2  1 54.45999908  0.0   1
     2944  -1.6402355  101.1434814    2.89803      343.5       46.7      275.1      0.5      0.4      0.3 2023  6  6  2  2 19.39999962  0.0   1
     2945  -1.6463952  101.1349528    2.73236     -605.4     -634.4      109.4      2.4      0.9      1.2 2023  6  6  2  3 32.54000092  0.0   1
     2946  -1.6445936  101.1446696    2.61707      475.6     -435.1       -5.9      0.7      0.3      0.3 2023  6  6  2  5 16.29999924  0.0   1
     2947  -1.6333632  101.1533936    2.72638     1446.3      806.6      103.4      0.7      0.7      0.5 2023  6  6  2 11 56.61000061  0.0   1
     2948  -1.6410320  101.1433350    2.78005      326.7      -41.3      157.1      0.8      0.3      0.2 2023  6  6  2 57 14.14999962  0.0   1
     2949  -1.6409027  101.1436930    2.75802      366.3      -27.0      135.1      0.5      0.3      0.1 2023  6  6  2 57 29.37000084  0.0   1
     2950  -1.6402958  101.1488444    2.62840      940.2       40.1        5.5      0.4      0.4      0.3 2023  6  6  2 57 54.09999847  0.0   1
     2951  -1.6401623  101.1381266    2.72861     -252.3       54.8      105.7      1.2      0.5      0.4 2023  6  6  2 58  2.06999993  0.0   1
     2952  -1.6417577  101.1482096    1.99505      869.6     -121.6     -627.9      1.9      1.0      1.1 2023  6  6  2 58 17.95000076  0.0   1
     2953  -1.6459440  101.1352458    2.30968     -573.5     -584.5     -313.3      0.9      0.6      0.6 2023  6  6  2 58 41.36999893  0.0   1
     2954  -1.6418082  101.1470459    2.48580      740.3     -127.2     -137.1      0.5      0.3      0.3 2023  6  6  2 59 47.00999832  0.0   1
     2955  -1.6386007  101.1524333    3.04639     1339.2      227.5      423.4      0.9      0.9      0.5 2023  6  6 22 40 15.80000019  0.0   1
     2962  -1.6411040  101.1386475    2.66225     -194.3      -49.3       39.3      0.6      0.2      0.2 2023  7  4 19 19 48.45999908  0.0   1
     2967  -1.6457657  101.1261393    2.28382    -1586.4     -564.8     -339.1      0.8      0.7      0.8 2023  7 14 23 38 10.26000023  0.0   1
     2968  -1.6412711  101.1427165    2.88055      258.4      -67.8      257.6      0.7      0.4      0.4 2023  7 15  2  2 49.29000092  0.0   1
     2969  -1.6411074  101.1404134    2.83431        2.0      -49.7      211.4      0.8      0.2      0.2 2023  7 15  2  5 39.86000061  0.0   1
     2972  -1.6405688  101.1415853    2.90060      132.5        9.9      277.7      1.0      0.3      0.2 2023  7 15  9 27  6.65999985  0.0   1
     2973  -1.6412936  101.1432210    2.75737      314.0      -70.3      134.4      0.4      0.4      0.2 2023  7 15  9 29 55.13999939  0.0   1
     2974  -1.6413415  101.1432210    2.70364      314.3      -75.6       80.7      0.5      0.3      0.2 2023  7 15  9 30  2.75999999  0.0   1
     2975  -1.6416845  101.1421712    2.73398      197.7     -113.5      111.0      0.4      0.2      0.2 2023  7 15  9 30 27.43000031  0.0   1
     2976  -1.6412882  101.1433594    2.72816      329.8      -69.7      105.2      0.5      0.2      0.2 2023  7 15  9 31 39.70999908  0.0   1
     2977  -1.6336267  101.1224284    2.20910    -1999.7      777.5     -413.8      0.6      0.6      0.5 2023  7 17 15  4 33.40000153  0.0   1
     2978  -1.6407045  101.1434326    2.80148      338.0       -5.1      178.5      0.4      0.2      0.2 2023  7 19  2  5 31.29000092  0.0   1
     2979  -1.6396954  101.1419434    3.11606      172.0      106.5      493.1      0.8      0.3      0.3 2023  7 19  2 18 47.72999954  0.0   1
     2980  -1.6422540  101.1459880    2.81582      622.3     -176.5      192.9      0.7      0.4      0.5 2023  7 19  2 21  5.59999990  0.0   1
     2981  -1.6366629  101.1522054    2.94703     1313.6      441.8      324.1      1.2      1.0      1.1 2023  7 19  2 21  8.77999973  0.0   1
     2982  -1.6397306  101.1419189    2.95172      169.6      102.6      328.8      0.5      0.3      0.2 2023  7 19  2 59 40.54000092  0.0   1
     2983  -1.6419247  101.1439128    2.79760      390.8     -140.0      174.7      0.5      0.3      0.2 2023  7 19  3  0  3.86999989  0.0   1
     2984  -1.6408529  101.1475993    2.59099      801.6      -21.5      -32.0      0.9      0.6      0.5 2023  7 19  3  0 15.28999996  0.0   1
     2985  -1.6418399  101.1434977    2.68915      345.4     -130.7       66.2      0.5      0.3      0.2 2023  7 19  3  0 25.79000092  0.0   1
     2986  -1.6436859  101.1389648    2.79140     -159.7     -334.8      168.5      0.7      0.3      0.2 2023  7 19  3  1  0.31999999  0.0   1
     2987  -1.6453770  101.1436930    2.54550      366.9     -521.8      -77.4      0.7      0.4      0.3 2023  7 19  3  1 12.77000046  0.0   1
     2988  -1.6419281  101.1426025    2.63908      245.8     -140.4       16.1      0.3      0.3      0.2 2023  7 19  3  1 20.85000038  0.0   1
     2989  -1.6416547  101.1372640    2.91219     -348.7     -110.2      289.2      0.6      0.3      0.2 2023  7 19  3  1 31.04999924  0.0   1
     2990  -1.6398931  101.1463623    2.94131      663.7       84.6      318.4      0.4      0.4      0.3 2023  7 19  3  1 58.95000076  0.0   1
     2991  -1.6419928  101.1414714    2.96960      119.4     -147.6      346.7      0.8      0.3      0.2 2023  7 19  3  2 24.22999954  0.0   1
     2992  -1.6411789  101.1425944    2.70343      244.5      -57.6       80.5      0.6      0.3      0.2 2023  7 19  3  2 31.32999992  0.0   1
     2994  -1.6462072  101.1413330    2.40688      104.3     -613.6     -216.1      0.8      0.6      0.4 2023  7 19  3  3  5.17000008  0.0   1
     2995  -1.6423016  101.1408285    2.78047       48.1     -181.7      157.5      0.7      0.3      0.2 2023  7 19  3  3 49.45000076  0.0   1
     2996  -1.6414032  101.1443522    2.86216      439.9      -82.4      239.2      0.4      0.2      0.2 2023  7 19  3  4 25.73999977  0.0   1
     2997  -1.6427887  101.1401042    2.43221      -32.9     -235.6     -190.7      1.0      0.6      0.4 2023  7 19  3  4 42.90000153  0.0   1
     2998  -1.6399843  101.1395182    3.01693      -97.5       74.5      394.0      0.9      0.3      0.3 2023  7 19  3  4 47.33000183  0.0   1
     2999  -1.6419595  101.1420247    2.95408      180.9     -143.9      331.1      0.5      0.4      0.2 2023  7 19  3  5 55.38999939  0.0   1
     3000  -1.6395819  101.1452881    2.80851      544.3      119.0      185.6      0.4      0.3      0.2 2023  7 19  3  6 34.20999908  0.0   1
     3001  -1.6421638  101.1442057    2.67475      423.7     -166.5       51.8      0.7      0.3      0.2 2023  7 19  3  7 18.03000069  0.0   1
     3002  -1.6436817  101.1428141    2.71245      269.1     -334.3       89.5      0.4      0.2      0.3 2023  7 19  3  7 20.17000008  0.0   1
     3003  -1.6411978  101.1522868    2.49068     1323.3      -59.7     -132.3      1.0      0.9      0.8 2023  7 19  3  8 37.70999908  0.0   1
     3004  -1.6430756  101.1438314    2.78277      382.4     -267.3      159.8      0.8      0.5      0.3 2023  7 19  3 10 29.87999916  0.0   1
     3005  -1.6404353  101.1440267    2.84230      404.0       24.6      219.4      0.4      0.2      0.2 2023  7 19  3 11  7.88000011  0.0   1
     3006  -1.6365598  101.1474528    3.31267      785.6      453.2      689.7      1.2      1.2      0.8 2023  7 19  3 12 10.78999996  0.0   1
     3007  -1.6416490  101.1479167    2.66719      836.3     -109.6       44.2      0.5      0.4      0.4 2023  7 19  3 14 29.62999916  0.0   1
     3008  -1.6417670  101.1457601    2.42898      597.0     -122.6     -194.0      0.4      0.2      0.4 2023  7 19  3 14 38.36000061  0.0   1
     3009  -1.6394833  101.1418376    2.83330      160.1      129.9      210.4      0.5      0.3      0.3 2023  7 19  3 17 13.86999989  0.0   1
     3010  -1.6410165  101.1452311    2.81588      537.5      -39.6      192.9      0.4      0.2      0.2 2023  7 19  3 22  8.31999969  0.0   1
     3011  -1.6391020  101.1429118    2.85746      280.1      172.1      234.5      0.5      0.4      0.3 2023  7 19  3 23  0.50000000  0.0   1
     3012  -1.6411701  101.1433350    2.74370      326.6      -56.6      120.8      0.4      0.2      0.2 2023  7 19  3 23 19.36000061  0.0   1
     3013  -1.6415660  101.1423258    2.87461      215.0     -100.4      251.7      0.4      0.3      0.3 2023  7 19  3 23 22.77000046  0.0   1
     3014  -1.6373154  101.1390218    3.03177     -152.9      369.6      408.8      0.8      0.4      0.4 2023  7 19  3 23 38.40000153  0.0   1
     3015  -1.6413657  101.1444661    2.69838      453.2      -78.2       75.4      0.5      0.3      0.1 2023  7 19  3 24  8.73999977  0.0   1
     3016  -1.6399698  101.1415527    2.95201      128.5       76.1      329.1      0.6      0.2      0.2 2023  7 19  3 24 11.84000015  0.0   1
     3017  -1.6440172  101.1402913    2.74736      -12.1     -371.4      124.4      1.2      0.4      0.5 2023  7 19  3 24 18.10000038  0.0   1
     3018  -1.6415440  101.1430094    2.63875      290.8      -97.9       15.8      0.4      0.2      0.2 2023  7 19  3 26 25.94000053  0.0   1
     3019  -1.6439710  101.1360189    2.84244     -487.4     -366.3      219.5      0.9      0.3      0.3 2023  7 19  3 26 54.45000076  0.0   1
     3020  -1.6384221  101.1496012    2.84377     1024.3      247.3      220.8      0.4      0.4      0.3 2023  7 19  3 28  6.32000017  0.0   1
     3021  -1.6360238  101.1395833    3.13228      -90.6      512.4      509.3      1.5      1.0      0.7 2023  7 19  3 28 11.30000019  0.0   1
     3022  -1.6407162  101.1485189    2.62557      903.3       -6.4        2.6      0.6      0.3      0.4 2023  7 19  3 29  4.26999998  0.0   1
     3023  -1.6447342  101.1405762    2.54270       19.6     -450.7      -80.2      0.8      0.3      0.3 2023  7 19  3 30 50.99000168  0.0   1
     3024  -1.6476290  101.1415771    2.51555      131.1     -770.8     -107.4      1.3      0.4      0.6 2023  7 19  3 37 19.65999985  0.0   1
     3025  -1.6392279  101.1313232    2.73797    -1010.1      158.1      115.0      0.7      0.9      0.4 2023  7 19  3 39 24.28000069  0.0   1
     3026  -1.6442588  101.1471924    2.69245      756.5     -398.1       69.5      0.9      0.6      0.6 2023  7 19  3 48 22.11000061  0.0   1
     3027  -1.6414045  101.1423096    2.80951      212.8      -82.5      186.6      0.5      0.3      0.3 2023  7 19 19  1 51.08000183  0.0   1
     3028  -1.6418880  101.1414063    2.75985      111.9     -136.0      136.9      0.6      0.3      0.3 2023  7 20  1 15 46.22999954  0.0   1
     3029  -1.6406251  101.1412028    2.79667       89.8        3.7      173.7      0.7      0.3      0.3 2023  7 20  1 16 25.07999992  0.0   1
     3030  -1.6394679  101.1444743    2.97891      453.6      131.6      356.0      0.9      0.5      0.5 2023  7 20  1 18 27.22999954  0.0   1
     3031  -1.6418835  101.1418945    2.72378      166.8     -135.5      100.8      0.6      0.3      0.3 2023  7 20 16 59 18.79999924  0.0   1
     3032  -1.6396928  101.1433838    2.86875      332.3      106.7      245.8      0.6      0.5      0.4 2023  7 21  6 50 53.00999832  0.0   1
     3033  -1.6454231  101.1426595    2.62122      252.1     -526.9       -1.7      0.8      0.6      0.6 2023  7 21 12 31 45.83000183  0.0   1
     3034  -1.6449203  101.1433105    2.58394      324.3     -471.3      -39.0      0.6      0.3      0.4 2023  7 23  3 56 19.47999954  0.0   1
     3037  -1.6418854  101.1453369    2.69105      549.3     -135.7       68.1      0.4      0.3      0.4 2023  7 31 23 41 35.38000107  0.0   1
     3042  -1.6421178  101.1398112    2.92884      -65.2     -161.4      305.9      0.7      0.4      0.2 2023  8 25 22  0  2.96000004  0.0   1
     3043  -1.6410328  101.1441650    2.82377      419.3      -41.4      200.8      0.4      0.3      0.2 2023  8 25 22  1 20.63999939  0.0   1
     3044  -1.6493362  101.1360921    2.55905     -478.8     -959.6      -63.9      1.3      0.9      0.5 2023  8 25 22  1 29.57999992  0.0   1
     3045  -1.6416503  101.1434408    2.68248      338.5     -109.7       59.5      0.4      0.2      0.2 2023  8 25 22  1 39.70000076  0.0   1
     3046  -1.6396521  101.1340902    2.81094     -702.0      111.2      188.0      0.7      0.4      0.2 2023  8 25 22  2 23.94000053  0.0   1
     3047  -1.6413649  101.1431234    2.74689      303.2      -78.1      124.0      0.3      0.3      0.2 2023  8 25 22  2 28.13999939  0.0   1
     3048  -1.6412036  101.1525879    2.39367     1356.2      -60.3     -229.3      0.8      0.9      0.8 2023  8 25 22  2 42.25999832  0.0   1
     3049  -1.6409205  101.1438721    2.67660      386.6      -29.0       53.7      0.5      0.4      0.3 2023  8 25 22  2 51.50000000  0.0   1
     3050  -1.6416754  101.1441813    2.81515      420.8     -112.5      192.2      0.3      0.2      0.1 2023  8 25 22  2 58.43999863  0.0   1
     3051  -1.6396915  101.1508708    2.03702     1165.8      106.9     -585.9      0.9      0.5      0.5 2023  8 25 22  3 19.87999916  0.0   1
     3052  -1.6433963  101.1372396    2.81765     -351.8     -302.8      194.7      0.8      0.3      0.2 2023  8 25 22  3 24.92000008  0.0   1
     3054  -1.6437298  101.1402832    2.80264      -12.9     -339.6      179.7      0.8      0.3      0.3 2023  8 25 22  3 32.50000000  0.0   1
     3055  -1.6414563  101.1413737    2.86695      109.1      -88.3      244.0      0.9      0.4      0.2 2023  8 25 22  3 45.52000046  0.0   1
     3056  -1.6472692  101.1242187    2.06907    -1800.7     -731.0     -553.9      0.7      0.7      0.7 2023  8 25 22  4 22.10000038  0.0   1
     3057  -1.6418046  101.1445557    2.76662      462.6     -126.8      143.7      0.6      0.3      0.2 2023  8 25 22  4 39.36000061  0.0   1
     3058  -1.6426369  101.1442627    2.79905      430.3     -218.8      176.1      0.4      0.3      0.2 2023  8 25 22  4 42.74000168  0.0   1
     3059  -1.6384453  101.1485921    2.57917      911.8      244.7      -43.8      0.5      0.4      0.2 2023  8 25 22  5 22.65999985  0.0   1
     3060  -1.6396495  101.1564290    2.26954     1783.9      111.5     -353.4      0.7      0.9      0.6 2023  8 25 22  5 45.79999924  0.0   1
     3061  -1.6443091  101.1363118    2.65417     -454.2     -403.7       31.2      0.6      0.4      0.3 2023  8 25 22  7 34.09999847  0.0   1
     3062  -1.6427888  101.1416423    2.64965      138.5     -235.6       26.7      0.6      0.4      0.3 2023  8 25 22  9 17.42000008  0.0   1
     3063  -1.6430470  101.1451986    2.53458      533.9     -264.1      -88.4      0.6      0.3      0.3 2023  8 25 22  9 21.89999962  0.0   1
     3064  -1.6400542  101.1448161    3.00292      492.1       66.8      380.0      0.6      0.3      0.2 2023  8 25 22  9 33.65999985  0.0   1
     3065  -1.6317337  101.1671631    1.76753     2978.3      986.8     -855.4      1.4      1.6      2.2 2023  8 25 22  9 50.97999954  0.0   1
     3066  -1.6399473  101.1463786    2.69792      665.6       78.6       75.0      0.4      0.3      0.2 2023  8 25 22 11 54.90000153  0.0   1
     3067  -1.6404271  101.1518311    2.60552     1272.4       25.5      -17.4      0.5      0.6      0.3 2023  8 25 22 12 15.19999981  0.0   1
     3068  -1.6367776  101.1541585    2.40643     1531.3      429.1     -216.5      0.4      0.7      0.3 2023  8 25 22 14 11.64000034  0.0   1
     3069  -1.6387482  101.1475260    2.49623      793.4      211.2     -126.7      0.6      0.5      0.2 2023  8 28 21 39 39.09999847  0.0   1
     3070  -1.6443484  101.1331217    2.54033     -809.3     -408.0      -82.6      1.0      0.4      0.5 2023  8 28 22  8 57.27999878  0.0   1
     3071  -1.6417683  101.1393311    2.77316     -118.6     -122.7      150.2      0.6      0.3      0.3 2023  8 29 14 22 51.02999878  0.0   1
     3072  -1.6411549  101.1387777    2.93944     -179.9      -54.9      316.5      1.1      0.4      0.2 2023  8 29 18 13 50.74000168  0.0   1
     3074  -1.6425737  101.1362630    2.63667     -460.3     -211.8       13.7      0.7      0.4      0.3 2023  8 30  1 31 17.67000008  0.0   1
     3075  -1.6414579  101.1280518    1.98396    -1373.7      -88.4     -639.0      1.3      1.6      1.3 2023  8 30  5 46 14.44999981  0.0   1
     3076  -1.6394891  101.1476237    2.60034      803.9      129.3      -22.6      0.4      0.4      0.2 2023  8 30  5 46 27.07999992  0.0   1
     3077  -1.6423926  101.1467773    2.41090      710.2     -191.8     -212.0      0.3      0.4      0.2 2023  8 30  5 47  3.69000006  0.0   1
     3078  -1.6418120  101.1440348    2.90446      404.6     -127.6      281.5      0.9      0.5      0.4 2023  8 30  5 47  5.53999996  0.0   1
     3079  -1.6427113  101.1265299    2.15188    -1543.1     -227.0     -471.1      0.9      0.9      0.9 2023  8 30  5 47 14.06000042  0.0   1
     3080  -1.6377138  101.1538574    2.69551     1497.4      325.6       72.6      0.6      0.7      0.5 2023  8 30  5 47 22.72999954  0.0   1
     3081  -1.6392740  101.1483643    2.59607      886.5      153.1      -26.9      0.4      0.3      0.3 2023  8 30  5 47 28.44000053  0.0   1
     3083  -1.6409776  101.1279704    1.34458    -1383.2      -35.3    -1278.4      1.3      1.5      1.4 2023  8 30  5 47 51.20000076  0.0   1
     3084  -1.6434261  101.1429118    2.72433      280.1     -306.1      101.4      0.9      0.4      0.3 2023  8 30  5 50 22.00000000  0.0   1
     3085  -1.6415492  101.1410156    2.69323       69.0      -98.5       70.3      0.5      0.3      0.2 2023  8 30  5 50 28.25000000  0.0   1
     3086  -1.6426706  101.1491048    2.95347      968.6     -222.5      330.5      0.9      0.5      0.5 2023  8 30 14 17 58.83000183  0.0   1
     3087  -1.6452421  101.1392741    2.46690     -124.9     -506.9     -156.0      2.4      1.5      1.3 2023  8 30 14 22 58.09000015  0.0   1
     3088  -1.6417545  101.1418701    2.72499      163.5     -121.2      102.0      0.4      0.3      0.2 2023  8 30 14 35 52.65000153  0.0   1
     3094  -1.6433014  101.1375081    2.60753     -321.5     -292.3      -15.4      0.6      0.3      0.2 2023  9 13 15 18 58.20999908  0.0   1
     3095  -1.6392611  101.1490723    2.46107      965.7      154.5     -161.9      0.6      0.5      0.4 2023  9 14 16  1  7.05999994  0.0   1
     3096  -1.6382468  101.1480794    2.63312      854.9      266.6       10.2      0.4      0.6      0.2 2023  9 14 16  1 16.52000046  0.0   1
     3097  -1.6416143  101.1354085    2.78121     -554.7     -105.7      158.3      0.7      0.4      0.2 2023  9 14 16  1 24.82999992  0.0   1
     3098  -1.6407046  101.1374349    2.52138     -329.4       -5.1     -101.6      0.4      0.4      0.2 2023  9 14 16  3 59.18000031  0.0   1
     3099  -1.6382777  101.1482992    2.63668      879.5      263.2       13.7      0.5      0.5      0.3 2023  9 14 16  4  8.14000034  0.0   1
     3100  -1.6397470  101.1481608    3.03257      863.9      100.8      409.6      1.9      1.5      0.7 2023  9 14 16  7 36.65999985  0.0   1
     3101  -1.6395938  101.1428385    2.60911      271.6      117.7      -13.8      0.6      0.3      0.2 2023  9 14 16  7 43.02999878  0.0   1
     3102  -1.6446014  101.1269043    1.97895    -1501.1     -436.0     -644.0      0.9      1.2      0.8 2023  9 14 16 10 57.36000061  0.0   1
     3103  -1.6421254  101.1325602    2.83787     -872.1     -162.2      214.9      1.7      1.6      1.3 2023  9 14 16 11 12.31000042  0.0   1
     3104  -1.6399247  101.1457031    2.63519      590.1       81.1       12.2      0.5      0.4      0.2 2023  9 14 16 11 17.97999954  0.0   1
     3105  -1.6420247  101.1429036    2.84424      278.6     -151.1      221.3      0.5      0.2      0.2 2023  9 14 16 23 25.43000031  0.0   1
     3106  -1.6416566  101.1420003    2.73917      178.0     -110.4      116.2      0.4      0.3      0.2 2023  9 14 16 23 33.90000153  0.0   1
     3107  -1.6412800  101.1407389    2.91480       38.4      -68.8      291.9      0.8      0.4      0.3 2023  9 14 16 23 52.75999832  0.0   1
     3108  -1.6404733  101.1412109    2.75138       90.1       20.4      128.4      1.0      0.3      0.3 2023  9 14 16 23 59.08000183  0.0   1
     3109  -1.6419783  101.1401042    2.57016      -32.9     -146.0      -52.8      0.6      0.3      0.3 2023  9 14 16 24  4.69000006  0.0   1
     3110  -1.6419118  101.1418783    2.69675      164.9     -138.6       73.8      0.5      0.3      0.2 2023  9 14 16 24 13.52000046  0.0   1
     3111  -1.6419470  101.1432292    2.68986      314.9     -142.5       66.9      0.5      0.2      0.2 2023  9 14 16 24 25.40999985  0.0   1
     3112  -1.6401323  101.1464193    2.82290      669.7       58.2      200.0      0.3      0.4      0.2 2023  9 14 16 24 54.75000000  0.0   1
     3113  -1.6427953  101.1396159    2.82613      -86.6     -236.3      203.2      0.8      0.3      0.2 2023  9 14 16 24 59.38000107  0.0   1
     3114  -1.6410262  101.1452148    2.71467      536.4      -40.7       91.7      0.5      0.4      0.4 2023  9 14 16 25  6.48000002  0.0   1
     3115  -1.6405051  101.1461833    2.70762      643.6       16.9       84.7      0.4      0.3      0.3 2023  9 14 16 25 25.75000000  0.0   1
     3116  -1.6406400  101.1508708    2.45273     1165.7        2.0     -170.2      1.0      0.7      0.5 2023  9 14 16 25 28.45000076  0.0   1
     3117  -1.6491314  101.1269613    1.26162    -1495.3     -936.9    -1361.3      1.2      0.7      1.3 2023  9 14 16 25 34.34999847  0.0   1
     3118  -1.6464993  101.1361491    1.72938     -472.9     -645.9     -892.6      2.2      1.5      1.3 2023  9 14 16 25 42.66999817  0.0   1
     3119  -1.6401278  101.1375651    2.70580     -314.9       58.6       82.9      0.7      0.3      0.2 2023  9 14 16 25 48.11999893  0.0   1
     3120  -1.6421052  101.1380941    2.51471     -256.3     -160.0     -108.2      0.6      0.3      0.2 2023  9 14 16 25 56.81999969  0.0   1
     3121  -1.6408216  101.1436279    2.80420      359.7      -18.1      181.3      0.4      0.2      0.2 2023  9 14 16 26  2.75999999  0.0   1
     3122  -1.6413868  101.1430176    2.80787      291.8      -80.6      184.9      0.3      0.2      0.1 2023  9 14 16 26 23.64999962  0.0   1
     3123  -1.6404826  101.1433431    2.94195      327.7       19.4      319.0      0.8      0.3      0.2 2023  9 14 16 26 34.95999908  0.0   1
     3124  -1.6409035  101.1458577    2.82264      607.7      -27.1      199.7      0.4      0.3      0.2 2023  9 14 16 26 48.50000000  0.0   1
     3125  -1.6442356  101.1382813    2.54582     -235.8     -395.6      -77.1      1.3      0.6      0.6 2023  9 14 16 27  6.15000010  0.0   1
     3126  -1.6420558  101.1471924    2.57968      756.3     -154.5      -43.3      0.5      0.3      0.3 2023  9 14 16 27 14.25000000  0.0   1
     3127  -1.6409125  101.1440267    2.66322      404.0      -28.1       40.3      0.4      0.4      0.3 2023  9 14 16 27 17.69000053  0.0   1
     3128  -1.6387932  101.1457275    2.66014      593.1      206.2       37.2      0.3      0.3      0.2 2023  9 14 16 27 22.95999908  0.0   1
     3129  -1.6365538  101.1493245    2.62191      993.6      453.8       -1.0      0.8      0.8      0.5 2023  9 14 16 27 30.12000084  0.0   1
     3130  -1.6396825  101.1378255    3.03023     -285.8      107.9      407.3      0.7      0.3      0.3 2023  9 14 16 27 36.08000183  0.0   1
     3131  -1.6392064  101.1476400    2.71126      805.6      160.5       88.3      0.5      0.5      0.3 2023  9 14 16 28  5.15999985  0.0   1
     3132  -1.6421148  101.1449056    2.64129      501.6     -161.1       18.3      0.3      0.2      0.2 2023  9 14 16 28 10.97999954  0.0   1
     3133  -1.6411409  101.1380859    2.73421     -257.5      -53.4      111.3      0.8      0.4      0.2 2023  9 14 16 28 18.73999977  0.0   1
     3134  -1.6396423  101.1508382    2.19633     1162.0      112.3     -426.6      1.6      1.3      1.3 2023  9 14 16 28 27.96999931  0.0   1
     3135  -1.6430209  101.1461100    2.57952      635.4     -261.2      -43.4      0.4      0.3      0.2 2023  9 14 16 28 40.47999954  0.0   1
     3136  -1.6444875  101.1350749    2.42632     -592.0     -423.4     -196.6      0.7      0.4      0.3 2023  9 14 16 28 47.25999832  0.0   1
     3137  -1.6418231  101.1411540    2.79974       83.9     -128.8      176.8      0.7      0.4      0.3 2023  9 14 16 28 51.58000183  0.0   1
     3138  -1.6445330  101.1315511    2.30822     -984.6     -428.5     -314.7      1.0      0.5      0.7 2023  9 14 16 29 41.08000183  0.0   1
     3139  -1.6398184  101.1311930    2.33044    -1024.0       92.8     -292.5      1.3      1.6      1.5 2023  9 14 16 29 46.22999954  0.0   1
     3140  -1.6408291  101.1419922    2.83355      177.1      -18.9      210.6      0.5      0.3      0.2 2023  9 14 16 29 52.25999832  0.0   1
     3141  -1.6421359  101.1437337    2.77333      371.3     -163.4      150.4      0.3      0.3      0.2 2023  9 14 16 32  8.39999962  0.0   1
     3142  -1.6428818  101.1445882    2.58880      466.1     -245.9      -34.1      0.4      0.3      0.3 2023  9 14 16 32 17.73999977  0.0   1
     3143  -1.6382877  101.1553141    2.50164     1659.6      262.1     -120.3      0.6      0.7      0.5 2023  9 14 16 32 30.69000053  0.0   1
     3144  -1.6417141  101.1430583    2.78723      295.8     -116.8      164.3      0.4      0.3      0.2 2023  9 14 16 32 37.11000061  0.0   1
     3145  -1.6426483  101.1383545    2.91664     -227.1     -220.1      293.7      0.5      0.3      0.2 2023  9 14 16 32 59.11000061  0.0   1
     3146  -1.6393148  101.1485596    2.91689      908.3      148.5      293.9      0.5      0.5      0.3 2023  9 14 16 34 11.01000023  0.0   1
     3147  -1.6356412  101.1619466    2.11201     2397.5      554.7     -510.9      1.3      1.5      1.2 2023  9 14 16 34 40.43000031  0.0   1
     3148  -1.6414279  101.1493896    2.66651     1000.6      -85.1       43.6      0.4      0.4      0.4 2023  9 14 16 34 47.56999969  0.0   1
     3149  -1.6401196  101.1518717    2.63477     1277.3       59.6       11.8      0.6      0.7      0.5 2023  9 14 16 34 58.79000092  0.0   1
     3150  -1.6462749  101.1275472    2.04031    -1430.3     -621.1     -582.6      0.8      0.9      0.8 2023  9 14 16 36 23.40999985  0.0   1
     3151  -1.6438065  101.1306315    2.39951    -1086.6     -348.1     -223.4      1.0      0.6      0.6 2023  9 14 16 38 46.27000046  0.0   1
     3152  -1.6377613  101.1505371    2.91438     1127.9      320.3      291.4      0.4      0.5      0.2 2023  9 14 16 39 22.14999962  0.0   1
     3153  -1.6403028  101.1451660    2.73645      531.1       39.3      113.5      0.5      0.3      0.2 2023  9 14 16 40 10.57999992  0.0   1
     3154  -1.6396024  101.1339355    2.73502     -718.6      116.7      112.1      0.8      0.6      0.4 2023  9 14 16 40 29.72999954  0.0   1
     3155  -1.6424936  101.1435872    2.75842      354.9     -202.9      135.5      0.4      0.2      0.2 2023  9 14 16 42 57.52000046  0.0   1
     3156  -1.6420319  101.1439779    2.67501      398.4     -151.9       52.1      0.5      0.3      0.2 2023  9 14 16 43 40.40999985  0.0   1
     3157  -1.6417655  101.1405029    2.82003       11.7     -122.4      197.1      0.6      0.3      0.2 2023  9 14 16 48 22.35000038  0.0   1
     3158  -1.6403227  101.1355225    2.85604     -542.3       37.1      233.1      0.7      0.6      0.3 2023  9 14 16 48 45.50999832  0.0   1
     3160  -1.6415526  101.1481689    2.73076      864.7      -98.9      107.8      0.4      0.5      0.3 2023  9 14 16 56  2.07999992  0.0   1
     3161  -1.6422928  101.1433838    2.80036      332.2     -180.7      177.4      0.5      0.2      0.2 2023  9 14 17  0 13.88000011  0.0   1
     3162  -1.6396058  101.1523844    2.15854     1334.0      116.4     -464.4      2.2      1.8      2.0 2023  9 14 17 16  3.20000005  0.0   1
     3163  -1.6413727  101.1431071    2.79250      301.3      -79.0      169.6      0.4      0.2      0.2 2023  9 14 17 16 12.60000038  0.0   1
     3164  -1.6428335  101.1356689    2.73833     -526.6     -240.5      115.4      0.6      0.4      0.3 2023  9 14 17 16 20.60000038  0.0   1
     3165  -1.6414560  101.1397705    2.87590      -69.3      -88.2      253.0      1.0      0.4      0.3 2023  9 14 17 22 43.41999817  0.0   1
     3166  -1.6405950  101.1406901    2.90207       32.7        7.0      279.1      0.8      0.3      0.3 2023  9 14 17 23  1.67999995  0.0   1
     3167  -1.6429120  101.1432129    2.73886      313.0     -249.2      115.9      0.4      0.2      0.2 2023  9 14 17 23  3.44000006  0.0   1
     3168  -1.6406311  101.1391683    2.88900     -136.4        3.0      266.1      0.9      0.4      0.3 2023  9 14 17 23 38.47999954  0.0   1
     3169  -1.6415960  101.1362142    2.72580     -465.9     -103.7      102.9      0.6      0.4      0.2 2023  9 14 17 24 47.47999954  0.0   1
     3170  -1.6426673  101.1359049    2.45387     -499.8     -222.1     -169.1      0.7      0.3      0.3 2023  9 14 18  6 58.63999939  0.0   1
     3172  -1.6408817  101.1425618    2.73207      240.8      -24.7      109.1      0.7      0.4      0.3 2023  9 15 17 48 41.77999878  0.0   1
     3173  -1.6369977  101.1461019    2.97307      634.3      404.8      350.1      0.6      0.5      0.2 2023  9 15 17 50 48.40000153  0.0   1
     3174  -1.6383958  101.1508708    2.69467     1165.5      250.2       71.7      0.4      0.5      0.4 2023  9 15 17 51  9.39999962  0.0   1
     3175  -1.6412704  101.1436198    2.71583      358.6      -67.7       92.9      0.6      0.4      0.3 2023  9 18  5 36 41.97999954  0.0   1
     3176  -1.6398268  101.1420898    2.77300      188.5       91.9      150.1      0.5      0.3      0.2 2023  9 18 16 33 14.22000027  0.0   1
     3177  -1.6381555  101.1491536    2.89397      974.0      276.7      271.0      0.4      0.3      0.2 2023  9 19 22 37 53.88000107  0.0   1
     3178  -1.6397307  101.1420410    2.86626      182.8      102.6      243.3      0.4      0.2      0.2 2023  9 20 20 41 28.63999939  0.0   1
     3179  -1.6393314  101.1425944    2.85090      244.1      146.7      228.0      0.8      0.4      0.3 2023  9 21  3 26 18.59000015  0.0   1
     3180  -1.6383549  101.1430013    2.84922      290.1      254.7      226.3      1.4      0.4      0.3 2023  9 21  3 26 48.38999939  0.0   1
     3181  -1.6383172  101.1439860    2.90323      399.6      258.8      280.3      0.4      0.3      0.3 2023  9 21  3 26 59.63000107  0.0   1
     3182  -1.6443609  101.1340088    2.17204     -710.8     -409.4     -450.9      1.2      0.7      0.8 2023  9 21  3 27 59.75000000  0.0   1
     3183  -1.6413635  101.1441976    2.52716      422.6      -78.0      -95.8      0.4      0.2      0.3 2023  9 21  3 28  2.72000003  0.0   1
     3184  -1.6407300  101.1453044    2.74141      545.9       -7.9      118.5      0.3      0.2      0.2 2023  9 21  3 28 44.74000168  0.0   1
     3186  -1.6408586  101.1425781    3.02012      243.0      -22.2      397.2      0.7      0.4      0.3 2023  9 21  3 43  8.53999996  0.0   1
     3187  -1.6403156  101.1427409    2.82453      260.7       37.9      201.6      0.6      0.4      0.3 2023  9 21  3 43 36.95999908  0.0   1
     3188  -1.6420013  101.1392660    3.07181     -126.1     -148.5      448.9      1.4      0.5      0.4 2023  9 21  3 44 35.31000137  0.0   1
     3189  -1.6395008  101.1388102    2.87487     -176.4      128.0      251.9      0.7      0.4      0.3 2023  9 21  3 45  0.40000001  0.0   1
     3190  -1.6412375  101.1424398    2.66128      227.7      -64.1       38.3      0.4      0.3      0.3 2023  9 21  3 46 23.75000000  0.0   1
     3191  -1.6411897  101.1454997    2.67455      567.9      -58.8       51.6      0.3      0.3      0.3 2023  9 21  3 47 35.90000153  0.0   1
     3192  -1.6380428  101.1487712    2.74717      931.9      289.2      124.2      0.6      0.4      0.2 2023  9 21  3 47 45.47000122  0.0   1
     3193  -1.6403703  101.1443604    2.71406      441.0       31.8       91.1      0.4      0.3      0.2 2023  9 21  3 50 10.31999969  0.0   1
     3194  -1.6377841  101.1444987    2.95662      456.3      317.8      333.7      0.6      0.4      0.2 2023  9 21  3 51 53.75000000  0.0   1
     3195  -1.6422979  101.1411458    2.79330       83.6     -181.3      170.4      1.1      0.4      0.5 2023  9 21  3 54 41.15999985  0.0   1
     3196  -1.6370789  101.1503988    2.73147     1112.5      395.8      108.5      0.3      0.4      0.3 2023  9 21  3 54 56.18999863  0.0   1
     3197  -1.6393121  101.1444173    2.90305      447.1      148.8      280.1      0.4      0.3      0.2 2023  9 21  3 55  2.20000005  0.0   1
     3198  -1.6366704  101.1502767    2.75678     1099.4      440.9      133.8      0.4      0.4      0.2 2023  9 21  3 57 10.92000008  0.0   1
     3200  -1.6407116  101.1675212    1.86936     3017.8       -5.9     -753.6      0.7      0.8      0.9 2023  9 21 18  0 24.65999985  0.0   1
     3202  -1.6441188  101.1400146    2.76333      -42.5     -382.7      140.4      1.2      0.4      0.3 2023  9 21 18  2 53.29999924  0.0   1
     3203  -1.6407018  101.1449382    2.61167      505.0       -4.8      -11.3      0.3      0.2      0.2 2023  9 21 18  3  1.86000001  0.0   1
     3204  -1.6423496  101.1462565    2.62921      651.6     -187.0        6.3      0.5      0.3      0.3 2023  9 21 18  3  6.84000015  0.0   1
     3206  -1.6403940  101.1477702    2.84449      820.0       29.2      221.5      0.5      0.4      0.2 2023  9 21 18  3 58.45999908  0.0   1
     3207  -1.6378270  101.1581787    2.10138     1978.7      313.0     -521.6      0.8      1.7      0.7 2023  9 21 18  4  4.84000015  0.0   1
     3208  -1.6407548  101.1440674    2.67642      408.1      -10.7       53.5      0.4      0.3      0.2 2023  9 21 18  4  8.68000031  0.0   1
     3209  -1.6402648  101.1503337    2.68926     1106.1       43.5       66.3      0.8      0.6      0.4 2023  9 21 18  5 31.94000053  0.0   1
     3210  -1.6426385  101.1428955    2.65521      278.3     -219.0       32.3      0.7      0.5      0.3 2023  9 21 18  5 48.38000107  0.0   1
     3211  -1.6485751  101.1251953    1.98273    -1691.8     -875.4     -640.2      0.7      0.6      0.7 2023  9 21 18  6 39.50000000  0.0   1
     3212  -1.6417113  101.1428467    2.95672      272.9     -116.5      333.8      0.6      0.6      0.4 2023  9 21 18 40 21.60000038  0.0   1
     3213  -1.6425814  101.1413981    2.73511      111.3     -212.7      112.2      1.0      0.4      0.3 2023  9 28  7  5  1.83000004  0.0   1
     3214  -1.6386216  101.1462484    2.86529      651.5      225.2      242.3      0.6      0.3      0.2 2023  9 28  7 39  3.82999992  0.0   1
     3215  -1.6427565  101.1431641    2.71395      307.8     -232.0       91.0      0.4      0.3      0.2 2023  9 28  7 40  2.51999998  0.0   1
     3216  -1.6407791  101.1470459    2.58538      739.5      -13.4      -37.6      0.4      0.3      0.2 2023  9 28  7 55 56.93999863  0.0   1
     3217  -1.6418925  101.1425374    2.74268      237.8     -136.5      119.7      0.3      0.2      0.1 2023  9 28  7 56  5.48999977  0.0   1
     3218  -1.6419751  101.1441895    2.71878      421.6     -145.6       95.8      0.4      0.2      0.1 2023  9 28  7 56 11.47999954  0.0   1
     3219  -1.6391260  101.1422607    3.04638      207.7      169.4      423.4      0.6      0.3      0.2 2023  9 28  7 57 46.27000046  0.0   1
     3220  -1.6420077  101.1436442    2.63256      361.0     -149.2        9.6      0.4      0.3      0.2 2023  9 28  7 59 35.90000153  0.0   1
     3221  -1.6421621  101.1388184    2.55079     -175.4     -166.3      -71.1      0.9      0.5      0.4 2023  9 28  8  1 35.72000122  0.0   1
     3222  -1.6398408  101.1473226    2.62661      770.3       90.4        3.7      0.4      0.3      0.2 2023  9 28  8  2  3.35999990  0.0   1
     3223  -1.6414138  101.1432048    2.77043      312.2      -83.5      147.5      0.4      0.2      0.2 2023  9 28  8  2 40.31000137  0.0   1
     3224  -1.6408630  101.1467855    2.58826      710.8      -22.6      -34.7      0.2      0.3      0.2 2023  9 28  8  7 49.70999908  0.0   1
     3225  -1.6410108  101.1439616    2.76426      397.0      -39.0      141.3      0.4      0.3      0.2 2023  9 28  8 13  6.84000015  0.0   1
     3226  -1.6397330  101.1463379    2.72818      660.7      102.3      105.2      0.3      0.3      0.2 2023  9 28  8 15 50.84999847  0.0   1
     3227  -1.6400412  101.1457845    2.62632      599.4       68.2        3.4      0.5      0.4      0.3 2023  9 28  8 15 58.18999863  0.0   1
     3228  -1.6441958  101.1444010    2.69448      445.1     -391.2       71.5      0.5      0.3      0.2 2023  9 28  8 17  0.49000001  0.0   1
     3229  -1.6409968  101.1436523    2.70824      362.2      -37.4       85.3      0.4      0.2      0.2 2023  9 28  8 17 24.29000092  0.0   1
     3230  -1.6401703  101.1448975    2.81470      500.8       53.9      191.8      0.4      0.2      0.1 2023  9 28  8 19 49.29999924  0.0   1
     3231  -1.6421439  101.1395345    2.73330      -96.2     -164.3      110.4      0.6      0.2      0.2 2023  9 28  8 20 55.52000046  0.0   1
     3232  -1.6408964  101.1441569    2.78625      418.2      -26.3      163.3      0.3      0.3      0.2 2023  9 28  8 26 42.88000107  0.0   1
     3233  -1.6422526  101.1449707    2.72426      508.6     -176.3      101.3      0.3      0.2      0.2 2023  9 28  8 26 46.84000015  0.0   1
     3234  -1.6420434  101.1438883    2.79687      388.7     -153.2      173.9      0.6      0.3      0.3 2023  9 28  8 27  2.09999990  0.0   1
     3235  -1.6418156  101.1428548    2.63238      273.5     -128.0        9.4      0.5      0.3      0.2 2023  9 28  8 29 31.02000046  0.0   1
     3236  -1.6410128  101.1404134    2.76916        1.9      -39.2      146.2      0.7      0.3      0.2 2023  9 28  8 33 52.38000107  0.0   1
     3237  -1.6417033  101.1427816    2.73180      265.1     -115.6      108.9      0.6      0.3      0.2 2023  9 28  8 34 52.70000076  0.0   1
     3238  -1.6414710  101.1438477    2.79799      383.8      -89.9      175.0      0.5      0.2      0.2 2023  9 28  8 35 23.65999985  0.0   1
     3239  -1.6401461  101.1451253    2.67194      525.9       56.6       49.0      0.3      0.2      0.2 2023  9 28  8 35 37.04000092  0.0   1
     3240  -1.6419638  101.1413411    2.78872      104.9     -144.4      165.8      1.2      0.3      0.2 2023  9 28  8 36  6.26000023  0.0   1
     3241  -1.6411121  101.1431396    2.71274      305.6      -50.2       89.8      0.4      0.4      0.2 2023  9 28  8 36  9.26000023  0.0   1
     3242  -1.6430433  101.1456543    2.73259      585.1     -263.7      109.6      0.4      0.2      0.2 2023  9 28  8 36 18.69000053  0.0   1
     3243  -1.6418280  101.1394694    2.88323     -103.0     -129.4      260.3      0.6      0.3      0.2 2023  9 28  8 36 33.70999908  0.0   1
     3244  -1.6418120  101.1430257    2.73593      292.6     -127.6      113.0      0.5      0.3      0.2 2023  9 28  8 36 39.86999893  0.0   1
     3245  -1.6434844  101.1439535    2.52851      395.9     -312.5      -94.4      0.8      0.4      0.3 2023  9 28  8 37 37.74000168  0.0   1
     3246  -1.6417241  101.1432048    2.79712      312.3     -117.9      174.2      0.5      0.2      0.2 2023  9 28  8 37 40.75999832  0.0   1
     3247  -1.6413596  101.1437012    2.84849      367.5      -77.6      225.5      0.3      0.2      0.2 2023  9 28  8 38  9.71000004  0.0   1
     3248  -1.6414183  101.1435303    2.73453      349.0      -84.1      111.6      0.4      0.3      0.2 2023  9 28  8 39  3.31999993  0.0   1
     3249  -1.6422204  101.1437826    2.78898      377.1     -172.7      166.0      0.5      0.3      0.2 2023  9 28  8 39 16.25000000  0.0   1
     3250  -1.6432045  101.1389974    2.74747     -155.4     -281.6      124.5      0.9      0.4      0.3 2023  9 28  8 39 29.69000053  0.0   1
     3251  -1.6419726  101.1427979    2.84466      267.4     -145.3      221.7      0.5      0.4      0.3 2023  9 28  8 40 15.93999958  0.0   1
     3252  -1.6413588  101.1439453    2.75211      394.4      -77.5      129.2      0.3      0.2      0.2 2023  9 28  8 40 38.47999954  0.0   1
     3253  -1.6423443  101.1431966    2.73937      311.3     -186.4      116.4      0.5      0.3      0.2 2023  9 28  8 40 41.38000107  0.0   1
     3254  -1.6420603  101.1447591    2.83938      485.5     -155.0      216.4      0.3      0.4      0.3 2023  9 28  8 41  2.16000009  0.0   1
     3255  -1.6419608  101.1464437    2.63468      672.6     -144.0       11.7      0.4      0.3      0.2 2023  9 28  8 41 20.87999916  0.0   1
     3256  -1.6420396  101.1425700    2.77829      241.9     -152.7      155.3      0.6      0.4      0.3 2023  9 28  8 41 55.04999924  0.0   1
     3257  -1.6414270  101.1478597    2.78921      830.3      -85.0      166.3      0.5      0.4      0.3 2023  9 28  8 42 14.56999969  0.0   1
     3258  -1.6393494  101.1417969    2.83144      155.4      144.7      208.5      0.7      0.4      0.2 2023  9 28  8 42 19.54999924  0.0   1
     3259  -1.6439849  101.1457357    2.58234      594.2     -367.8      -40.6      0.6      0.4      0.3 2023  9 28  8 43 54.72999954  0.0   1
     3260  -1.6422933  101.1429850    2.68830      288.3     -180.8       65.4      0.5      0.3      0.2 2023  9 28  8 44 16.90999985  0.0   1
     3261  -1.6415662  101.1426432    2.89870      249.6     -100.4      275.8      0.7      0.3      0.3 2023  9 28  8 44 28.37999916  0.0   1
     3262  -1.6415866  101.1430501    2.85285      295.3     -102.6      229.9      0.6      0.2      0.2 2023  9 28  8 47 19.86000061  0.0   1
     3263  -1.6413380  101.1435872    2.72109      354.6      -75.2       98.1      0.4      0.3      0.2 2023  9 28  8 47 33.06999969  0.0   1
     3264  -1.6453698  101.1429932    2.57199      288.8     -521.0      -51.0      0.8      0.3      0.3 2023  9 28  8 51 42.25999832  0.0   1
     3265  -1.6422221  101.1391195    2.83857     -142.6     -172.9      215.6      0.6      0.3      0.3 2023  9 28  8 59 46.52999878  0.0   1
     3266  -1.6419821  101.1423910    2.70358      221.7     -146.4       80.6      0.5      0.2      0.1 2023  9 28  9  4 21.27000046  0.0   1
     3267  -1.6418098  101.1414632    2.78564      118.4     -127.3      162.7      1.1      0.3      0.2 2023  9 28  9  5 15.84000015  0.0   1
     3268  -1.6419908  101.1430420    2.78517      294.2     -147.4      162.2      0.3      0.2      0.2 2023  9 28  9 10 20.37000084  0.0   1
     3269  -1.6460931  101.1404541    2.56904        6.2     -601.0      -53.9      2.1      0.4      0.4 2023  9 28  9 17 17.36000061  0.0   1
     3270  -1.6403271  101.1430094    2.80863      290.9       36.6      185.7      0.6      0.4      0.2 2023 10  5  7 35 44.90999985  0.0   1
     3271  -1.6109880  101.1295817    2.40319    -1203.1     3280.7     -219.8      0.5      0.6      0.4 2023 10  8  0 46  1.73000002  0.0   1
     3272  -1.6124699  101.1274740    2.31020    -1437.8     3116.9     -312.7      0.5      0.6      0.4 2023 10  8  0 46 50.84000015  0.0   1
     3273  -1.6383129  101.1438232    2.93923      380.9      259.3      316.3      0.5      0.3      0.2 2023 10  9 12  0 57.20999908  0.0   1
     3274  -1.6380408  101.1532715    2.61302     1432.2      289.4       -9.9      0.5      0.7      0.3 2023 10  9 13 10 28.75000000  0.0   1
     3275  -1.6431478  101.1476562    2.30224      807.9     -275.3     -320.7      1.0      0.6      0.6 2023 10 10  8 52 47.47999954  0.0   1
     3276  -1.6411491  101.1469238    2.85376      726.3      -54.3      230.8      0.4      0.3      0.2 2023 10 12  2  8 51.72999954  0.0   1
     3277  -1.6427397  101.1414795    2.52162      120.1     -230.2     -101.3      0.7      0.5      0.6 2023 10 12  2 25 53.88999939  0.0   1
     3278  -1.6464605  101.1446940    2.43067      477.8     -641.6     -192.3      1.3      1.0      0.6 2023 10 12  2 26 44.36999893  0.0   1
     3279  -1.6437948  101.1399089    2.76693      -54.3     -346.8      144.0      0.8      0.4      0.3 2023 10 12  7 33 35.72000122  0.0   1
     3280  -1.6396852  101.1414388    2.85807      115.9      107.6      235.1      1.0      0.4      0.3 2023 10 12  7 35 26.72999954  0.0   1
     3281  -1.6385534  101.1455404    2.91115      572.0      232.7      288.2      0.5      0.4      0.3 2023 10 12  7 44 21.15999985  0.0   1
     3282  -1.6423865  101.1414144    2.70672      112.7     -191.1       83.8      0.9      0.4      0.4 2023 10 14  8 24 30.54000092  0.0   1
     3283  -1.6442586  101.1433838    2.63737      332.2     -398.1       14.4      0.6      0.4      0.2 2023 10 14 10 32 46.22999954  0.0   1
     3284  -1.6422587  101.1424479    2.77646      227.9     -177.0      153.5      1.2      0.4      0.3 2023 10 14 16 31 41.02000046  0.0   1
     3285  -1.6425771  101.1394287    2.71950     -107.6     -212.2       96.6      0.9      0.4      0.3 2023 10 17  8 13 56.77000046  0.0   1
     3286  -1.6451682  101.1352946    2.78615     -567.4     -498.7      163.2      0.9      0.5      0.5 2023 10 17  9  1 32.40999985  0.0   1
     3288  -1.6430773  101.1507731    3.01876     1154.6     -267.5      395.8      1.1      1.2      0.9 2023 10 18 14 21 34.95000076  0.0   1
