     2719  -1.6418247  101.1459473    2.82013      617.8     -129.0      197.2      3.2      2.9      2.0 2023  1  3  3 43 21.02000046  0.0   1
     2720  -1.6379205  101.1478434    3.01746      828.8      302.7      394.5      3.9      2.8      2.2 2023  1  3  3 52  5.73000002  0.0   1
     2721  -1.6362668  101.1508626    2.69021     1164.3      485.6       67.3      5.0      5.0      3.3 2023  1  3  3 52 21.03000069  0.0   1
     2722  -1.6424760  101.1375407    2.74826     -318.0     -201.0      125.3      4.1      2.0      1.2 2023  1  3  3 52 34.75000000  0.0   1
     2723  -1.6400416  101.1447184    2.81833      480.8       68.2      195.4      2.5      1.9      1.4 2023  1  3  4  2 20.45000076  0.0   1
     2724  -1.6397224  101.1457113    2.90738      591.5      103.5      284.4      2.7      2.2      1.7 2023  1  4 20 11 39.40000153  0.0   1
     2725  -1.6409538  101.1431315    2.88334      304.4      -32.7      260.4      4.1      2.9      2.0 2023  1  4 20 16 15.53999996  0.0   1
     2726  -1.6452304  101.1409831    2.61124       65.0     -505.6      -11.7      7.2      2.8      2.6 2023  1  4 20 17  9.68000031  0.0   1
     2727  -1.6495040  101.1279297    1.80943    -1387.0     -978.1     -813.5     23.1     19.2     23.9 2023  1  4 20 18 22.71999931  0.0   1
     2729  -1.6459497  101.1392985    2.77885     -122.2     -585.1      155.9      6.0      2.5      2.2 2023  1 11 13 28 50.43999863  0.0   1
     2734  -1.6413601  101.1462321    2.99858      649.4      -77.6      375.6      4.6      2.8      2.5 2023  1 20 18 30  0.36000001  0.0   1
     2735  -1.6441550  101.1391602    2.99081     -138.0     -386.7      367.9      4.0      1.8      1.1 2023  1 20 19 10 25.45999908  0.0   1
     2736  -1.6416494  101.1446370    2.62887      471.4     -109.6        5.9      2.6      1.7      1.7 2023  1 20 19 10 36.45999908  0.0   1
     2737  -1.6419895  101.1431478    2.60136      306.4     -147.2      -21.6      3.1      1.5      1.1 2023  1 20 19 11 19.44000053  0.0   1
     2738  -1.6409370  101.1409342    3.02563       60.2      -30.8      402.7      3.7      2.3      1.4 2023  1 20 19 11 38.47999954  0.0   1
     2739  -1.6394352  101.1429932    2.86888      288.9      135.2      245.9      3.8      2.5      1.8 2023  1 20 19 11 46.86000061  0.0   1
     2740  -1.6409594  101.1425618    2.67484      240.8      -33.3       51.9      3.0      1.8      1.5 2023  1 20 19 12  2.07999992  0.0   1
     2741  -1.6416097  101.1440837    2.87249      409.9     -105.2      249.5      3.3      1.6      0.9 2023  1 20 19 12 14.30000019  0.0   1
     2742  -1.6454985  101.1370524    2.63256     -372.0     -535.2        9.6      4.0      3.2      2.6 2023  1 20 19 12 27.89999962  0.0   1
     2743  -1.6407753  101.1434001    2.76863      333.9      -13.0      145.7      2.9      2.1      1.6 2023  1 20 19 12 41.43999863  0.0   1
     2744  -1.6391544  101.1428223    3.13810      269.5      166.3      515.2      5.4      3.5      1.8 2023  1 20 19 12 45.20000076  0.0   1
     2745  -1.6419448  101.1422607    2.96845      207.4     -142.3      345.5      4.4      2.0      1.2 2023  1 20 19 12 58.77999878  0.0   1
     2746  -1.6427385  101.1430908    2.90706      299.7     -230.0      284.1      3.5      2.1      1.6 2023  1 20 19 13  8.81999969  0.0   1
     2747  -1.6454805  101.1434733    2.55652      342.7     -533.2      -66.4      3.2      1.3      1.4 2023  1 20 19 13 21.52000046  0.0   1
     2748  -1.6391070  101.1409342    3.10382       60.2      171.5      480.9      8.0      4.6      2.2 2023  1 20 19 13 50.47999954  0.0   1
     2749  -1.6413423  101.1305990    2.46996    -1090.1      -75.6     -153.0      6.1      4.9      4.5 2023  1 20 19 13 59.40000153  0.0   1
     2750  -1.6400237  101.1358236    2.82084     -509.0       70.2      197.9      4.1      3.7      2.0 2023  1 20 19 14 14.26000023  0.0   1
     2751  -1.6418663  101.1443034    2.92556      435.0     -133.6      302.6      3.6      2.3      1.3 2023  1 20 19 14 47.25999832  0.0   1
     2752  -1.6424755  101.1467855    2.72913      710.7     -200.9      106.2      4.1      2.9      2.5 2023  1 20 19 14 50.77999878  0.0   1
     2753  -1.6426542  101.1384359    2.89975     -218.2     -220.7      276.8      8.1      2.6      2.6 2023  1 20 19 15  4.05999994  0.0   1
     2754  -1.6415805  101.1440837    2.72475      410.0     -102.0      101.8      2.0      1.4      1.0 2023  1 20 19 15 37.75999832  0.0   1
     2755  -1.6410277  101.1432129    2.75860      313.6      -40.9      135.7      2.2      1.9      1.5 2023  1 20 19 15 47.91999817  0.0   1
     2756  -1.6409125  101.1429036    2.79030      279.0      -28.1      167.4      2.6      1.7      1.4 2023  1 20 19 16  4.34000015  0.0   1
     2757  -1.6428308  101.1383057    2.77738     -232.3     -240.2      154.4      5.0      2.5      2.1 2023  1 20 19 16 23.39999962  0.0   1
     2758  -1.6381927  101.1462728    2.86958      654.2      272.6      246.6      3.9      2.7      2.7 2023  1 20 19 16 33.02000046  0.0   1
     2759  -1.6409604  101.1448568    2.78342      496.1      -33.4      160.5      2.6      1.7      1.2 2023  1 20 19 16 54.11999893  0.0   1
     2760  -1.6414710  101.1486003    2.73872      912.3      -89.9      115.8      3.8      2.0      2.1 2023  1 20 19 17 18.65999985  0.0   1
     2761  -1.6412187  101.1424316    2.79534      226.8      -62.0      172.4      2.3      1.7      1.2 2023  1 20 19 17 23.44000053  0.0   1
     2762  -1.6418453  101.1429199    2.74047      281.1     -131.3      117.5      2.0      1.0      1.1 2023  1 20 19 17 53.41999817  0.0   1
     2763  -1.6451911  101.1215902    1.86283    -2092.9     -501.2     -760.1      5.0      5.5      5.9 2023  1 20 19 17 59.56000137  0.0   1
     2764  -1.6373491  101.1491048    2.96449      969.0      365.9      341.5      4.8      3.3      2.4 2023  1 20 19 18 19.47999954  0.0   1
     2765  -1.6434397  101.1459554    2.93665      618.8     -307.6      313.7      3.3      2.4      2.0 2023  1 20 19 18 31.20000076  0.0   1
     2766  -1.6441565  101.1385010    2.70514     -210.9     -386.8       82.2      5.9      2.4      2.4 2023  1 20 19 18 39.00000000  0.0   1
     2767  -1.6415389  101.1406657    2.89526       30.3      -97.4      272.3      3.2      2.1      1.5 2023  1 20 19 20 12.10000038  0.0   1
     2768  -1.6423136  101.1369303    2.73004     -385.4     -183.0      107.1      4.2      2.2      1.5 2023  1 20 19 20 39.81999969  0.0   1
     2769  -1.6425280  101.1429769    2.88876      287.3     -206.7      265.8     10.4      2.3      2.5 2023  1 20 19 21  7.40000010  0.0   1
     2770  -1.6421659  101.1399414    2.91446      -50.9     -166.7      291.5      5.2      1.9      1.5 2023  1 20 19 21 18.81999969  0.0   1
     2771  -1.6410391  101.1518962    2.54229     1279.2      -42.1      -80.7      3.6      3.7      2.7 2023  1 20 19 21 59.91999817  0.0   1
     2772  -1.6425448  101.1445719    3.02040      464.9     -208.6      397.5      3.1      2.0      1.8 2023  1 20 19 22 12.19999981  0.0   1
     2773  -1.6389534  101.1540853    2.37007     1522.7      188.5     -252.9      5.8      5.2      5.2 2023  1 20 19 22 39.93999863  0.0   1
     2774  -1.6433112  101.1399577    3.06493      -49.3     -293.4      442.0      4.7      2.0      1.5 2023  1 20 19 22 45.40000153  0.0   1
     2775  -1.6449926  101.1357585    2.80348     -516.5     -479.3      180.5      4.3      2.3      1.5 2023  1 20 19 23  1.05999994  0.0   1
     2776  -1.6461109  101.1424642    2.36314      229.9     -602.9     -259.8      2.2      1.3      1.6 2023  1 20 19 23  6.86000013  0.0   1
     2777  -1.6414209  101.1391602    2.77407     -137.2      -84.3      151.1      5.3      2.1      1.4 2023  1 20 19 24 26.95999908  0.0   1
     2778  -1.6462774  101.1252848    2.56543    -1682.0     -621.3      -57.5      5.1      3.6      4.3 2023  1 20 19 24 30.94000053  0.0   1
     2779  -1.6458941  101.1362630    2.60714     -460.4     -579.0      -15.8      4.6      2.7      1.9 2023  1 20 19 24 45.20000076  0.0   1
     2780  -1.6480632  101.1337402    2.34986     -740.4     -818.8     -273.1      7.7      3.7      4.0 2023  1 20 19 24 52.18000031  0.0   1
     2782  -1.6399681  101.1520345    2.62802     1295.2       76.3        5.1      4.0      3.5      2.5 2023  1 20 19 25 16.07999992  0.0   1
     2783  -1.6499285  101.1329915    1.48850     -824.4    -1025.1    -1134.4      7.2      4.2      6.5 2023  1 20 19 26 19.50000000  0.0   1
     2784  -1.6375156  101.1562337    2.73094     1762.6      347.5      108.0      8.2      8.9      6.8 2023  1 20 19 26 40.24000168  0.0   1
     2785  -1.6456257  101.1461589    2.92285      640.9     -549.3      299.9      4.2      3.0      3.4 2023  1 20 19 26 53.72000122  0.0   1
     2786  -1.6415833  101.1442057    2.63795      424.1     -102.3       15.0      2.3      1.5      1.7 2023  1 20 19 28  3.14000010  0.0   1
     2787  -1.6432309  101.1395101    2.68171      -98.8     -284.5       58.8      2.3      1.5      1.2 2023  1 20 19 28 27.34000015  0.0   1
     2788  -1.6413363  101.1438477    2.84088      383.7      -75.0      217.9      2.9      1.8      1.5 2023  1 20 19 28 29.31999969  0.0   1
     2789  -1.6410659  101.1438232    2.66248      381.0      -45.1       39.5      3.3      1.8      1.5 2023  1 20 19 28 39.91999817  0.0   1
     2790  -1.6456496  101.1422526    2.78037      206.5     -551.9      157.4      6.5      2.4      2.3 2023  1 20 19 29 12.73999977  0.0   1
     2791  -1.6434130  101.1418294    2.84755      159.4     -304.6      224.6      2.9      2.3      1.9 2023  1 20 19 29 38.18000031  0.0   1
     2792  -1.6418875  101.1447428    2.78764      483.4     -135.9      164.7      3.4      2.5      1.9 2023  1 20 19 30 28.65999985  0.0   1
     2793  -1.6415574  101.1420654    2.75886      185.3      -99.4      135.9      2.7      2.0      1.4 2023  1 20 19 30 43.77999878  0.0   1
     2794  -1.6452872  101.1324544    2.52915     -883.8     -511.8      -93.8      5.5      3.5      3.9 2023  1 20 19 30 58.61999893  0.0   1
     2795  -1.6354085  101.1572754    2.15864     1878.3      580.5     -464.3      8.2      9.4      7.9 2023  1 20 19 31  4.38000011  0.0   1
     2796  -1.6424558  101.1478597    2.55128      830.0     -198.8      -71.7      3.7      2.7      1.8 2023  1 20 19 31  9.84000015  0.0   1
     2797  -1.6420934  101.1430176    2.89494      291.5     -158.7      272.0      2.0      1.6      1.3 2023  1 20 19 31 49.70000076  0.0   1
     2798  -1.6421481  101.1487223    2.78180      926.4     -164.7      158.9      3.2      2.2      1.6 2023  1 20 19 32  3.83999991  0.0   1
     2799  -1.6422335  101.1436930    2.77216      366.3     -174.2      149.2      5.9      3.0      3.0 2023  1 20 19 32  9.02000046  0.0   1
     2800  -1.6414539  101.1415365    2.91203      127.2      -88.0      289.1      1.9      0.8      0.8 2023  1 20 19 32 20.89999962  0.0   1
     2801  -1.6424603  101.1405273    2.76377       14.6     -199.3      140.8      4.3      1.8      1.5 2023  1 20 19 32 52.88000107  0.0   1
     2802  -1.6418496  101.1434896    2.72945      344.5     -131.7      106.5      2.0      1.8      1.5 2023  1 20 19 32 59.25999832  0.0   1
     2803  -1.6426178  101.1414063    2.94236      112.3     -216.7      319.4      3.4      2.4      1.4 2023  1 20 19 33  9.80000019  0.0   1
     2804  -1.6431051  101.1379069    2.73240     -277.2     -270.6      109.5      5.5      2.4      1.7 2023  1 20 19 33 34.56000137  0.0   1
     2805  -1.6416423  101.1500732    2.84824     1076.5     -108.8      225.3      2.4      3.3      1.9 2023  1 20 19 33 48.00000000  0.0   1
     2806  -1.6432242  101.1384033    2.87712     -221.6     -283.7      254.2      3.8      2.1      1.0 2023  1 20 19 33 53.97999954  0.0   1
     2807  -1.6404497  101.1474691    2.70828      787.3       23.1       85.3      2.5      1.7      1.4 2023  1 20 19 34 15.69999981  0.0   1
     2808  -1.6460102  101.1234212    1.36052    -1888.5     -591.8    -1262.4      6.2      4.5      7.0 2023  1 20 19 34 33.22000122  0.0   1
     2809  -1.6445058  101.1351156    2.63005     -587.3     -425.5        7.1      4.2      2.6      1.9 2023  1 20 19 34 48.20000076  0.0   1
     2810  -1.6416704  101.1428955    2.61476      277.6     -111.9       -8.2      2.8      2.3      1.7 2023  1 20 19 34 58.11999893  0.0   1
     2811  -1.6425715  101.1469401    2.97911      727.8     -211.6      356.2      4.1      2.4      1.8 2023  1 20 19 35 21.10000038  0.0   1
     2812  -1.6414791  101.1418538    2.92257      161.8      -90.8      299.6      3.3      1.7      1.2 2023  1 20 19 35 48.25999832  0.0   1
     2813  -1.6415863  101.1449544    2.76834      507.3     -102.6      145.4      2.5      1.4      1.1 2023  1 20 19 36 32.65999985  0.0   1
     2814  -1.6436390  101.1445964    2.87795      467.2     -329.6      255.0      2.4      1.7      1.2 2023  1 20 19 36 50.90000153  0.0   1
     2815  -1.6415712  101.1423014    2.79218      211.8     -101.0      169.2      2.6      2.0      1.6 2023  1 20 19 43 50.43999863  0.0   1
     2816  -1.6422451  101.1425537    2.91496      240.4     -175.5      292.0      2.9      2.4      1.8 2023  1 20 19 43 54.97999954  0.0   1
     2817  -1.6409401  101.1441081    2.73130      413.4      -31.2      108.4      2.4      1.8      1.4 2023  1 20 19 49 56.54000092  0.0   1
     2818  -1.6420240  101.1447835    2.89723      488.2     -151.0      274.3      4.6      3.1      1.7 2023  1 20 19 53 30.76000023  0.0   1
     2819  -1.6413082  101.1435628    2.80799      352.3      -71.9      185.0      3.1      1.7      0.9 2023  1 20 19 57 15.27999973  0.0   1
     2820  -1.6419774  101.1434977    2.61284      344.8     -145.9      -10.1      2.8      1.5      1.4 2023  1 20 19 57 23.65999985  0.0   1
     2821  -1.6403590  101.1436279    2.76754      359.1       33.1      144.6      3.5      1.7      1.4 2023  1 20 20 23  4.65999985  0.0   1
     2822  -1.6413855  101.1406087    2.80728       23.3      -80.4      184.3      4.2      2.8      2.7 2023  1 21  1 56 37.25000000  0.0   1
     2823  -1.6393113  101.1483154    2.83576      881.5      148.9      212.8      2.9      2.8      1.6 2023  1 30 17 30  4.76000023  0.0   1
     2824  -1.6418945  101.1400146    2.79606      -42.4     -136.7      173.1      4.9      2.0      1.6 2023  1 30 17 30 40.74000168  0.0   1
     2825  -1.6452536  101.1282633    1.94578    -1350.1     -508.1     -677.2      4.2      3.2      3.7 2023  2 18 22 35 10.69999981  0.0   1
     2826  -1.6385451  101.1438232    2.83706      381.3      233.7      214.1      3.0      2.0      1.6 2023  2 18 22 38 25.92000008  0.0   1
     2827  -1.6409662  101.1420654    2.67847      185.4      -34.1       55.5      4.2      2.9      2.2 2023  2 18 22 38 33.40000153  0.0   1
     2828  -1.6449974  101.1306722    2.20311    -1082.1     -479.8     -419.8      4.5      3.0      3.2 2023  2 18 22 39  5.48000002  0.0   1
     2829  -1.6469971  101.1363118    2.39474     -454.6     -700.9     -228.2      5.4      3.0      2.4 2023  2 26 15 14 57.77000046  0.0   1
     2830  -1.6465165  101.1326090    2.01961     -866.7     -647.8     -603.3      4.8      3.1      3.3 2023  2 27 22 34 11.93999958  0.0   1
     2831  -1.6423559  101.1525309    2.69119     1349.8     -187.7       68.2      4.1      4.2      2.8 2023  2 27 22 34 17.97999954  0.0   1
     2832  -1.6472790  101.1371094    2.22753     -366.2     -732.1     -395.4      7.0      2.6      3.6 2023  2 27 22 34 39.31999969  0.0   1
     2833  -1.6417081  101.1347575    2.76952     -627.1     -116.1      146.6      5.8      3.1      2.1 2023  2 27 22 34 42.22000122  0.0   1
     2834  -1.6405079  101.1396973    2.75635      -77.9       16.6      133.4      2.6      1.2      1.2 2023  3  8  4 53 44.11000061  0.0   1
     2835  -1.6397298  101.1368490    2.84748     -394.9      102.7      224.5      4.3      2.3      1.4 2023  3 12 23 29 24.12000084  0.0   1
     2836  -1.6409187  101.1370117    2.92026     -376.8      -28.8      297.3      4.1      2.2      1.4 2023  3 19 14 58 26.79999924  0.0   1
     2837  -1.6418652  101.1446452    2.84426      472.9     -133.5      221.3      3.2      1.5      1.4 2023  3 19 14 58 27.35000038  0.0   1
     2838  -1.6386197  101.1436198    2.91720      358.8      225.4      294.3      4.3      2.3      1.5 2023  3 19 14 58 41.38999939  0.0   1
     2839  -1.6431555  101.1423340    2.76701      215.7     -276.1      144.1      4.5      1.7      1.7 2023  3 19 14 59  5.11999989  0.0   1
     2840  -1.6413774  101.1432617    2.87624      319.1      -79.5      253.3      4.0      1.8      1.4 2023  3 19 15  0 56.34000015  0.0   1
     2841  -1.6399375  101.1463135    2.79732      658.5       79.7      174.4      4.1      2.7      1.7 2023  3 19 15  7 48.63000107  0.0   1
     2842  -1.6413375  101.1434408    2.76791      339.1      -75.1      145.0      2.7      1.9      1.4 2023  3 19 15  8  6.13999987  0.0   1
     2843  -1.6409766  101.1456217    2.73715      581.6      -35.2      114.2      3.3      1.8      1.9 2023  3 19 15  8 45.77000046  0.0   1
     2844  -1.6419231  101.1451172    2.65653      524.9     -139.9       33.6      2.7      2.0      1.5 2023  3 19 15 10  1.89999998  0.0   1
     2845  -1.6419643  101.1410156    3.00088       68.5     -144.4      377.9      4.1      2.2      1.3 2023  3 19 15 10 17.05999947  0.0   1
     2846  -1.6419149  101.1344727    2.90102     -659.4     -139.0      278.1      5.8      5.1      2.9 2023  3 19 15 10 42.45999908  0.0   1
     2847  -1.6390765  101.1399251    3.25532      -52.4      174.9      632.4      6.5      2.8      1.8 2023  3 19 15 12  7.92000008  0.0   1
     2848  -1.6378993  101.1454020    3.03294      556.7      305.1      410.0      4.2      3.9      2.0 2023  3 19 15 12 41.66999817  0.0   1
     2849  -1.6398722  101.1454997    2.95337      568.0       86.9      330.4      3.9      3.2      1.6 2023  3 19 15 13  3.02999997  0.0   1
     2850  -1.6457615  101.1343750    2.68794     -669.7     -564.3       65.0      4.9      3.2      2.4 2023  3 19 15 13 29.22999954  0.0   1
     2851  -1.6408170  101.1418457    2.89128      161.3      -17.6      268.3      5.2      2.3      1.4 2023  3 19 15 14 14.53999996  0.0   1
     2852  -1.6444909  101.1292887    2.10940    -1236.5     -423.8     -513.5      4.6      3.5      3.7 2023  3 19 15 14 23.75000000  0.0   1
     2853  -1.6401513  101.1432210    2.73239      313.8       56.0      109.4      2.9      2.1      1.0 2023  3 19 15 17  0.95999998  0.0   1
     2854  -1.6411316  101.1419678    2.73328      174.8      -52.3      110.3      4.0      1.9      2.1 2023  3 19 15 17 15.43000031  0.0   1
     2855  -1.6393766  101.1435221    2.95673      347.9      141.7      333.8      5.6      2.9      2.3 2023  3 19 15 17 23.26000023  0.0   1
     2856  -1.6430642  101.1400879    2.75797      -34.1     -266.1      135.0      6.9      2.4      1.4 2023  3 19 15 17 27.55999947  0.0   1
     2857  -1.6398643  101.1489746    2.88576      954.5       87.8      262.8      2.4      3.0      2.0 2023  3 19 15 17 37.34000015  0.0   1
     2858  -1.6408736  101.1430257    2.86140      292.1      -23.8      238.5      4.6      2.3      1.8 2023  3 30 10 37 55.43000031  0.0   1
     2859  -1.6411547  101.1463623    2.73378      663.5      -54.9      110.8      3.3      2.1      1.2 2023  3 30 10 38 31.47999954  0.0   1
     2860  -1.6441021  101.1364746    2.89012     -436.9     -380.8      267.2      4.0      1.9      1.5 2023  3 30 10 38 50.88000107  0.0   1
     2861  -1.6426270  101.1430908    2.96641      299.9     -217.7      343.5      4.9      1.6      1.3 2023  3 30 10 38 55.63999939  0.0   1
     2862  -1.6418397  101.1430257    2.63231      292.8     -130.7        9.4      3.1      2.9      2.2 2023  3 30 10 39 42.11999893  0.0   1
     2863  -1.6407225  101.1362142    3.23324     -465.1       -7.1      610.3      5.7      3.0      2.5 2023  3 30 10 39 48.84999847  0.0   1
     2864  -1.6419440  101.1427327    2.80048      259.8     -142.2      177.5      2.1      2.1      1.5 2023  3 30 10 40  7.73999977  0.0   1
     2865  -1.6414700  101.1398356    2.85997      -62.3      -89.8      237.0      3.5      2.1      2.1 2023  3 30 10 40 14.48999977  0.0   1
     2866  -1.6388866  101.1362793    2.86404     -458.5      195.9      241.1      4.8      2.6      1.5 2023  3 30 10 40 28.92000008  0.0   1
     2867  -1.6404251  101.1408691    2.76441       52.6       25.8      141.5      3.8      2.4      1.6 2023  3 30 10 40 36.38999939  0.0   1
     2868  -1.6387685  101.1439372    2.73870      394.4      209.0      115.8      2.7      2.0      1.1 2023  3 30 10 40 42.43999863  0.0   1
     2869  -1.6457753  101.1335612    2.74420     -760.4     -565.8      121.3      7.3      3.5      2.8 2023  3 30 10 41  9.31999969  0.0   1
     2870  -1.6415955  101.1419678    2.80240      174.8     -103.6      179.5      4.5      1.6      1.4 2023  3 30 10 41 20.13999939  0.0   1
     2871  -1.6459085  101.1384766    2.84452     -214.1     -580.5      221.6      4.7      1.8      1.6 2023  3 30 10 41 29.93000031  0.0   1
     2872  -1.6446067  101.1316406    2.47177     -974.1     -436.6     -151.2      4.6      3.4      3.3 2023  3 30 10 42  3.19000006  0.0   1
     2873  -1.6417666  101.1444499    2.73552      451.2     -122.6      112.6      1.9      1.8      1.3 2023  3 30 10 42 11.61999989  0.0   1
     2874  -1.6424744  101.1407715    2.84395       41.2     -200.8      221.0      4.2      2.0      1.4 2023  3 30 10 45 34.45999908  0.0   1
     2875  -1.6400518  101.1379069    2.89118     -277.0       67.0      268.2      4.1      3.5      1.6 2023  3 30 10 49 11.32999992  0.0   1
     2877  -1.6387009  101.1473226    2.87773      771.0      216.4      254.8      3.6      2.5      1.5 2023  4  4 21 16 12.35999966  0.0   1
     2878  -1.6386648  101.1359782    3.03467     -491.7      220.4      411.7      4.7      4.2      2.6 2023  4  4 21 17 38.91999817  0.0   1
     2879  -1.6401944  101.1445557    2.69997      462.8       51.3       77.0      2.4      1.7      1.3 2023  4  4 21 19 37.68000031  0.0   1
     2880  -1.6399685  101.1495199    2.91078     1015.2       76.3      287.8      5.4      4.2      3.3 2023  4  4 21 20  7.90000010  0.0   1
     2881  -1.6392691  101.1451009    2.94764      523.4      153.6      324.7      3.0      2.5      2.5 2023  4  4 21 21 24.20000076  0.0   1
     2882  -1.6400669  101.1467285    2.56165      704.8       65.4      -61.3      3.2      1.6      1.4 2023  4  4 21 21 37.93999863  0.0   1
     2883  -1.6398083  101.1368652    2.82433     -392.9       94.0      201.4      6.3      3.4      2.9 2023  4  4 21 21 52.75999832  0.0   1
     2884  -1.6445602  101.1415609    2.57522      129.9     -431.5      -47.7      3.4      1.6      1.7 2023  4  4 21 21 54.95999908  0.0   1
     2885  -1.6395016  101.1522705    2.89023     1320.9      127.9      267.3      5.6      5.5      4.0 2023  4  4 21 22  3.64000010  0.0   1
     2886  -1.6439423  101.1410889    2.83736       77.1     -363.1      214.4      3.9      2.2      1.9 2023  4  7  6 28 12.28999996  0.0   1
     2889  -1.6015237  101.1253906    1.90552    -1669.6     4327.2     -717.4      7.7      6.6      5.1 2023  4 14  5 51 20.79999924  0.0   1
     2890  -1.6064545  101.1241292    2.15317    -1810.1     3782.0     -469.8      7.9      8.5      4.9 2023  4 14  5 51 25.79999924  0.0   1
     2893  -1.6385483  101.1443685    2.95840      442.1      233.3      335.5      3.5      2.2      2.0 2023  5 15 17 26 39.81999969  0.0   1
     2894  -1.6382512  101.1486735    2.91384      920.8      266.1      290.9      3.6      3.3      3.1 2023  5 15 17 32 30.39999962  0.0   1
     2895  -1.6444206  101.1400553    2.70305      -38.3     -416.0       80.1      4.7      3.2      2.7 2023  5 19 22 49 48.45999908  0.0   1
     2896  -1.6423422  101.1451416    2.80300      527.6     -186.2      180.1      5.0      2.9      1.6 2023  5 19 22 54 49.02000046  0.0   1
     2897  -1.6410029  101.1395182    2.85002      -97.5      -38.1      227.1      6.8      2.6      1.5 2023  5 19 22 54 53.54000092  0.0   1
     2901  -1.6416551  101.1348796    2.71783     -614.1     -110.2       94.9      4.5      2.6      1.8 2023  5 27 15 42  8.60000038  0.0   1
     2903  -1.6431778  101.1388753    2.65975     -168.9     -278.6       36.8      5.1      4.0      3.1 2023  5 28 18 49 16.21999931  0.0   1
     2905  -1.6473888  101.1240234    1.71985    -1821.9     -744.2     -903.1      5.3      4.5      5.5 2023  6  6  1 40 44.04000092  0.0   1
     2906  -1.6415428  101.1329264    2.56194     -831.5      -97.8      -61.0      4.4      3.3      2.2 2023  6  6  1 42 24.76000023  0.0   1
     2907  -1.6399408  101.1367432    2.77719     -406.7       79.3      154.2      6.7      3.2      1.9 2023  6  6  1 48 22.26000023  0.0   1
     2908  -1.6410854  101.1447266    2.74297      481.6      -47.2      120.0      3.1      1.4      1.5 2023  6  6  1 48 43.06999969  0.0   1
     2909  -1.6428366  101.1475098    2.63386      791.5     -240.9       10.9      3.2      1.9      1.8 2023  6  6  1 51 12.57999992  0.0   1
     2910  -1.6429454  101.1457601    2.68201      596.5     -252.9       59.1      3.3      1.9      2.3 2023  6  6  1 51 15.86999989  0.0   1
     2911  -1.6426079  101.1417806    2.86666      153.8     -215.6      243.7      3.6      1.7      1.3 2023  6  6  1 51 30.25000000  0.0   1
     2912  -1.6432554  101.1454671    2.93963      563.7     -287.2      316.7      3.0      1.4      1.7 2023  6  6  1 52 19.11000061  0.0   1
     2913  -1.6424281  101.1432617    2.91620      318.4     -195.7      293.3      4.3      1.8      1.7 2023  6  6  1 52 40.33000183  0.0   1
     2914  -1.6411653  101.1437256    2.94787      370.5      -56.1      324.9      2.8      2.2      2.1 2023  6  6  1 52 50.29999924  0.0   1
     2915  -1.6425063  101.1445150    2.80174      457.9     -204.4      178.8      4.7      2.3      2.2 2023  6  6  1 53 28.01000023  0.0   1
     2916  -1.6445272  101.1420736    2.84902      186.4     -427.8      226.1      4.1      1.8      1.8 2023  6  6  1 54  5.28999996  0.0   1
     2917  -1.6432275  101.1453125    2.81735      547.2     -284.1      194.4      2.5      1.7      1.4 2023  6  6  1 54 28.88999939  0.0   1
     2918  -1.6435174  101.1423340    2.88566      215.2     -316.2      262.7      4.1      1.9      1.4 2023  6  6  1 54 37.52999878  0.0   1
     2919  -1.6434863  101.1509033    2.73126     1169.0     -312.7      108.3      3.2      2.8      2.4 2023  6  6  1 54 44.18999863  0.0   1
     2921  -1.6470573  101.1270182    1.65057    -1488.5     -707.6     -972.4      5.0      4.0      5.0 2023  6  6  1 55 12.25000000  0.0   1
     2922  -1.6412365  101.1420654    2.89240      185.9      -63.9      269.5      4.8      2.1      1.7 2023  6  6  1 55 25.79999924  0.0   1
     2923  -1.6430272  101.1405924    2.65662       21.5     -262.0       33.7      4.0      1.6      1.1 2023  6  6  1 55 44.54999924  0.0   1
     2924  -1.6402396  101.1456787    2.82880      587.8       46.3      205.9      3.1      2.1      1.4 2023  6  6  1 55 52.50999832  0.0   1
     2925  -1.6435066  101.1390218    2.84870     -153.5     -315.0      225.8      7.4      2.3      2.1 2023  6  6  1 56  1.14999998  0.0   1
     2926  -1.6431969  101.1424561    2.95654      229.2     -280.7      333.6      6.3      2.4      1.9 2023  6  6  1 56  8.31999969  0.0   1
     2927  -1.6517607  101.1298991    0.80411    -1168.5    -1227.6    -1818.8      6.6      4.6      6.5 2023  6  6  1 56 16.76000023  0.0   1
     2928  -1.6424714  101.1412354    2.80000       92.9     -200.5      177.1      4.2      1.4      1.2 2023  6  6  1 56 29.04999924  0.0   1
     2929  -1.6482234  101.1286377    1.79005    -1308.2     -836.5     -832.9      5.4      3.5      4.8 2023  6  6  1 56 36.79000092  0.0   1
     2930  -1.6412858  101.1451253    2.86203      526.3      -69.4      239.1      3.3      1.7      1.3 2023  6  6  1 57 14.22000027  0.0   1
     2931  -1.6422756  101.1433512    2.78626      328.7     -178.8      163.3      3.5      1.7      1.3 2023  6  6  1 57 25.55999947  0.0   1
     2932  -1.6408438  101.1393473    2.91084     -116.5      -20.5      287.9      4.6      2.0      1.7 2023  6  6  1 57 28.88999939  0.0   1
     2933  -1.6420180  101.1435872    2.67056      355.1     -150.4       47.6      2.5      1.4      1.6 2023  6  6  1 57 37.61999893  0.0   1
     2934  -1.6421112  101.1438965    3.01551      389.5     -160.7      392.6      2.9      1.9      1.7 2023  6  6  1 57 45.38000107  0.0   1
     2935  -1.6390896  101.1480062    2.85768      846.5      173.4      235.7      2.3      1.9      1.4 2023  6  6  1 58  3.48000002  0.0   1
     2936  -1.6403275  101.1430257    2.86132      292.9       36.6      238.4      5.8      3.2      1.9 2023  6  6  1 58 51.29000092  0.0   1
     2937  -1.6440380  101.1446452    2.70935      472.4     -373.7       86.4      2.8      1.4      1.2 2023  6  6  1 59  4.92000008  0.0   1
     2938  -1.6426863  101.1253581    1.70178    -1673.9     -224.3     -921.2     20.2     21.2     23.4 2023  6  6  2  0 18.29000092  0.0   1
     2939  -1.6423822  101.1438558    2.84301      384.4     -190.6      220.1      3.5      2.5      1.4 2023  6  6  2  0 50.33000183  0.0   1
     2940  -1.6426985  101.1430745    2.79736      298.3     -225.6      174.4      3.4      1.2      1.3 2023  6  6  2  1 17.14999962  0.0   1
     2941  -1.6436340  101.1435059    2.58732      346.0     -329.1      -35.6      4.6      3.6      3.1 2023  6  6  2  1 29.55999947  0.0   1
     2942  -1.6415970  101.1432780    2.73580      320.4     -103.8      112.9      2.7      1.5      1.2 2023  6  6  2  1 36.97999954  0.0   1
     2943  -1.6395562  101.1453044    2.60090      546.0      121.8      -21.0      3.8      2.5      1.8 2023  6  6  2  1 54.45999908  0.0   1
     2944  -1.6401310  101.1431966    2.90564      311.9       58.3      282.7      2.7      1.2      1.1 2023  6  6  2  2 19.39999962  0.0   1
     2945  -1.6463285  101.1411947    2.75909       89.0     -627.0      136.1      7.6      1.7      1.9 2023  6  6  2  3 32.54000092  0.0   1
     2946  -1.6445142  101.1444987    2.62736      456.5     -426.4        4.4      2.7      2.1      1.6 2023  6  6  2  5 16.29999924  0.0   1
     2947  -1.6340452  101.1533936    2.72228     1446.0      731.2       99.3      6.9      7.8      5.2 2023  6  6  2 11 56.61000061  0.0   1
     2948  -1.6412843  101.1438070    2.77425      379.4      -69.2      151.3      3.0      1.6      1.3 2023  6  6  2 57 14.14999962  0.0   1
     2949  -1.6410650  101.1437581    2.75189      373.7      -45.0      129.0      2.9      1.7      1.2 2023  6  6  2 57 29.37000084  0.0   1
     2950  -1.6401798  101.1487630    2.63174      930.8       52.9        8.8      2.4      2.1      1.5 2023  6  6  2 57 54.09999847  0.0   1
     2951  -1.6397947  101.1376709    2.70829     -303.4       95.5       85.3      4.8      2.8      1.9 2023  6  6  2 58  2.06999993  0.0   1
     2952  -1.6417566  101.1500732    1.94550     1076.8     -121.5     -677.4      8.5      5.7      6.5 2023  6  6  2 58 17.95000076  0.0   1
     2953  -1.6458600  101.1349691    2.31130     -604.0     -575.2     -311.6      4.8      2.7      3.0 2023  6  6  2 58 41.36999893  0.0   1
     2954  -1.6420508  101.1470785    2.47512      743.9     -154.0     -147.8      2.8      2.1      1.9 2023  6  6  2 59 47.00999832  0.0   1
     2955  -1.6386127  101.1520101    3.04442     1292.3      226.2      421.5      6.1      6.0      4.5 2023  6  6 22 40 15.80000019  0.0   1
     2962  -1.6410450  101.1392415    2.66841     -128.7      -42.8       45.5      4.3      1.6      1.3 2023  7  4 19 19 48.45999908  0.0   1
     2967  -1.6458080  101.1261963    2.28413    -1580.2     -569.4     -338.8      5.8      4.3      5.1 2023  7 14 23 38 10.26000023  0.0   1
     2968  -1.6409795  101.1430013    2.89609      289.5      -35.5      273.1      2.8      1.4      1.1 2023  7 15  2  2 49.29000092  0.0   1
     2969  -1.6413066  101.1406087    2.82301       23.7      -71.7      200.1      5.3      2.4      2.1 2023  7 15  2  5 39.86000061  0.0   1
     2972  -1.6407824  101.1418050    2.89722      156.5      -13.7      274.3      5.6      3.0      1.5 2023  7 15  9 27  6.65999985  0.0   1
     2973  -1.6412220  101.1434896    2.75241      343.9      -62.3      129.5      2.1      1.6      1.1 2023  7 15  9 29 55.13999939  0.0   1
     2974  -1.6414805  101.1430420    2.70208      294.2      -90.9       79.1      2.7      1.3      1.1 2023  7 15  9 30  2.75999999  0.0   1
     2975  -1.6417277  101.1420898    2.73097      188.5     -118.3      108.0      2.6      1.4      1.1 2023  7 15  9 30 27.43000031  0.0   1
     2976  -1.6413481  101.1437988    2.72285      378.8      -76.3       99.9      3.1      1.7      1.3 2023  7 15  9 31 39.70999908  0.0   1
     2977  -1.6338514  101.1222249    2.16958    -2022.5      752.7     -453.4      5.6      4.5      4.7 2023  7 17 15  4 33.40000153  0.0   1
     2978  -1.6406676  101.1430176    2.81184      292.0       -1.0      188.9      3.4      1.7      1.5 2023  7 19  2  5 31.29000092  0.0   1
     2979  -1.6396194  101.1422363    3.11867      205.1      114.9      495.7      3.1      1.5      1.4 2023  7 19  2 18 47.72999954  0.0   1
     2980  -1.6423668  101.1456136    2.81720      580.2     -188.9      194.3      3.2      1.7      1.5 2023  7 19  2 21  5.59999990  0.0   1
     2981  -1.6354567  101.1506510    2.97330     1141.3      575.2      350.4      5.2      4.7      4.4 2023  7 19  2 21  8.77999973  0.0   1
     2982  -1.6399499  101.1420003    2.93893      178.1       78.3      316.0      2.8      2.1      1.9 2023  7 19  2 59 40.54000092  0.0   1
     2983  -1.6416803  101.1435710    2.81526      352.9     -113.0      192.3      2.9      1.8      1.5 2023  7 19  3  0  3.86999989  0.0   1
     2984  -1.6410147  101.1470378    2.58901      738.9      -39.4      -33.9      3.6      2.4      1.8 2023  7 19  3  0 15.28999996  0.0   1
     2985  -1.6415207  101.1436361    2.69990      360.6      -95.4       77.0      3.2      2.1      1.5 2023  7 19  3  0 25.79000092  0.0   1
     2986  -1.6435118  101.1389079    2.79966     -165.7     -315.5      176.7      6.6      2.3      1.5 2023  7 19  3  1  0.31999999  0.0   1
     2987  -1.6452627  101.1439372    2.55385      394.3     -509.1      -69.1      2.3      1.8      1.6 2023  7 19  3  1 12.77000046  0.0   1
     2988  -1.6420247  101.1426025    2.63091      245.1     -151.1        8.0      2.8      1.6      1.4 2023  7 19  3  1 20.85000038  0.0   1
     2989  -1.6414886  101.1380778    2.92749     -258.1      -91.8      304.5      4.3      2.1      1.4 2023  7 19  3  1 31.04999924  0.0   1
     2990  -1.6400046  101.1464518    2.93272      674.1       72.3      309.8      2.8      1.7      1.3 2023  7 19  3  1 58.95000076  0.0   1
     2991  -1.6418639  101.1415609    2.97899      129.2     -133.3      356.0      3.9      2.2      1.5 2023  7 19  3  2 24.22999954  0.0   1
     2992  -1.6412631  101.1427653    2.69808      263.5      -66.9       75.1      3.4      1.7      1.3 2023  7 19  3  2 31.32999992  0.0   1
     2994  -1.6461868  101.1416992    2.40364      144.6     -611.3     -219.3      4.2      1.5      1.6 2023  7 19  3  3  5.17000008  0.0   1
     2995  -1.6423766  101.1414958    2.78145      122.3     -190.0      158.5      4.7      1.7      1.0 2023  7 19  3  3 49.45000076  0.0   1
     2996  -1.6411671  101.1441732    2.87458      420.4      -56.3      251.6      2.1      1.5      1.5 2023  7 19  3  4 25.73999977  0.0   1
     2997  -1.6428954  101.1409098    2.43074       57.2     -247.4     -192.2      5.9      2.0      1.1 2023  7 19  3  4 42.90000153  0.0   1
     2998  -1.6401855  101.1407389    3.02290       38.4       52.3      400.0      6.8      2.5      1.6 2023  7 19  3  4 47.33000183  0.0   1
     2999  -1.6417755  101.1413981    2.96320      111.6     -123.6      340.3      3.5      2.2      1.6 2023  7 19  3  5 55.38999939  0.0   1
     3000  -1.6396191  101.1450846    2.81310      521.7      114.9      190.2      2.8      1.2      1.5 2023  7 19  3  6 34.20999908  0.0   1
     3001  -1.6421640  101.1436523    2.69168      362.3     -166.5       68.7      3.2      1.5      1.5 2023  7 19  3  7 18.03000069  0.0   1
     3002  -1.6436329  101.1425781    2.71617      242.9     -328.9       93.2      2.0      1.7      1.3 2023  7 19  3  7 20.17000008  0.0   1
     3003  -1.6414630  101.1519368    2.48484     1284.2      -89.0     -138.1      4.3      3.0      2.7 2023  7 19  3  8 37.70999908  0.0   1
     3004  -1.6430805  101.1433512    2.78293      328.9     -267.8      160.0      3.8      2.2      2.4 2023  7 19  3 10 29.87999916  0.0   1
     3005  -1.6403788  101.1438070    2.85091      379.9       30.9      228.0      3.1      1.8      1.4 2023  7 19  3 11  7.88000011  0.0   1
     3006  -1.6359842  101.1478271    3.30304      826.9      516.8      680.1      5.1      5.2      3.7 2023  7 19  3 12 10.78999996  0.0   1
     3007  -1.6417370  101.1478678    2.67021      831.0     -119.3       47.3      2.9      2.0      2.1 2023  7 19  3 14 29.62999916  0.0   1
     3008  -1.6418336  101.1458984    2.41778      612.6     -130.0     -205.2      1.8      1.4      1.8 2023  7 19  3 14 38.36000061  0.0   1
     3009  -1.6395046  101.1419027    2.83225      167.2      127.6      209.3      2.6      1.2      1.6 2023  7 19  3 17 13.86999989  0.0   1
     3010  -1.6409664  101.1452311    2.81891      538.2      -34.1      196.0      2.9      1.9      1.4 2023  7 19  3 22  8.31999969  0.0   1
     3011  -1.6390717  101.1426758    2.86168      253.2      175.4      238.7      2.2      1.3      1.0 2023  7 19  3 23  0.50000000  0.0   1
     3012  -1.6412126  101.1434001    2.74242      334.1      -61.3      119.5      2.3      1.1      1.3 2023  7 19  3 23 19.36000061  0.0   1
     3013  -1.6417051  101.1428304    2.85978      271.0     -115.8      236.8      4.1      1.9      1.7 2023  7 19  3 23 22.77000046  0.0   1
     3014  -1.6374964  101.1396891    3.03035      -78.6      349.6      407.4      4.8      2.7      2.1 2023  7 19  3 23 38.40000153  0.0   1
     3015  -1.6412479  101.1446859    2.69545      477.6      -65.2       72.5      1.8      1.5      1.5 2023  7 19  3 24  8.73999977  0.0   1
     3016  -1.6400463  101.1419434    2.94243      172.3       67.7      319.5      3.8      2.0      1.4 2023  7 19  3 24 11.84000015  0.0   1
     3017  -1.6441620  101.1421875    2.72693      198.8     -387.4      104.0      5.9      2.8      3.2 2023  7 19  3 24 18.10000038  0.0   1
     3018  -1.6415535  101.1427327    2.64633      260.2      -99.0       23.4      2.8      1.5      1.4 2023  7 19  3 26 25.94000053  0.0   1
     3019  -1.6439140  101.1364827    2.84719     -435.4     -360.0      224.2      6.5      2.3      2.2 2023  7 19  3 26 54.45000076  0.0   1
     3020  -1.6382431  101.1490234    2.87599      960.1      267.0      253.0      3.5      2.8      2.4 2023  7 19  3 28  6.32000017  0.0   1
     3021  -1.6354462  101.1369792    3.18508     -380.7      576.3      562.1      8.7      4.1      3.3 2023  7 19  3 28 11.30000019  0.0   1
     3022  -1.6408147  101.1482829    2.64735      877.6      -17.3       24.4      2.6      1.5      2.0 2023  7 19  3 29  4.26999998  0.0   1
     3023  -1.6447285  101.1402832    2.54361      -12.6     -450.1      -79.3      4.8      1.3      1.4 2023  7 19  3 30 50.99000168  0.0   1
     3024  -1.6475862  101.1424805    2.50505      231.9     -766.1     -117.9      4.8      2.0      2.5 2023  7 19  3 37 19.65999985  0.0   1
     3025  -1.6390490  101.1318197    2.73592     -954.5      177.9      113.0      6.1      3.4      3.0 2023  7 19  3 39 24.28000069  0.0   1
     3026  -1.6442029  101.1468913    2.70737      722.7     -392.0       84.4      3.4      3.1      2.9 2023  7 19  3 48 22.11000061  0.0   1
     3027  -1.6412647  101.1425130    2.80909      235.0      -67.1      186.2      3.1      2.2      1.8 2023  7 19 19  1 51.08000183  0.0   1
     3028  -1.6417774  101.1413981    2.76809      111.8     -123.8      145.1      3.1      2.1      1.9 2023  7 20  1 15 46.22999954  0.0   1
     3029  -1.6407917  101.1411214    2.80165       80.2      -14.8      178.7      6.3      2.9      1.8 2023  7 20  1 16 25.07999992  0.0   1
     3030  -1.6397701  101.1434082    2.98423      335.1       98.2      361.3      4.2      2.4      1.9 2023  7 20  1 18 27.22999954  0.0   1
     3031  -1.6418287  101.1417806    2.73294      154.3     -129.4      110.0      2.8      1.6      1.3 2023  7 20 16 59 18.79999924  0.0   1
     3032  -1.6397817  101.1436035    2.85002      357.2       96.9      227.1      3.8      2.5      2.0 2023  7 21  6 50 53.00999832  0.0   1
     3033  -1.6454450  101.1424886    2.62607      232.3     -529.3        3.1      3.2      1.7      1.6 2023  7 21 12 31 45.83000183  0.0   1
     3034  -1.6447928  101.1429036    2.59758      279.0     -457.2      -25.4      3.5      2.2      2.7 2023  7 23  3 56 19.47999954  0.0   1
     3037  -1.6419206  101.1452311    2.69067      538.3     -139.6       67.7      1.7      2.0      1.8 2023  7 31 23 41 35.38000107  0.0   1
     3042  -1.6420225  101.1394450    2.93122     -105.5     -150.9      308.3      2.9      2.0      1.7 2023  8 25 22  0  2.96000004  0.0   1
     3043  -1.6408442  101.1446533    2.82671      473.4      -20.6      203.8      2.6      1.8      1.2 2023  8 25 22  1 20.63999939  0.0   1
     3044  -1.6490749  101.1359945    2.55320     -490.3     -930.7      -69.7      6.9      4.2      3.8 2023  8 25 22  1 29.57999992  0.0   1
     3045  -1.6416086  101.1435710    2.68293      353.0     -105.1       60.0      2.2      1.4      1.3 2023  8 25 22  1 39.70000076  0.0   1
     3046  -1.6397736  101.1343180    2.81529     -676.3       97.8      192.3      4.6      2.8      2.2 2023  8 25 22  2 23.94000053  0.0   1
     3047  -1.6412506  101.1433512    2.75011      328.4      -65.5      127.2      2.0      1.1      0.9 2023  8 25 22  2 28.13999939  0.0   1
     3048  -1.6403713  101.1525146    2.41212     1348.3       31.7     -210.8      3.0      4.6      2.7 2023  8 25 22  2 42.25999832  0.0   1
     3049  -1.6411332  101.1436605    2.66059      363.3      -52.5       37.6      3.4      2.3      1.7 2023  8 25 22  2 51.50000000  0.0   1
     3050  -1.6417672  101.1438802    2.81294      387.3     -122.6      190.0      2.3      1.6      1.2 2023  8 25 22  2 58.43999863  0.0   1
     3051  -1.6396760  101.1510173    2.02691     1181.6      108.6     -596.0      4.1      3.2      3.2 2023  8 25 22  3 19.87999916  0.0   1
     3052  -1.6434325  101.1369873    2.82115     -379.0     -306.8      198.2      7.4      3.2      1.8 2023  8 25 22  3 24.92000008  0.0   1
     3054  -1.6436268  101.1400065    2.81181      -43.6     -328.2      188.9      4.1      1.7      1.8 2023  8 25 22  3 32.50000000  0.0   1
     3055  -1.6416645  101.1408366    2.85628       49.1     -111.3      233.3      7.6      2.1      1.7 2023  8 25 22  3 45.52000046  0.0   1
     3056  -1.6473918  101.1243001    2.06275    -1790.8     -744.6     -560.2      4.8      4.2      4.9 2023  8 25 22  4 22.10000038  0.0   1
     3057  -1.6417545  101.1449137    2.76983      502.6     -121.2      146.9      3.2      1.9      1.4 2023  8 25 22  4 39.36000061  0.0   1
     3058  -1.6424758  101.1439779    2.82138      398.0     -201.0      198.4      3.7      2.4      2.0 2023  8 25 22  4 42.74000168  0.0   1
     3059  -1.6387376  101.1483887    2.56833      889.7      212.4      -54.6      1.7      2.3      1.6 2023  8 25 22  5 22.65999985  0.0   1
     3060  -1.6398474  101.1564290    2.26763     1783.7       89.7     -355.3      2.4      3.7      2.2 2023  8 25 22  5 45.79999924  0.0   1
     3061  -1.6444063  101.1364990    2.65537     -433.5     -414.4       32.4      3.1      1.7      1.6 2023  8 25 22  7 34.09999847  0.0   1
     3062  -1.6429450  101.1418050    2.63872      156.9     -252.9       15.8      3.1      2.0      2.0 2023  8 25 22  9 17.42000008  0.0   1
     3063  -1.6429395  101.1448161    2.54406      492.2     -252.3      -78.9      4.0      2.2      1.9 2023  8 25 22  9 21.89999962  0.0   1
     3064  -1.6400940  101.1436605    3.00996      362.9       62.4      387.0      3.9      1.6      1.4 2023  8 25 22  9 33.65999985  0.0   1
     3065  -1.6329025  101.1670898    1.80780     2970.2      857.6     -815.1      5.4      6.2      8.8 2023  8 25 22  9 50.97999954  0.0   1
     3066  -1.6397687  101.1459880    2.70564      621.7       98.4       82.7      3.0      2.6      1.1 2023  8 25 22 11 54.90000153  0.0   1
     3067  -1.6410848  101.1516195    2.60293     1248.8      -47.2      -20.0      4.6      3.1      2.6 2023  8 25 22 12 15.19999981  0.0   1
     3068  -1.6367095  101.1541504    2.40225     1530.3      436.6     -220.7      2.8      3.2      2.1 2023  8 25 22 14 11.64000034  0.0   1
     3069  -1.6391064  101.1473470    2.49149      773.0      171.6     -131.4      3.0      2.5      1.8 2023  8 28 21 39 39.09999847  0.0   1
     3070  -1.6444668  101.1332845    2.54231     -791.1     -421.1      -80.6      5.0      2.4      2.4 2023  8 28 22  8 57.27999878  0.0   1
     3071  -1.6417628  101.1399740    2.76617      -47.3     -122.1      143.2      3.8      1.5      1.5 2023  8 29 14 22 51.02999878  0.0   1
     3072  -1.6415030  101.1395671    2.93511      -92.8      -93.4      312.2      6.0      2.1      1.6 2023  8 29 18 13 50.74000168  0.0   1
     3074  -1.6426052  101.1367269    2.64091     -408.5     -215.3       18.0      4.5      2.8      1.6 2023  8 30  1 31 17.67000008  0.0   1
     3075  -1.6408086  101.1268880    2.09212    -1503.3      -16.6     -530.8     11.5     19.3     10.7 2023  8 30  5 46 14.44999981  0.0   1
     3076  -1.6395976  101.1477295    2.59661      816.0      117.3      -26.3      3.6      1.7      1.5 2023  8 30  5 46 27.07999992  0.0   1
     3077  -1.6422496  101.1467122    2.41479      702.6     -176.0     -208.2      2.1      2.4      1.6 2023  8 30  5 47  3.69000006  0.0   1
     3078  -1.6418265  101.1443441    2.89849      439.6     -129.2      275.6      3.1      1.7      1.9 2023  8 30  5 47  5.53999996  0.0   1
     3079  -1.6427722  101.1264893    2.15652    -1547.4     -233.8     -466.4      7.7      7.2      6.9 2023  8 30  5 47 14.06000042  0.0   1
     3080  -1.6379457  101.1538493    2.68081     1496.6      299.9       57.9      5.0      4.7      4.1 2023  8 30  5 47 22.72999954  0.0   1
     3081  -1.6394238  101.1482585    2.59331      874.8      136.5      -29.6      2.4      1.5      1.1 2023  8 30  5 47 28.44000053  0.0   1
     3083  -1.6412924  101.1275472    1.43545    -1429.9      -70.1    -1187.5     10.6     16.5     11.3 2023  8 30  5 47 51.20000076  0.0   1
     3084  -1.6438300  101.1438070    2.69269      379.4     -350.7       69.7      4.8      2.8      2.4 2023  8 30  5 50 22.00000000  0.0   1
     3085  -1.6415811  101.1402262    2.68327      -19.0     -102.0       60.3      3.4      2.0      1.8 2023  8 30  5 50 28.25000000  0.0   1
     3086  -1.6427034  101.1491211    2.96541      970.5     -226.2      342.5      3.5      2.2      1.7 2023  8 30 14 17 58.83000183  0.0   1
     3087  -1.6460896  101.1398112    2.29905      -65.3     -600.6     -323.9      3.8      2.5      1.9 2023  8 30 14 22 58.09000015  0.0   1
     3088  -1.6419337  101.1420980    2.70732      188.9     -141.0       84.4      4.3      1.8      1.7 2023  8 30 14 35 52.65000153  0.0   1
     3094  -1.6433961  101.1384928    2.61229     -211.7     -302.7      -10.7      7.8      2.7      2.0 2023  9 13 15 18 58.20999908  0.0   1
     3095  -1.6391757  101.1491374    2.47434      972.5      163.9     -148.6      2.3      1.9      1.9 2023  9 14 16  1  7.05999994  0.0   1
     3096  -1.6379800  101.1482340    2.63104      872.3      296.1        8.1      3.7      2.7      1.6 2023  9 14 16  1 16.52000046  0.0   1
     3097  -1.6418046  101.1364339    2.78400     -441.2     -126.8      161.1      4.4      2.6      2.3 2023  9 14 16  1 24.82999992  0.0   1
     3098  -1.6410205  101.1375977    2.51616     -311.9      -40.1     -106.8      4.4      3.5      1.8 2023  9 14 16  3 59.18000031  0.0   1
     3099  -1.6384352  101.1484863    2.63226      899.8      245.8        9.3      2.1      2.6      1.9 2023  9 14 16  4  8.14000034  0.0   1
     3100  -1.6361552  101.1496663    2.99458     1031.3      497.9      371.6      5.9      7.5      3.3 2023  9 14 16  7 36.65999985  0.0   1
     3101  -1.6395348  101.1429525    2.60959      284.2      124.2      -13.4      2.6      1.5      1.5 2023  9 14 16  7 43.02999878  0.0   1
     3102  -1.6448154  101.1269124    1.97854    -1500.5     -459.7     -644.4      5.0      5.3      4.8 2023  9 14 16 10 57.36000061  0.0   1
     3103  -1.6362286  101.1313558    2.93164    -1006.3      489.8      308.7      3.4      4.4      2.3 2023  9 14 16 11 12.31000042  0.0   1
     3104  -1.6401063  101.1457682    2.63152      597.9       61.0        8.6      3.3      2.3      1.4 2023  9 14 16 11 17.97999954  0.0   1
     3105  -1.6420349  101.1433594    2.84267      330.0     -152.2      219.7      2.3      1.3      1.1 2023  9 14 16 23 25.43000031  0.0   1
     3106  -1.6417118  101.1422363    2.72401      204.9     -116.5      101.1      3.7      2.3      1.8 2023  9 14 16 23 33.90000153  0.0   1
     3107  -1.6416245  101.1408691    2.89619       52.5     -106.8      273.2      2.3      2.3      1.6 2023  9 14 16 23 52.75999832  0.0   1
     3108  -1.6405526  101.1402588    2.74065      -15.8       11.7      117.7      4.6      2.3      1.9 2023  9 14 16 23 59.08000183  0.0   1
     3109  -1.6418186  101.1406250    2.56950       25.8     -128.3      -53.4      5.0      2.3      2.5 2023  9 14 16 24  4.69000006  0.0   1
     3110  -1.6421453  101.1418294    2.68446      159.5     -164.4       61.5      2.9      1.8      1.5 2023  9 14 16 24 13.52000046  0.0   1
     3111  -1.6419676  101.1433187    2.68825      324.8     -144.8       65.3      1.7      1.1      1.2 2023  9 14 16 24 25.40999985  0.0   1
     3112  -1.6404457  101.1465169    2.80674      680.8       23.5      183.8      1.5      2.6      1.8 2023  9 14 16 24 54.75000000  0.0   1
     3113  -1.6427831  101.1400391    2.82301      -40.0     -235.0      200.1      4.6      2.1      1.7 2023  9 14 16 24 59.38000107  0.0   1
     3114  -1.6412805  101.1447103    2.70421      479.6      -68.8       81.3      2.9      2.5      2.2 2023  9 14 16 25  6.48000002  0.0   1
     3115  -1.6406658  101.1460938    2.69153      633.5       -0.8       68.6      2.9      2.1      1.8 2023  9 14 16 25 25.75000000  0.0   1
     3116  -1.6405258  101.1511882    2.44519     1200.7       14.6     -177.8      2.7      2.1      1.5 2023  9 14 16 25 28.45000076  0.0   1
     3117  -1.6489681  101.1266357    1.23652    -1531.6     -918.9    -1386.4      5.5      4.9      6.1 2023  9 14 16 25 34.34999847  0.0   1
     3118  -1.6453153  101.1374512    1.92002     -327.5     -514.9     -701.9     10.1      4.0      4.5 2023  9 14 16 25 42.66999817  0.0   1
     3119  -1.6402817  101.1385254    2.71466     -207.9       41.6       91.7      5.6      2.0      1.0 2023  9 14 16 25 48.11999893  0.0   1
     3120  -1.6420062  101.1382080    2.52257     -243.4     -149.1     -100.4      4.8      1.9      1.8 2023  9 14 16 25 56.81999969  0.0   1
     3121  -1.6405646  101.1436361    2.82097      360.3       10.3      198.0      2.1      2.3      1.7 2023  9 14 16 26  2.75999999  0.0   1
     3122  -1.6413134  101.1428548    2.81467      273.6      -72.4      191.7      2.7      1.3      1.2 2023  9 14 16 26 23.64999962  0.0   1
     3123  -1.6404917  101.1424398    2.94690      227.4       18.4      324.0      5.3      2.3      1.9 2023  9 14 16 26 34.95999908  0.0   1
     3124  -1.6410378  101.1458496    2.80827      606.9      -42.0      185.3      2.7      1.9      1.4 2023  9 14 16 26 48.50000000  0.0   1
     3125  -1.6444243  101.1394775    2.52080     -102.7     -416.4     -102.1      5.8      4.1      3.4 2023  9 14 16 27  6.15000010  0.0   1
     3126  -1.6420274  101.1472493    2.58423      762.2     -151.4      -38.7      2.2      1.7      1.3 2023  9 14 16 27 14.25000000  0.0   1
     3127  -1.6405539  101.1439616    2.68436      396.9       11.5       61.4      2.4      2.4      1.9 2023  9 14 16 27 17.69000053  0.0   1
     3128  -1.6389706  101.1456706    2.65599      586.6      186.6       33.0      2.7      2.6      1.8 2023  9 14 16 27 22.95999908  0.0   1
     3129  -1.6369260  101.1487956    2.63622      934.8      412.7       13.3      3.6      2.8      2.6 2023  9 14 16 27 30.12000084  0.0   1
     3130  -1.6398931  101.1384033    3.03887     -221.5       84.6      415.9      6.5      3.0      1.7 2023  9 14 16 27 36.08000183  0.0   1
     3131  -1.6395524  101.1475098    2.70014      791.2      122.3       77.2      1.8      1.7      1.4 2023  9 14 16 28  5.15999985  0.0   1
     3132  -1.6422863  101.1447998    2.62779      490.1     -180.0        4.8      1.8      1.4      1.3 2023  9 14 16 28 10.97999954  0.0   1
     3133  -1.6413625  101.1389160    2.73573     -164.8      -77.9      112.8      6.5      2.0      1.3 2023  9 14 16 28 18.73999977  0.0   1
     3134  -1.6381170  101.1504639    2.10525     1119.9      281.0     -517.7      4.0      2.6      2.7 2023  9 14 16 28 27.96999931  0.0   1
     3135  -1.6427551  101.1462809    2.60033      654.7     -231.9      -22.6      3.2      2.5      2.1 2023  9 14 16 28 40.47999954  0.0   1
     3136  -1.6445922  101.1353678    2.42207     -559.8     -435.0     -200.9      4.9      2.8      2.4 2023  9 14 16 28 47.25999832  0.0   1
     3137  -1.6423219  101.1414469    2.76545      116.9     -184.0      142.5      3.6      2.6      2.4 2023  9 14 16 28 51.58000183  0.0   1
     3138  -1.6444942  101.1311849    2.31814    -1024.7     -424.2     -304.8      5.1      2.8      3.2 2023  9 14 16 29 41.08000183  0.0   1
     3139  -1.6404708  101.1313639    2.28497    -1005.0       20.7     -338.0      6.1      4.7      4.4 2023  9 14 16 29 46.22999954  0.0   1
     3140  -1.6408789  101.1427083    2.82571      257.2      -24.4      202.8      2.6      1.6      1.2 2023  9 14 16 29 52.25999832  0.0   1
     3141  -1.6420545  101.1439941    2.77333      399.9     -154.4      150.4      1.8      1.4      0.9 2023  9 14 16 32  8.39999962  0.0   1
     3142  -1.6428443  101.1440267    2.61923      404.0     -241.7       -3.7      2.4      1.6      1.6 2023  9 14 16 32 17.73999977  0.0   1
     3143  -1.6384129  101.1551676    2.49369     1643.8      248.3     -129.3      3.1      3.3      2.6 2023  9 14 16 32 30.69000053  0.0   1
     3144  -1.6416557  101.1427979    2.79333      267.1     -110.3      170.4      2.6      1.0      1.2 2023  9 14 16 32 37.11000061  0.0   1
     3145  -1.6428399  101.1389730    2.91275     -158.3     -241.2      289.8      6.0      1.9      1.2 2023  9 14 16 32 59.11000061  0.0   1
     3146  -1.6388177  101.1486979    2.92050      923.4      203.5      297.6      2.9      3.0      1.3 2023  9 14 16 34 11.01000023  0.0   1
     3147  -1.6357873  101.1618083    2.10843     2382.9      538.6     -514.5      4.7      6.8      4.9 2023  9 14 16 34 40.43000031  0.0   1
     3148  -1.6411995  101.1493408    2.68057      995.6      -59.9       57.6      1.8      1.7      1.5 2023  9 14 16 34 47.56999969  0.0   1
     3149  -1.6398411  101.1518555    2.64314     1275.3       90.4       20.2      3.4      3.9      2.1 2023  9 14 16 34 58.79000092  0.0   1
     3150  -1.6461753  101.1274007    2.05119    -1446.3     -610.0     -571.8      6.6      6.4      6.0 2023  9 14 16 36 23.40999985  0.0   1
     3151  -1.6437183  101.1302165    2.40731    -1132.8     -338.4     -215.6      6.0      4.4      4.3 2023  9 14 16 38 46.27000046  0.0   1
     3152  -1.6378967  101.1504069    2.90916     1114.1      305.4      286.2      4.1      3.5      2.1 2023  9 14 16 39 22.14999962  0.0   1
     3153  -1.6403830  101.1450602    2.73096      518.7       30.4      108.0      2.6      1.7      1.5 2023  9 14 16 40 10.57999992  0.0   1
     3154  -1.6399231  101.1341634    2.73925     -693.7       81.3      116.3      4.2      3.4      1.9 2023  9 14 16 40 29.72999954  0.0   1
     3155  -1.6423186  101.1434489    2.77705      339.1     -183.6      154.1      3.1      2.1      1.7 2023  9 14 16 42 57.52000046  0.0   1
     3156  -1.6421298  101.1440430    2.66896      405.3     -162.7       46.0      2.5      1.9      1.4 2023  9 14 16 43 40.40999985  0.0   1
     3157  -1.6416326  101.1407633    2.81733       40.3     -107.7      194.4      3.5      1.7      1.2 2023  9 14 16 48 22.35000038  0.0   1
     3158  -1.6404636  101.1357910    2.85403     -512.3       21.5      231.1      3.7      2.3      1.9 2023  9 14 16 48 45.50999832  0.0   1
     3160  -1.6414433  101.1481283    2.73615      860.5      -86.8      113.2      2.1      1.6      1.0 2023  9 14 16 56  2.07999992  0.0   1
     3161  -1.6420617  101.1434326    2.80461      337.6     -155.2      181.7      2.9      2.0      1.4 2023  9 14 17  0 13.88000011  0.0   1
     3162  -1.6397752  101.1526286    2.18128     1361.4       97.6     -441.7     10.3      8.5      9.4 2023  9 14 17 16  3.20000005  0.0   1
     3163  -1.6414377  101.1433105    2.78634      324.5      -86.2      163.4      2.7      1.1      1.0 2023  9 14 17 16 12.60000038  0.0   1
     3164  -1.6430258  101.1363851    2.73382     -446.1     -261.8      110.9      6.7      2.3      1.6 2023  9 14 17 16 20.60000038  0.0   1
     3165  -1.6411781  101.1401693    2.88039      -25.1      -57.5      257.5      4.9      2.6      1.9 2023  9 14 17 22 43.41999817  0.0   1
     3166  -1.6410285  101.1406087    2.88564       23.4      -40.9      262.7      3.2      2.4      2.0 2023  9 14 17 23  1.67999995  0.0   1
     3167  -1.6430077  101.1427816    2.74160      264.9     -259.8      118.7      3.0      1.9      1.6 2023  9 14 17 23  3.44000006  0.0   1
     3168  -1.6403430  101.1395589    2.89546      -93.7       34.9      272.5      4.5      1.6      1.4 2023  9 14 17 23 38.47999954  0.0   1
     3169  -1.6421256  101.1369466    2.71125     -384.0     -162.3       88.3      5.0      3.2      2.4 2023  9 14 17 24 47.47999954  0.0   1
     3170  -1.6427684  101.1358154    2.44899     -510.2     -233.3     -174.0      3.8      2.2      1.8 2023  9 14 18  6 58.63999939  0.0   1
     3172  -1.6408272  101.1426595    2.72432      251.3      -18.7      101.4      4.7      2.4      2.0 2023  9 15 17 48 41.77999878  0.0   1
     3173  -1.6373109  101.1459391    2.96972      617.1      370.1      346.8      2.4      2.7      1.6 2023  9 15 17 50 48.40000153  0.0   1
     3174  -1.6385290  101.1505208    2.69338     1126.3      235.4       70.4      2.8      2.9      2.0 2023  9 15 17 51  9.39999962  0.0   1
     3175  -1.6408630  101.1439453    2.73974      395.1      -22.7      116.8      3.0      2.4      1.9 2023  9 18  5 36 41.97999954  0.0   1
     3176  -1.6401557  101.1427165    2.75291      257.7       55.6      130.0      4.5      2.1      2.1 2023  9 18 16 33 14.22000027  0.0   1
     3177  -1.6383325  101.1491374    2.88542      972.5      257.2      262.5      3.2      2.7      2.2 2023  9 19 22 37 53.88000107  0.0   1
     3178  -1.6396477  101.1423828    2.86141      221.0      111.7      238.5      3.3      1.8      1.9 2023  9 20 20 41 28.63999939  0.0   1
     3179  -1.6392712  101.1426676    2.83938      252.5      153.4      216.4      5.6      2.7      2.4 2023  9 21  3 26 18.59000015  0.0   1
     3180  -1.6383254  101.1428304    2.85063      270.8      257.9      227.7      6.8      2.2      2.4 2023  9 21  3 26 48.38999939  0.0   1
     3181  -1.6385150  101.1437337    2.89949      371.4      237.0      276.5      3.3      2.6      2.3 2023  9 21  3 26 59.63000107  0.0   1
     3182  -1.6443532  101.1340007    2.18101     -712.2     -408.6     -441.9      8.2      5.5      5.9 2023  9 21  3 27 59.75000000  0.0   1
     3183  -1.6415193  101.1441813    2.52673      421.5      -95.2      -96.2      2.8      1.9      2.0 2023  9 21  3 28  2.72000003  0.0   1
     3184  -1.6407532  101.1453776    2.73607      554.5      -10.5      113.1      1.8      1.5      1.4 2023  9 21  3 28 44.74000168  0.0   1
     3186  -1.6409178  101.1425130    3.01716      235.4      -28.7      394.2      3.5      1.8      2.1 2023  9 21  3 43  8.53999996  0.0   1
     3187  -1.6403960  101.1432048    2.81220      312.8       29.0      189.3      3.2      3.0      1.8 2023  9 21  3 43 36.95999908  0.0   1
     3188  -1.6418248  101.1409342    3.07540       59.3     -129.0      452.5      6.7      4.0      2.6 2023  9 21  3 44 35.31000137  0.0   1
     3189  -1.6391214  101.1389648    2.87704     -159.8      169.9      254.1      6.1      3.3      2.2 2023  9 21  3 45  0.40000001  0.0   1
     3190  -1.6411442  101.1424642    2.65761      230.0      -53.7       34.7      2.4      2.1      1.7 2023  9 21  3 46 23.75000000  0.0   1
     3191  -1.6411659  101.1454427    2.67734      561.1      -56.1       54.4      3.0      1.6      2.2 2023  9 21  3 47 35.90000153  0.0   1
     3192  -1.6387338  101.1485107    2.73671      902.6      212.8      113.8      2.9      3.5      2.5 2023  9 21  3 47 45.47000122  0.0   1
     3193  -1.6404914  101.1443441    2.70997      439.1       18.4       87.0      2.9      2.0      1.6 2023  9 21  3 50 10.31999969  0.0   1
     3194  -1.6379436  101.1439697    2.95940      397.6      300.2      336.5      2.8      2.7      1.4 2023  9 21  3 51 53.75000000  0.0   1
     3195  -1.6422404  101.1410400    2.78233       71.1     -175.0      159.4      3.3      2.1      2.1 2023  9 21  3 54 41.15999985  0.0   1
     3196  -1.6374971  101.1502930    2.71968     1101.6      349.5       96.7      3.3      3.1      2.3 2023  9 21  3 54 56.18999863  0.0   1
     3197  -1.6392120  101.1442139    2.90678      424.5      159.9      283.8      3.2      2.4      1.9 2023  9 21  3 55  2.20000005  0.0   1
     3198  -1.6366229  101.1502604    2.75193     1097.1      446.2      129.0      2.9      3.1      2.0 2023  9 21  3 57 10.92000008  0.0   1
     3200  -1.6407864  101.1675293    1.79489     3018.8      -14.2     -828.1      5.4      5.7      8.6 2023  9 21 18  0 24.65999985  0.0   1
     3202  -1.6442267  101.1400472    2.75610      -39.1     -394.6      133.2      6.3      2.0      1.7 2023  9 21 18  2 53.29999924  0.0   1
     3203  -1.6407717  101.1450358    2.60570      516.4      -12.6      -17.2      1.8      1.2      1.1 2023  9 21 18  3  1.86000001  0.0   1
     3204  -1.6421107  101.1465495    2.63176      684.8     -160.6        8.8      2.1      1.3      1.1 2023  9 21 18  3  6.84000015  0.0   1
     3206  -1.6404133  101.1478190    2.84274      825.7       27.1      219.8      3.6      3.9      2.0 2023  9 21 18  3 58.45999908  0.0   1
     3207  -1.6384206  101.1581055    2.08809     1970.9      247.4     -534.8      4.0      4.1      3.4 2023  9 21 18  4  4.84000015  0.0   1
     3208  -1.6409795  101.1440267    2.66168      403.6      -35.5       38.7      1.8      1.6      1.2 2023  9 21 18  4  8.68000031  0.0   1
     3209  -1.6404413  101.1500895    2.68150     1078.1       24.0       58.6      3.3      3.2      2.2 2023  9 21 18  5 31.94000053  0.0   1
     3210  -1.6430016  101.1425537    2.63883      239.7     -259.1       15.9      3.4      2.3      1.6 2023  9 21 18  5 48.38000107  0.0   1
     3211  -1.6483356  101.1248942    2.00499    -1724.7     -848.9     -618.0      4.4      3.9      4.3 2023  9 21 18  6 39.50000000  0.0   1
     3212  -1.6422452  101.1430420    2.93018      294.6     -175.5      307.2      2.4      2.0      1.5 2023  9 21 18 40 21.60000038  0.0   1
     3213  -1.6420312  101.1419840    2.76044      176.4     -151.8      137.5      4.2      2.8      2.4 2023  9 28  7  5  1.83000004  0.0   1
     3214  -1.6385098  101.1456217    2.87392      581.3      237.6      251.0      3.6      2.1      1.1 2023  9 28  7 39  3.82999992  0.0   1
     3215  -1.6425020  101.1428467    2.73159      272.2     -203.9      108.6      4.2      2.3      1.8 2023  9 28  7 40  2.51999998  0.0   1
     3216  -1.6406706  101.1471598    2.58838      752.1       -1.4      -34.6      2.9      2.1      1.2 2023  9 28  7 55 56.93999863  0.0   1
     3217  -1.6418523  101.1425374    2.73882      238.1     -132.0      115.9      1.8      0.9      0.8 2023  9 28  7 56  5.48999977  0.0   1
     3218  -1.6419112  101.1441732    2.72278      419.8     -138.6       99.8      1.6      1.3      1.0 2023  9 28  7 56 11.47999954  0.0   1
     3219  -1.6392642  101.1421631    3.05018      196.8      154.1      427.2      3.5      2.4      1.8 2023  9 28  7 57 46.27000046  0.0   1
     3220  -1.6419440  101.1437012    2.62993      367.7     -142.2        7.0      2.5      1.7      1.6 2023  9 28  7 59 35.90000153  0.0   1
     3221  -1.6422015  101.1391276    2.55109     -141.1     -170.7      -70.9      3.8      1.8      1.6 2023  9 28  8  1 35.72000122  0.0   1
     3222  -1.6400636  101.1473063    2.61347      768.8       65.8       -9.5      2.0      2.4      1.7 2023  9 28  8  2  3.35999990  0.0   1
     3223  -1.6413817  101.1432780    2.76910      320.7      -80.0      146.2      2.0      1.6      1.2 2023  9 28  8  2 40.31000137  0.0   1
     3224  -1.6409259  101.1465658    2.58945      686.6      -29.6      -33.5      2.8      1.4      1.2 2023  9 28  8  7 49.70999908  0.0   1
     3225  -1.6412333  101.1440755    2.75591      409.2      -63.6      133.0      2.0      1.2      1.3 2023  9 28  8 13  6.84000015  0.0   1
     3226  -1.6397713  101.1463704    2.72498      664.8       98.1      102.0      1.6      1.5      1.1 2023  9 28  8 15 50.84999847  0.0   1
     3227  -1.6399648  101.1457926    2.62306      600.5       76.7        0.1      2.7      1.8      1.4 2023  9 28  8 15 58.18999863  0.0   1
     3228  -1.6438887  101.1447428    2.71478      483.9     -357.2       91.8      4.1      2.7      1.7 2023  9 28  8 17  0.49000001  0.0   1
     3229  -1.6410467  101.1437581    2.70094      373.6      -42.9       78.0      2.8      1.6      1.3 2023  9 28  8 17 24.29000092  0.0   1
     3230  -1.6400459  101.1445719    2.82268      464.5       67.7      199.7      2.3      1.7      1.1 2023  9 28  8 19 49.29999924  0.0   1
     3231  -1.6420403  101.1403483    2.74031       -5.7     -152.8      117.4      3.5      1.6      1.5 2023  9 28  8 20 55.52000046  0.0   1
     3232  -1.6410240  101.1440999    2.78314      411.9      -40.4      160.2      1.7      1.1      1.1 2023  9 28  8 26 42.88000107  0.0   1
     3233  -1.6422731  101.1450765    2.72384      520.7     -178.6      100.9      1.9      1.5      1.6 2023  9 28  8 26 46.84000015  0.0   1
     3234  -1.6418303  101.1437256    2.81427      370.1     -129.6      191.3      2.7      1.8      1.6 2023  9 28  8 27  2.09999990  0.0   1
     3235  -1.6418306  101.1431966    2.62609      311.9     -129.6        3.1      2.3      1.5      1.3 2023  9 28  8 29 31.02000046  0.0   1
     3236  -1.6409962  101.1414551    2.77289      118.0      -37.4      149.9      5.0      1.2      1.1 2023  9 28  8 33 52.38000107  0.0   1
     3237  -1.6414266  101.1426758    2.74769      253.6      -85.0      124.7      2.2      1.8      1.6 2023  9 28  8 34 52.70000076  0.0   1
     3238  -1.6415213  101.1434245    2.80110      336.6      -95.4      178.2      3.4      1.1      1.2 2023  9 28  8 35 23.65999985  0.0   1
     3239  -1.6401075  101.1453288    2.66075      548.7       60.9       37.8      2.9      1.9      1.9 2023  9 28  8 35 37.04000092  0.0   1
     3240  -1.6419375  101.1424642    2.78711      229.9     -141.5      164.2      3.8      2.7      1.8 2023  9 28  8 36  6.26000023  0.0   1
     3241  -1.6412912  101.1430339    2.70352      293.5      -70.0       80.6      1.7      1.5      1.1 2023  9 28  8 36  9.26000023  0.0   1
     3242  -1.6430697  101.1460612    2.71866      630.2     -266.6       95.7      2.5      1.4      1.6 2023  9 28  8 36 18.69000053  0.0   1
     3243  -1.6418954  101.1394613    2.87898     -103.9     -136.8      256.0      3.9      2.1      1.5 2023  9 28  8 36 33.70999908  0.0   1
     3244  -1.6420294  101.1430827    2.71495      299.0     -151.6       92.0      1.8      1.7      1.5 2023  9 28  8 36 39.86999893  0.0   1
     3245  -1.6434488  101.1438639    2.52239      385.9     -308.6     -100.5      2.9      1.7      1.6 2023  9 28  8 37 37.74000168  0.0   1
     3246  -1.6415793  101.1429850    2.81137      287.6     -101.8      188.4      3.0      1.6      1.4 2023  9 28  8 37 40.75999832  0.0   1
     3247  -1.6412813  101.1433268    2.85710      326.0      -68.9      234.2      3.6      1.5      1.5 2023  9 28  8 38  9.71000004  0.0   1
     3248  -1.6415447  101.1437256    2.72654      370.3      -98.0      103.6      2.4      1.7      1.2 2023  9 28  8 39  3.31999993  0.0   1
     3249  -1.6423968  101.1434814    2.78109      342.9     -192.3      158.1      1.9      1.5      1.2 2023  9 28  8 39 16.25000000  0.0   1
     3250  -1.6431978  101.1385579    2.73636     -204.7     -280.8      113.4      7.2      3.0      2.0 2023  9 28  8 39 29.69000053  0.0   1
     3251  -1.6417152  101.1427165    2.86154      258.4     -116.9      238.6      2.1      1.5      1.3 2023  9 28  8 40 15.93999958  0.0   1
     3252  -1.6413592  101.1442383    2.74855      427.0      -77.5      125.6      2.1      1.0      1.0 2023  9 28  8 40 38.47999954  0.0   1
     3253  -1.6425802  101.1431315    2.72320      304.0     -212.5      100.3      1.7      1.6      1.4 2023  9 28  8 40 41.38000107  0.0   1
     3254  -1.6424427  101.1447266    2.81628      481.7     -197.3      193.3      2.1      1.8      1.4 2023  9 28  8 41  2.16000009  0.0   1
     3255  -1.6421775  101.1467936    2.61840      711.5     -168.0       -4.5      2.3      2.1      1.7 2023  9 28  8 41 20.87999916  0.0   1
     3256  -1.6417450  101.1426595    2.79613      251.8     -120.2      173.2      1.9      1.9      1.4 2023  9 28  8 41 55.04999924  0.0   1
     3257  -1.6412923  101.1478271    2.79973      826.8      -70.1      176.8      2.8      2.5      2.2 2023  9 28  8 42 14.56999969  0.0   1
     3258  -1.6397008  101.1420085    2.81653      178.9      105.9      193.6      4.4      2.3      1.9 2023  9 28  8 42 19.54999924  0.0   1
     3259  -1.6436404  101.1458089    2.60577      602.1     -329.8      -17.2      2.7      2.2      1.9 2023  9 28  8 43 54.72999954  0.0   1
     3260  -1.6424489  101.1434163    2.66495      336.2     -198.0       42.0      3.2      2.1      1.7 2023  9 28  8 44 16.90999985  0.0   1
     3261  -1.6414244  101.1422282    2.90681      203.4      -84.7      283.9      2.7      1.8      1.2 2023  9 28  8 44 28.37999916  0.0   1
     3262  -1.6416388  101.1431152    2.84985      302.8     -108.4      226.9      2.2      1.0      0.9 2023  9 28  8 47 19.86000061  0.0   1
     3263  -1.6413793  101.1434652    2.71776      341.4      -79.7       94.8      3.0      2.0      1.6 2023  9 28  8 47 33.06999969  0.0   1
     3264  -1.6453462  101.1424805    2.57611      231.6     -518.4      -46.8      6.6      1.7      1.9 2023  9 28  8 51 42.25999832  0.0   1
     3265  -1.6419121  101.1395589    2.85307      -93.0     -138.6      230.1      3.1      2.1      1.5 2023  9 28  8 59 46.52999878  0.0   1
     3266  -1.6419060  101.1424886    2.70484      233.2     -138.0       81.9      2.6      1.1      1.0 2023  9 28  9  4 21.27000046  0.0   1
     3267  -1.6416985  101.1408285    2.79215       47.6     -115.0      169.2      5.2      1.5      1.2 2023  9 28  9  5 15.84000015  0.0   1
     3268  -1.6419510  101.1431803    2.78074      309.8     -143.0      157.8      1.9      1.3      1.0 2023  9 28  9 10 20.37000084  0.0   1
     3269  -1.6457464  101.1384359    2.58230     -217.8     -562.6      -40.6      9.0      4.1      2.9 2023  9 28  9 17 17.36000061  0.0   1
     3270  -1.6406802  101.1432129    2.79280      313.3       -2.4      169.9      3.7      1.8      1.6 2023 10  5  7 35 44.90999985  0.0   1
     3271  -1.6107391  101.1296549    2.40309    -1195.4     3308.3     -219.9      2.1      2.6      1.9 2023 10  8  0 46  1.73000002  0.0   1
     3272  -1.6126236  101.1274170    2.31056    -1444.0     3099.9     -312.4      2.2      2.6      1.9 2023 10  8  0 46 50.84000015  0.0   1
     3273  -1.6385089  101.1433187    2.93335      324.8      237.7      310.4      3.5      2.3      1.7 2023 10  9 12  0 57.20999908  0.0   1
     3274  -1.6380555  101.1532552    2.60441     1431.2      287.8      -18.5      3.3      3.1      2.3 2023 10  9 13 10 28.75000000  0.0   1
     3275  -1.6430312  101.1480306    2.32016      849.6     -262.4     -302.8      2.7      1.7      1.9 2023 10 10  8 52 47.47999954  0.0   1
     3276  -1.6413705  101.1470459    2.84715      739.9      -78.8      224.2      2.4      1.9      1.7 2023 10 12  2  8 51.72999954  0.0   1
     3277  -1.6425748  101.1414551    2.52681      117.5     -211.9      -96.1      3.4      1.8      2.2 2023 10 12  2 25 53.88999939  0.0   1
     3278  -1.6462329  101.1443441    2.45687      439.4     -616.4     -166.1      6.1      2.9      3.2 2023 10 12  2 26 44.36999893  0.0   1
     3279  -1.6436234  101.1397949    2.76718      -66.6     -327.9      144.2      5.6      2.2      1.8 2023 10 12  7 33 35.72000122  0.0   1
     3280  -1.6395111  101.1413411    2.86263      105.2      126.8      239.7      4.1      2.3      1.4 2023 10 12  7 35 26.72999954  0.0   1
     3281  -1.6386411  101.1448405    2.92221      494.9      223.0      299.3      3.3      2.4      1.2 2023 10 12  7 44 21.15999985  0.0   1
     3282  -1.6422838  101.1412435    2.71467       94.0     -179.7       91.7      4.5      3.2      2.7 2023 10 14  8 24 30.54000092  0.0   1
     3283  -1.6439060  101.1438477    2.65460      384.1     -359.1       31.7      3.8      2.4      1.9 2023 10 14 10 32 46.22999954  0.0   1
     3284  -1.6417555  101.1425700    2.79160      242.1     -121.3      168.7      4.7      2.4      1.9 2023 10 14 16 31 41.02000046  0.0   1
     3285  -1.6424662  101.1398682    2.72377      -59.1     -199.9      100.8      4.6      1.7      1.5 2023 10 17  8 13 56.77000046  0.0   1
     3286  -1.6447638  101.1355957    2.81086     -534.3     -454.0      187.9      6.5      3.6      2.5 2023 10 17  9  1 32.40999985  0.0   1
     3288  -1.6431084  101.1506185    3.01278     1137.5     -270.9      389.8      4.6      4.9      4.0 2023 10 18 14 21 34.95000076  0.0   1
