     2719  -1.6446346  101.1409912    3.38729       65.7     -439.7      764.3    241.2    142.4    151.2 2023  1  3  3 43 21.02000046  0.0   1
     2720  -1.6401848  101.1472900    3.50488      767.4       52.3      881.9    195.9    163.7    119.3 2023  1  3  3 52  5.73000002  0.0   1
     2721  -1.6349517  101.1446940    2.76360      478.1      631.0      140.7    113.7     91.3    109.8 2023  1  3  3 52 21.03000069  0.0   1
     2722  -1.6416285  101.1356527    2.90132     -527.6     -107.3      278.4    246.6    122.7    112.7 2023  1  3  3 52 34.75000000  0.0   1
     2723  -1.6356700  101.1488281    2.81379      937.8      551.6      190.8    202.4    100.5    121.5 2023  1  3  4  2 20.45000076  0.0   1
     2724  -1.6366261  101.1458659    2.77203      608.1      445.8      149.1    114.5    113.1     84.3 2023  1  4 20 11 39.40000153  0.0   1
     2725  -1.6421237  101.1398763    2.84565      -57.8     -162.0      222.7    129.7    106.6    124.8 2023  1  4 20 16 15.53999996  0.0   1
     2726  -1.6447484  101.1348470    2.67187     -617.1     -452.3       48.9    251.3    123.7    158.9 2023  1  4 20 17  9.68000031  0.0   1
     2727  -1.6505920  101.1244303    2.02107    -1777.0    -1098.4     -601.9    324.5    201.7    365.4 2023  1  4 20 18 22.71999931  0.0   1
     2729  -1.6614222  101.1366536    2.94287     -416.2    -2296.0      319.9    360.5    136.2    147.0 2023  1 11 13 28 50.43999863  0.0   1
     2734  -1.6420283  101.1412516    3.23563       95.3     -151.5      612.7    237.3    160.5    141.1 2023  1 20 18 30  0.36000001  0.0   1
     2735  -1.6419596  101.1284424    3.12154    -1330.6     -143.9      498.6    166.5    111.1     82.8 2023  1 20 19 10 25.45999908  0.0   1
     2736  -1.6372105  101.1454346    2.62857      560.8      381.2        5.6    110.6     95.9     91.4 2023  1 20 19 10 36.45999908  0.0   1
     2737  -1.6384579  101.1443115    2.50121      435.2      243.3     -121.7    115.7     89.3    103.6 2023  1 20 19 11 19.44000053  0.0   1
     2738  -1.6371482  101.1400065    3.22315      -43.2      388.1      600.2    218.3    143.8    105.3 2023  1 20 19 11 38.47999954  0.0   1
     2739  -1.6370890  101.1418538    2.60406      161.9      394.7      -18.9    120.8     86.7     92.6 2023  1 20 19 11 46.86000061  0.0   1
     2740  -1.6370300  101.1377116    2.59194     -298.8      401.2      -31.0    126.6     97.9     93.0 2023  1 20 19 12  2.07999992  0.0   1
     2741  -1.6365929  101.1420247    3.08308      181.5      449.5      460.1    153.4    117.9    102.3 2023  1 20 19 12 14.30000019  0.0   1
     2742  -1.6432240  101.1465169    2.64528      681.0     -283.7       22.3    202.0    103.8    141.2 2023  1 20 19 12 27.89999962  0.0   1
     2743  -1.6353488  101.1442708    2.96011      431.0      587.1      337.2    133.2    103.5     80.5 2023  1 20 19 12 41.43999863  0.0   1
     2744  -1.6338610  101.1447428    3.46929      483.3      751.6      846.3    195.4    137.4     96.5 2023  1 20 19 12 45.20000076  0.0   1
     2745  -1.6375100  101.1429362    3.42114      282.4      348.1      798.2    248.9    140.3    102.9 2023  1 20 19 12 58.77999878  0.0   1
     2746  -1.6429391  101.1437581    3.44635      374.3     -252.2      823.4    150.7    131.6     90.5 2023  1 20 19 13  8.81999969  0.0   1
     2747  -1.6429757  101.1380941    2.89226     -256.1     -256.3      269.3    179.0    104.0    106.6 2023  1 20 19 13 21.52000046  0.0   1
     2748  -1.6401754  101.1314209    2.75726     -998.8       53.4      134.3    149.0    114.3     79.2 2023  1 20 19 13 50.47999954  0.0   1
     2749  -1.6430410  101.1291178    2.43870    -1255.2     -263.5     -184.2    336.1    253.9    268.5 2023  1 20 19 13 59.40000153  0.0   1
     2750  -1.6434097  101.1367269    1.92438     -408.6     -304.3     -698.6    223.2    136.7    116.1 2023  1 20 19 14 14.26000023  0.0   1
     2751  -1.6392975  101.1428630    3.30759      274.6      150.5      684.7    326.8    134.1    149.3 2023  1 20 19 14 47.25999832  0.0   1
     2752  -1.6471929  101.1465413    3.23414      683.2     -722.6      611.2    388.3    270.4    241.7 2023  1 20 19 14 50.77999878  0.0   1
     2753  -1.6363499  101.1416423    3.34006      138.9      476.4      717.1    208.4    156.3     94.8 2023  1 20 19 15  4.05999994  0.0   1
     2754  -1.6371433  101.1441569    2.84691      418.2      388.7      224.0    104.9     97.8     95.7 2023  1 20 19 15 37.75999832  0.0   1
     2755  -1.6348059  101.1439209    2.67241      392.4      647.1       49.5    103.0     86.6     83.1 2023  1 20 19 15 47.91999817  0.0   1
     2756  -1.6364567  101.1464925    2.84026      678.4      464.6      217.3    155.1    103.5    104.8 2023  1 20 19 16  4.34000015  0.0   1
     2757  -1.6426943  101.1394694    3.02351     -102.9     -225.1      400.6    350.4    149.9    146.8 2023  1 20 19 16 23.39999962  0.0   1
     2758  -1.6383549  101.1466064    3.02874      690.9      254.7      405.8    163.9    120.3    113.2 2023  1 20 19 16 33.02000046  0.0   1
     2759  -1.6373038  101.1443848    2.96274      443.4      370.9      339.8    100.8    121.7     89.9 2023  1 20 19 16 54.11999893  0.0   1
     2760  -1.6363950  101.1503581    3.01246     1108.3      471.4      389.5    133.1    127.7    135.7 2023  1 20 19 17 18.65999985  0.0   1
     2761  -1.6360100  101.1453613    3.04063      552.5      514.0      417.7    147.1     98.8    100.4 2023  1 20 19 17 23.44000053  0.0   1
     2762  -1.6379648  101.1438151    2.75218      379.9      297.8      129.2    168.2     99.5    124.7 2023  1 20 19 17 53.41999817  0.0   1
     2763  -1.6393290  101.1201497    1.47373    -2253.2      147.0    -1149.2    142.5    202.7    176.3 2023  1 20 19 17 59.56000137  0.0   1
     2764  -1.6317483  101.1534912    3.01498     1456.8      985.2      392.0    171.4    153.4    113.2 2023  1 20 19 18 19.47999954  0.0   1
     2765  -1.6469674  101.1549723    3.87815     1621.7     -697.6     1255.2    214.9     96.5    192.8 2023  1 20 19 18 31.20000076  0.0   1
     2766  -1.6404886  101.1381348    2.96296     -251.7       18.8      340.0    183.5    119.5    111.1 2023  1 20 19 18 39.00000000  0.0   1
     2767  -1.6406193  101.1401204    3.13337      -30.5        4.3      510.4    209.8    152.0    141.2 2023  1 20 19 20 12.10000038  0.0   1
     2768  -1.6400782  101.1391276    3.08951     -141.0       64.1      466.6    189.3    131.3    111.0 2023  1 20 19 20 39.81999969  0.0   1
     2769  -1.6427851  101.1410156    3.22779       68.8     -235.2      604.8    240.0    139.8    144.3 2023  1 20 19 21  7.40000010  0.0   1
     2770  -1.6395930  101.1440430    3.01068      406.0      117.8      387.7    149.0     97.7     95.5 2023  1 20 19 21 18.81999969  0.0   1
     2771  -1.6392516  101.1473877    2.87122      777.5      155.5      248.3    156.7    117.6    101.7 2023  1 20 19 21 59.91999817  0.0   1
     2772  -1.6419955  101.1469320    4.06519      727.2     -147.9     1442.2    174.5    156.1    124.3 2023  1 20 19 22 12.19999981  0.0   1
     2773  -1.6392854  101.1592448    2.39942     2097.6      151.8     -223.5    210.2    160.9    191.9 2023  1 20 19 22 39.93999863  0.0   1
     2774  -1.6413066  101.1384359    3.40217     -217.9      -71.7      779.2    223.1    139.6    120.1 2023  1 20 19 22 45.40000153  0.0   1
     2775  -1.6437532  101.1319987    2.84728     -934.7     -342.2      224.3    166.3    103.5     78.8 2023  1 20 19 23  1.05999994  0.0   1
     2776  -1.6463132  101.1501221    2.37047     1082.2     -625.3     -252.5    203.1     93.2    178.6 2023  1 20 19 23  6.86000013  0.0   1
     2777  -1.6410732  101.1378906    2.65426     -278.7      -45.9       31.3    103.2    104.8     95.9 2023  1 20 19 24 26.95999908  0.0   1
     2778  -1.6451435  101.1279053    2.58317    -1390.0     -496.0      -39.8    359.5    242.3    311.9 2023  1 20 19 24 30.94000053  0.0   1
     2779  -1.6472936  101.1499349    2.57694     1061.1     -733.7      -46.0    223.9    166.0    144.9 2023  1 20 19 24 45.20000076  0.0   1
     2780  -1.6474145  101.1444010    2.04092      445.7     -747.1     -582.0    245.1    139.3    156.7 2023  1 20 19 24 52.18000031  0.0   1
     2782  -1.6374742  101.1486491    2.63620      918.0      352.1       13.3    140.9    116.5    114.2 2023  1 20 19 25 16.07999992  0.0   1
     2783  -1.6510872  101.1254964    1.77209    -1658.1    -1153.2     -850.9    261.9    160.2    315.7 2023  1 20 19 26 19.50000000  0.0   1
     2784  -1.6342551  101.1538737    2.79459     1499.5      708.0      171.6    247.5    174.8    177.5 2023  1 20 19 26 40.24000168  0.0   1
     2785  -1.6423124  101.1427979    4.00023      266.7     -182.9     1377.3    304.2    132.4    135.5 2023  1 20 19 26 53.72000122  0.0   1
     2786  -1.6436907  101.1399740    2.61779      -47.0     -335.3       -5.1    164.5    134.5    129.0 2023  1 20 19 28  3.14000010  0.0   1
     2787  -1.6412001  101.1420654    2.66411      185.8      -59.9       41.2    139.2     89.4     90.9 2023  1 20 19 28 27.34000015  0.0   1
     2788  -1.6392939  101.1450277    3.04358      514.8      150.9      420.6    127.7    101.3    109.9 2023  1 20 19 28 29.31999969  0.0   1
     2789  -1.6439045  101.1311361    2.24786    -1030.1     -359.0     -375.1    213.2    145.0    216.6 2023  1 20 19 28 39.91999817  0.0   1
     2790  -1.6478246  101.1389242    3.21121     -164.0     -792.4      588.3    260.4    117.6    146.2 2023  1 20 19 29 12.73999977  0.0   1
     2791  -1.6432240  101.1418050    2.94256      156.8     -283.7      319.6    214.5    120.3    138.2 2023  1 20 19 29 38.18000031  0.0   1
     2792  -1.6425568  101.1483887    2.74573      889.6     -209.9      122.8    126.1    108.2    112.8 2023  1 20 19 30 28.65999985  0.0   1
     2793  -1.6407361  101.1429199    2.77880      280.7       -8.6      155.9    218.4    103.3    122.1 2023  1 20 19 30 43.77999878  0.0   1
     2794  -1.6489764  101.1301595    2.32355    -1139.1     -919.8     -299.4    199.3    129.8    187.5 2023  1 20 19 30 58.61999893  0.0   1
     2795  -1.6358838  101.1552572    2.10675     1653.3      527.9     -516.2    282.6    193.1    226.3 2023  1 20 19 31  4.38000011  0.0   1
     2796  -1.6450900  101.1354004    2.20169     -556.1     -490.0     -421.3    224.4     97.3    113.5 2023  1 20 19 31  9.84000015  0.0   1
     2797  -1.6439912  101.1432129    3.08111      313.5     -368.5      458.2    147.9    137.5    140.3 2023  1 20 19 31 49.70000076  0.0   1
     2798  -1.6410065  101.1497965    3.15783     1046.3      -38.5      534.9    159.7    119.0    129.3 2023  1 20 19 32  3.83999991  0.0   1
     2799  -1.6416115  101.1475586    2.64352      796.6     -105.4       20.6    134.8     95.6    126.2 2023  1 20 19 32  9.02000046  0.0   1
     2800  -1.6391736  101.1404378    2.91305        4.5      164.2      290.1    111.4    106.8     95.9 2023  1 20 19 32 20.89999962  0.0   1
     2801  -1.6417555  101.1396077    2.78630      -88.0     -121.3      163.4    182.5     92.4     98.8 2023  1 20 19 32 52.88000107  0.0   1
     2802  -1.6408808  101.1431315    2.70418      304.0      -24.6       81.2    113.7     99.6    116.7 2023  1 20 19 32 59.25999832  0.0   1
     2803  -1.6417611  101.1415527    2.94474      128.2     -122.0      321.8    178.4    101.9     95.4 2023  1 20 19 33  9.80000019  0.0   1
     2804  -1.6469109  101.1356201    2.68292     -531.9     -691.4       60.0    460.9    170.1    121.6 2023  1 20 19 33 34.56000137  0.0   1
     2805  -1.6396927  101.1517578    2.90965     1264.1      106.8      286.7    128.3    118.9    123.9 2023  1 20 19 33 48.00000000  0.0   1
     2806  -1.6450181  101.1479899    3.08272      844.8     -482.1      459.8    170.5    113.1    135.3 2023  1 20 19 33 53.97999954  0.0   1
     2807  -1.6432664  101.1419189    2.66610      169.7     -288.4       43.2    284.4    131.1    146.4 2023  1 20 19 34 15.69999981  0.0   1
     2808  -1.6429639  101.1283936    1.72120    -1335.6     -255.0     -901.7    129.6     97.9    154.7 2023  1 20 19 34 33.22000122  0.0   1
     2809  -1.6492995  101.1325358    2.38799     -874.8     -955.5     -235.0    303.1    155.6    203.6 2023  1 20 19 34 48.20000076  0.0   1
     2810  -1.6420292  101.1403564    2.36149       -4.5     -151.6     -261.5    118.2     96.8    110.0 2023  1 20 19 34 58.11999893  0.0   1
     2811  -1.6428663  101.1416260    3.35138      136.5     -244.2      728.4    199.8    130.2    126.0 2023  1 20 19 35 21.10000038  0.0   1
     2812  -1.6446227  101.1374349    2.69723     -329.8     -438.4       74.3    165.4    113.3    126.6 2023  1 20 19 35 48.25999832  0.0   1
     2813  -1.6366657  101.1454346    2.82609      560.2      441.5      203.1    132.1     92.4    109.8 2023  1 20 19 36 32.65999985  0.0   1
     2814  -1.6409331  101.1433024    3.12656      322.9      -30.4      503.6    174.6    131.1    115.3 2023  1 20 19 36 50.90000153  0.0   1
     2815  -1.6376137  101.1424072    2.89568      223.9      336.6      272.7    131.1     84.9    106.5 2023  1 20 19 43 50.43999863  0.0   1
     2816  -1.6375673  101.1432454    3.33877      316.9      341.8      715.8    163.1    127.9     92.8 2023  1 20 19 43 54.97999954  0.0   1
     2817  -1.6382913  101.1437093    3.00935      368.5      261.7      386.4    132.6    117.7    115.1 2023  1 20 19 49 56.54000092  0.0   1
     2818  -1.6388944  101.1323812    3.26039     -891.8      195.0      637.4    191.9    118.1    116.3 2023  1 20 19 53 30.76000023  0.0   1
     2819  -1.6400658  101.1396810    2.85981      -79.7       65.5      236.9    150.2    119.9     99.3 2023  1 20 19 57 15.27999973  0.0   1
     2820  -1.6398932  101.1450602    2.64937      518.5       84.6       26.4    272.7    171.3    145.7 2023  1 20 19 57 23.65999985  0.0   1
     2821  -1.6356239  101.1456055    2.96821      579.2      556.7      345.3    242.4    191.4    115.3 2023  1 20 20 23  4.65999985  0.0   1
     2822  -1.6381802  101.1422852    3.08784      209.8      274.0      464.9    241.8    124.1    103.8 2023  1 21  1 56 37.25000000  0.0   1
     2823  -1.6453635  101.1475749    2.82098      798.2     -520.3      198.0    169.2    109.5    129.4 2023  1 30 17 30  4.76000023  0.0   1
     2824  -1.6468299  101.1365885    2.77722     -424.1     -682.4      154.3    204.1    105.8    121.6 2023  1 30 17 30 40.74000168  0.0   1
     2825  -1.6460946  101.1228353    2.03151    -1954.3     -601.1     -591.4    236.0    185.7    282.2 2023  2 18 22 35 10.69999981  0.0   1
     2826  -1.6463245  101.1426839    2.97490      254.7     -626.6      352.0    304.9     91.7    151.5 2023  2 18 22 38 25.92000008  0.0   1
     2827  -1.6460496  101.1367106    2.76223     -410.1     -596.2      139.3    182.3    104.6    118.7 2023  2 18 22 38 33.40000153  0.0   1
     2828  -1.6490363  101.1329427    2.24817     -829.9     -926.4     -374.8    354.5    183.5    256.1 2023  2 18 22 39  5.48000002  0.0   1
     2829  -1.6444928  101.1319906    2.32175     -935.9     -424.0     -301.2    237.2    144.9    155.4 2023  2 26 15 14 57.77000046  0.0   1
     2830  -1.6506163  101.1323079    2.11842     -900.5    -1101.1     -504.5    181.8    106.5    115.7 2023  2 27 22 34 11.93999958  0.0   1
     2831  -1.6427940  101.1434896    2.91976      343.9     -236.2      296.8    163.6    120.6    115.8 2023  2 27 22 34 17.97999954  0.0   1
     2832  -1.6523268  101.1335856    2.24170     -757.9    -1290.2     -381.2    190.1    140.8    163.3 2023  2 27 22 34 39.31999969  0.0   1
     2833  -1.6467304  101.1340007    2.65528     -711.9     -671.4       32.3    163.8     89.6     90.4 2023  2 27 22 34 42.22000122  0.0   1
     2834  -1.6392554  101.1401937    2.53353      -22.2      155.1      -89.4    135.0     80.2     97.0 2023  3  8  4 53 44.11000061  0.0   1
     2835  -1.6434886  101.1378825    2.96951     -279.7     -313.0      346.6    182.3    114.1    113.7 2023  3 12 23 29 24.12000084  0.0   1
     2836  -1.6420804  101.1371582    3.12745     -360.7     -157.3      504.5    215.8    118.0    101.9 2023  3 19 14 58 26.79999924  0.0   1
     2837  -1.6451157  101.1446289    3.07194      470.5     -492.9      449.0    171.4    104.2    119.0 2023  3 19 14 58 27.35000038  0.0   1
     2838  -1.6443198  101.1452393    2.94256      538.9     -404.9      319.6    154.7    123.3    120.3 2023  3 19 14 58 41.38999939  0.0   1
     2839  -1.6407906  101.1355957    3.20596     -534.0      -14.6      583.0    190.0    118.0     96.0 2023  3 19 14 59  5.11999989  0.0   1
     2840  -1.6421520  101.1332601    3.03205     -793.8     -165.2      409.1    168.0    103.7     93.9 2023  3 19 15  0 56.34000015  0.0   1
     2841  -1.6417440  101.1457194    3.02455      591.9     -120.1      401.6    127.8    107.9     88.4 2023  3 19 15  7 48.63000107  0.0   1
     2842  -1.6379354  101.1469645    2.96640      730.7      301.1      343.5    135.8    100.6    104.3 2023  3 19 15  8  6.13999987  0.0   1
     2843  -1.6421561  101.1447021    2.69781      479.3     -165.6       74.9    171.6     94.8    134.8 2023  3 19 15  8 45.77000046  0.0   1
     2844  -1.6426114  101.1485596    2.46932      908.5     -216.0     -153.6    173.4     95.5    172.5 2023  3 19 15 10  1.89999998  0.0   1
     2845  -1.6400235  101.1444092    3.31368      446.8       70.2      690.7    204.6    138.3    117.3 2023  3 19 15 10 17.05999947  0.0   1
     2846  -1.6475313  101.1412191    3.22642       91.9     -760.0      603.5    362.5    135.5    146.3 2023  3 19 15 10 42.45999908  0.0   1
     2847  -1.6416869  101.1513753    3.61249     1221.2     -113.7      989.6    151.9    180.2    141.3 2023  3 19 15 12  7.92000008  0.0   1
     2848  -1.6457623  101.1391439    3.15495     -139.0     -564.4      532.0    191.7    136.5    145.0 2023  3 19 15 12 41.66999817  0.0   1
     2849  -1.6442388  101.1428548    3.08029      273.8     -395.9      457.3    198.1    121.0    127.4 2023  3 19 15 13  3.02999997  0.0   1
     2850  -1.6470233  101.1412272    3.25561       92.0     -703.8      632.7    318.6    138.9    145.0 2023  3 19 15 13 29.22999954  0.0   1
     2851  -1.6491385  101.1413249    3.21856      103.6     -937.7      595.6    329.6    169.0    188.5 2023  3 19 15 14 14.53999996  0.0   1
     2852  -1.6442852  101.1285563    2.40828    -1317.8     -401.1     -214.7    135.8    127.6    106.0 2023  3 19 15 14 23.75000000  0.0   1
     2853  -1.6441849  101.1402832    2.61232      -12.7     -390.0      -10.6    187.0     96.8    106.0 2023  3 19 15 17  0.95999998  0.0   1
     2854  -1.6447422  101.1409831    2.70510       64.8     -451.6       82.2    179.0    109.8    134.9 2023  3 19 15 17 15.43000031  0.0   1
     2855  -1.6430735  101.1390137    2.69681     -153.9     -267.1       73.9    362.9    100.3    123.2 2023  3 19 15 17 23.26000023  0.0   1
     2856  -1.6457448  101.1337728    2.93669     -736.9     -562.5      313.7    165.1     93.1     92.5 2023  3 19 15 17 27.55999947  0.0   1
     2857  -1.6432941  101.1361979    2.60201     -467.3     -291.5      -20.9    376.0    146.0    157.7 2023  3 19 15 17 37.34000015  0.0   1
     2858  -1.6453201  101.1442301    2.61842      427.0     -515.5       -4.5    111.0    108.6    111.5 2023  3 30 10 37 55.43000031  0.0   1
     2859  -1.6429348  101.1459310    2.80365      615.5     -251.7      180.7    179.0    109.5    132.2 2023  3 30 10 38 31.47999954  0.0   1
     2860  -1.6456286  101.1369873    2.93656     -379.5     -549.6      313.6    553.0    225.5    178.1 2023  3 30 10 38 50.88000107  0.0   1
     2861  -1.6449702  101.1427083    3.21087      256.9     -476.8      587.9    314.5    132.3    131.1 2023  3 30 10 38 55.63999939  0.0   1
     2862  -1.6436480  101.1427816    2.42239      265.3     -330.6     -200.6     99.6     97.3    112.3 2023  3 30 10 39 42.11999893  0.0   1
     2863  -1.6435020  101.1384115    3.41415     -220.6     -314.5      791.2    170.5    105.3    104.5 2023  3 30 10 39 48.84999847  0.0   1
     2864  -1.6421213  101.1433512    2.67494      328.7     -161.8       52.0    113.0     71.7    100.3 2023  3 30 10 40  7.73999977  0.0   1
     2865  -1.6417492  101.1369954    2.77685     -378.6     -120.6      153.9    147.2     82.7    114.3 2023  3 30 10 40 14.48999977  0.0   1
     2866  -1.6402682  101.1372233    2.67719     -353.4       43.1       54.2    155.4     91.2     92.6 2023  3 30 10 40 28.92000008  0.0   1
     2867  -1.6463042  101.1395101    2.83684      -98.3     -624.3      213.9    157.7    106.9    125.8 2023  3 30 10 40 36.38999939  0.0   1
     2868  -1.6445875  101.1471354    2.45270      749.5     -434.5     -170.2    160.2    105.2    164.0 2023  3 30 10 40 42.43999863  0.0   1
     2869  -1.6542297  101.1331787    2.96502     -803.4    -1500.7      342.1    175.2     90.4    100.8 2023  3 30 10 41  9.31999969  0.0   1
     2870  -1.6408571  101.1404297    2.96306        4.0      -22.0      340.1    170.6    110.4    104.0 2023  3 30 10 41 20.13999939  0.0   1
     2871  -1.6481567  101.1362467    3.09284     -462.1     -829.1      469.9    237.0    108.5    124.6 2023  3 30 10 41 29.93000031  0.0   1
     2872  -1.6454390  101.1325846    2.30016     -869.5     -528.6     -322.8    154.5    101.6    106.7 2023  3 30 10 42  3.19000006  0.0   1
     2873  -1.6435137  101.1413900    2.68536      110.5     -315.7       62.4    176.1     77.1    106.1 2023  3 30 10 42 11.61999989  0.0   1
     2874  -1.6425353  101.1402425    2.94768      -17.4     -207.6      324.7    313.2    139.5    124.5 2023  3 30 10 45 34.45999908  0.0   1
     2875  -1.6437083  101.1318115    2.98647     -955.2     -337.3      363.5    175.6    104.7     85.7 2023  3 30 10 49 11.32999992  0.0   1
     2877  -1.6435464  101.1421305    2.67975      192.6     -319.4       56.8    128.1     93.1    121.5 2023  4  4 21 16 12.35999966  0.0   1
     2878  -1.6437969  101.1391113    3.12685     -143.1     -347.1      503.9    226.6    123.6    116.4 2023  4  4 21 17 38.91999817  0.0   1
     2879  -1.6472973  101.1364502    2.32036     -438.8     -734.1     -302.6    459.7    159.9    218.9 2023  4  4 21 19 37.68000031  0.0   1
     2880  -1.6439280  101.1477783    2.76394      821.3     -361.6      141.0    116.3     91.5    118.6 2023  4  4 21 20  7.90000010  0.0   1
     2881  -1.6430354  101.1365804    2.53873     -424.5     -262.9      -84.2    159.8     86.8    118.7 2023  4  4 21 21 24.20000076  0.0   1
     2882  -1.6458295  101.1500488    2.38147     1074.4     -571.8     -241.5    138.1    139.7    158.8 2023  4  4 21 21 37.93999863  0.0   1
     2883  -1.6506682  101.1323079    2.26046     -899.7    -1106.8     -362.5    208.9    145.7    225.4 2023  4  4 21 21 52.75999832  0.0   1
     2884  -1.6500544  101.1401855    2.52140      -23.2    -1039.0     -101.5    429.6    106.5    117.7 2023  4  4 21 21 54.95999908  0.0   1
     2885  -1.6435811  101.1401693    3.32410      -25.1     -323.2      701.2    229.4    132.4    152.4 2023  4  4 21 22  3.64000010  0.0   1
     2886  -1.6466897  101.1393311    2.71925     -118.5     -666.9       96.3    229.5    105.4    113.4 2023  4  7  6 28 12.28999996  0.0   1
     2889  -1.6011823  101.1214681    1.94454    -2106.7     4365.0     -678.4    636.0    574.1    506.5 2023  4 14  5 51 20.79999924  0.0   1
     2890  -1.6044384  101.1189779    2.09488    -2383.7     4005.0     -528.1    590.0    658.1    458.5 2023  4 14  5 51 25.79999924  0.0   1
     2893  -1.6397864  101.1406657    2.87773       30.1       96.4      254.8    369.5    190.9    154.8 2023  5 15 17 26 39.81999969  0.0   1
     2894  -1.6394396  101.1480225    2.89556      848.1      134.7      272.6    198.9    159.8    111.5 2023  5 15 17 32 30.39999962  0.0   1
     2895  -1.6485444  101.1399740    2.74844      -47.2     -872.0      125.5    404.9    180.5    184.7 2023  5 19 22 49 48.45999908  0.0   1
     2896  -1.6432180  101.1361328    3.01801     -474.4     -283.1      395.1    291.8    205.4    210.9 2023  5 19 22 54 49.02000046  0.0   1
     2897  -1.6407777  101.1400553    2.95325      -38.2      -13.2      330.3    214.0    150.5    143.7 2023  5 19 22 54 53.54000092  0.0   1
     2901  -1.6428293  101.1319255    2.89305     -942.7     -240.1      270.1    200.1    109.3     88.2 2023  5 27 15 42  8.60000038  0.0   1
     2903  -1.6306323  101.1270020    2.05831    -1490.9     1108.6     -564.6    160.8    161.7     86.0 2023  5 28 18 49 16.21999931  0.0   1
     2905  -1.6481125  101.1226074    2.47161    -1979.1     -824.2     -151.3    193.0    108.4    130.0 2023  6  6  1 40 44.04000092  0.0   1
     2906  -1.6419889  101.1309326    2.14735    -1052.8     -147.1     -475.6    134.2    111.0    111.6 2023  6  6  1 42 24.76000023  0.0   1
     2907  -1.6446484  101.1312012    2.79743    -1023.5     -441.2      174.5    163.3     94.9     80.8 2023  6  6  1 48 22.26000023  0.0   1
     2908  -1.6414125  101.1443685    2.92714      442.0      -83.4      304.2    221.4    132.2    100.6 2023  6  6  1 48 43.06999969  0.0   1
     2909  -1.6450610  101.1473796    3.00314      777.1     -486.8      380.2    180.7    111.0    138.3 2023  6  6  1 51 12.57999992  0.0   1
     2910  -1.6462360  101.1466797    3.25641      699.4     -616.8      633.5    230.7    172.2    152.7 2023  6  6  1 51 15.86999989  0.0   1
     2911  -1.6462912  101.1391439    2.96133     -139.8     -622.9      338.4    246.9    126.4    127.1 2023  6  6  1 51 30.25000000  0.0   1
     2912  -1.6463017  101.1444824    3.34827      454.4     -624.0      725.3    194.3    122.0    135.8 2023  6  6  1 52 19.11000061  0.0   1
     2913  -1.6444667  101.1393473    3.12707     -116.5     -421.1      504.1    203.6    103.2    123.0 2023  6  6  1 52 40.33000183  0.0   1
     2914  -1.6424564  101.1417074    3.60073      145.6     -198.8      977.8    242.4    177.9    149.6 2023  6  6  1 52 50.29999924  0.0   1
     2915  -1.6473049  101.1324056    3.06757     -888.9     -735.0      444.6    181.2     98.2     93.3 2023  6  6  1 53 28.01000023  0.0   1
     2916  -1.6505936  101.1443604    2.84034      441.1    -1098.6      217.4    365.5    135.1    171.4 2023  6  6  1 54  5.28999996  0.0   1
     2917  -1.6470926  101.1428304    2.82247      270.7     -711.5      199.5    142.9    118.9    140.1 2023  6  6  1 54 28.88999939  0.0   1
     2918  -1.6431978  101.1248535    3.08574    -1729.7     -280.8      462.8    152.4    119.7    128.1 2023  6  6  1 54 37.52999878  0.0   1
     2919  -1.6448346  101.1555257    3.08000     1683.8     -461.8      457.1    241.0    211.5    265.8 2023  6  6  1 54 44.18999863  0.0   1
     2920  -1.6439903  101.1685791    0.05227     3135.5     -368.4    -2570.7    405.5    333.5    770.0 2023  6  6  1 54 53.20000076  0.0   1
     2921  -1.6468967  101.1232829    1.47945    -1904.5     -689.8    -1143.5    130.5    115.7    145.2 2023  6  6  1 55 12.25000000  0.0   1
     2922  -1.6424177  101.1340413    3.21614     -706.8     -194.6      593.2    236.9    152.5    130.8 2023  6  6  1 55 25.79999924  0.0   1
     2923  -1.6460665  101.1387370    2.77627     -184.4     -598.0      153.3    269.5    101.9    109.8 2023  6  6  1 55 44.54999924  0.0   1
     2924  -1.6435153  101.1369710    3.23647     -381.2     -315.9      613.5    215.3    119.6    118.2 2023  6  6  1 55 52.50999832  0.0   1
     2925  -1.6399610  101.1389811    3.05499     -157.9       77.1      432.0    909.6    289.9    252.5 2023  6  6  1 56  1.14999998  0.0   1
     2926  -1.6447121  101.1465983    3.74259      690.2     -448.3     1119.6    222.9    168.6    154.3 2023  6  6  1 56  8.31999969  0.0   1
     2927  -1.6503835  101.1218262    0.73102    -2066.8    -1075.4    -1891.9    210.2    173.0    333.5 2023  6  6  1 56 16.76000023  0.0   1
     2928  -1.6430792  101.1397298    3.02899      -73.9     -267.7      406.1    180.3    120.2    120.4 2023  6  6  1 56 29.04999924  0.0   1
     2929  -1.6493441  101.1223633    1.64223    -2006.4     -960.4     -980.7    150.1    108.3    192.7 2023  6  6  1 56 36.79000092  0.0   1
     2930  -1.6405374  101.1433105    3.00126      324.4       13.4      378.3    154.9     92.2    110.3 2023  6  6  1 57 14.22000027  0.0   1
     2931  -1.6409476  101.1349040    2.84579     -611.5      -32.0      222.9    186.3    104.5     90.6 2023  6  6  1 57 25.55999947  0.0   1
     2932  -1.6389348  101.1436523    2.61448      361.8      190.6       -8.5    115.7     89.4     97.4 2023  6  6  1 57 28.88999939  0.0   1
     2933  -1.6400351  101.1378337    2.54051     -285.2       68.9      -82.4    144.7     81.8     95.3 2023  6  6  1 57 37.61999893  0.0   1
     2934  -1.6429193  101.1372803    3.62370     -347.0     -250.0     1000.8    172.2    150.2    135.1 2023  6  6  1 57 45.38000107  0.0   1
     2935  -1.6347462  101.1345459    3.06857     -651.4      653.7      445.6    214.5    136.1     96.9 2023  6  6  1 58  3.48000002  0.0   1
     2936  -1.6453993  101.1355794    3.18526     -535.9     -524.3      562.3    222.1    107.7    102.1 2023  6  6  1 58 51.29000092  0.0   1
     2937  -1.6530862  101.1468913    2.21220      722.9    -1374.2     -410.7    146.5    125.2    232.1 2023  6  6  1 59  4.92000008  0.0   1
     2938  -1.6488522  101.1223226    1.92670    -2011.3     -906.0     -696.2    363.1    207.1    378.5 2023  6  6  2  0 18.29000092  0.0   1
     2939  -1.6393230  101.1412028    2.98552       89.5      147.6      362.6    170.1    118.6     87.2 2023  6  6  2  0 50.33000183  0.0   1
     2940  -1.6431969  101.1405843    2.99043       21.1     -280.7      367.5    148.6     98.7    100.6 2023  6  6  2  1 17.14999962  0.0   1
     2941  -1.6446821  101.1431559    2.91931      307.2     -444.9      296.4    195.3    158.1    143.1 2023  6  6  2  1 29.55999947  0.0   1
     2942  -1.6411151  101.1446208    2.83998      470.3      -50.5      217.0    146.9     88.4     96.6 2023  6  6  2  1 36.97999954  0.0   1
     2943  -1.6406901  101.1463704    2.10650      664.9       -3.5     -516.4    188.8    173.1    166.4 2023  6  6  2  1 54.45999908  0.0   1
     2944  -1.6392348  101.1346842    2.98490     -636.0      157.4      362.0    156.7    104.7     74.5 2023  6  6  2  2 19.39999962  0.0   1
     2945  -1.6457188  101.1385010    2.45979     -210.8     -559.6     -163.2    324.8    183.9    177.6 2023  6  6  2  3 32.54000092  0.0   1
     2946  -1.6473867  101.1440104    2.92585      401.9     -744.0      302.9    158.6     97.8    126.0 2023  6  6  2  5 16.29999924  0.0   1
     2947  -1.6309924  101.1451497    2.55621      529.2     1068.8      -66.7    153.8    123.4     87.2 2023  6  6  2 11 56.61000061  0.0   1
     2948  -1.6410966  101.1367432    3.04339     -406.5      -48.5      420.4    155.5    108.7    121.9 2023  6  6  2 57 14.14999962  0.0   1
     2949  -1.6406591  101.1436035    2.98840      356.8       -0.1      365.5    152.9    101.7     99.6 2023  6  6  2 57 29.37000084  0.0   1
     2950  -1.6398197  101.1517171    2.83401     1259.2       92.7      211.1    154.6     97.9    125.8 2023  6  6  2 57 54.09999847  0.0   1
     2951  -1.6367109  101.1465983    1.85113      690.0      436.5     -771.8    141.2    102.0    127.2 2023  6  6  2 58  2.06999993  0.0   1
     2952  -1.6405969  101.1525716    2.01357     1355.0        6.8     -609.4    192.1    136.6    210.3 2023  6  6  2 58 17.95000076  0.0   1
     2953  -1.6457476  101.1426514    2.61285      250.4     -562.8      -10.1    307.9     78.6    104.0 2023  6  6  2 58 41.36999893  0.0   1
     2954  -1.6440166  101.1474854    2.66448      788.6     -371.4       41.5    111.6     90.5    116.0 2023  6  6  2 59 47.00999832  0.0   1
     2955  -1.6436145  101.1334717    3.07000     -770.8     -326.9      447.1    359.0    191.9    229.6 2023  6  6 22 40 15.80000019  0.0   1
     2961  -1.6345645  101.1205973    2.56604    -2203.0      673.8      -56.9    334.3    411.2    223.2 2023  6 27 17 47  0.12000000  0.0   1
     2962  -1.6422668  101.1402913    2.51886      -11.7     -177.9     -104.1    141.2     86.8    102.4 2023  7  4 19 19 48.45999908  0.0   1
     2964  -1.6242349  101.1010824    0.83903    -4374.4     1816.0    -1783.9    310.7   1147.3    755.0 2023  7  5  0 17 41.68999863  0.0   1
     2967  -1.6436268  101.1120199    2.73450    -3158.0     -328.2      111.6    364.3    429.0    264.3 2023  7 14 23 38 10.26000023  0.0   1
     2968  -1.6415746  101.1349691    2.81164     -604.3     -101.3      188.7    189.6     93.5     82.3 2023  7 15  2  2 49.29000092  0.0   1
     2969  -1.6412975  101.1332601    2.77355     -794.3      -70.7      150.6    194.0    106.2     93.5 2023  7 15  2  5 39.86000061  0.0   1
     2972  -1.6390967  101.1348389    2.68907     -618.8      172.7       66.1    160.3     95.0     80.4 2023  7 15  9 27  6.65999985  0.0   1
     2973  -1.6399134  101.1428467    2.75550      272.1       82.4      132.6    110.7     76.8     87.7 2023  7 15  9 29 55.13999939  0.0   1
     2974  -1.6413811  101.1426921    2.61794      255.0      -79.9       -5.0    102.8     80.7     95.5 2023  7 15  9 30  2.75999999  0.0   1
     2975  -1.6415950  101.1410400    2.73140       71.5     -103.6      108.5    139.1     85.2    104.0 2023  7 15  9 30 27.43000031  0.0   1
     2976  -1.6410577  101.1392253    2.49542     -130.4      -44.2     -127.5    135.3    113.5    120.0 2023  7 15  9 31 39.70999908  0.0   1
     2977  -1.6341213  101.1180339    1.85615    -2488.3      722.8     -766.8    223.5    149.1    239.1 2023  7 17 15  4 33.40000153  0.0   1
     2978  -1.6379325  101.1412598    2.62469       96.1      301.4        1.8    144.3     80.9     98.7 2023  7 19  2  5 31.29000092  0.0   1
     2979  -1.6382973  101.1432129    3.28731      313.2      261.1      664.4    140.8    118.9     97.6 2023  7 19  2 18 47.72999954  0.0   1
     2980  -1.6444115  101.1378092    3.15640     -287.9     -415.0      533.5    246.4    115.0    120.6 2023  7 19  2 21  5.59999990  0.0   1
     2981  -1.6347856  101.1572428    2.69866     1874.2      649.4       75.7    158.1    134.1    139.0 2023  7 19  2 21  8.77999973  0.0   1
     2982  -1.6382219  101.1423014    3.13137      212.1      269.4      508.4    160.4    115.4    108.8 2023  7 19  2 59 40.54000092  0.0   1
     2983  -1.6383681  101.1417480    2.83693      150.8      253.2      214.0    107.6     96.6     74.5 2023  7 19  3  0  3.86999989  0.0   1
     2984  -1.6394028  101.1433757    2.40855      331.8      138.8     -214.4    166.9     99.3    109.2 2023  7 19  3  0 15.28999996  0.0   1
     2985  -1.6362171  101.1433350    2.60090      327.1      491.1      -22.0    130.3    135.4    123.2 2023  7 19  3  0 25.79000092  0.0   1
     2986  -1.6407337  101.1397705    3.19618      -69.6       -8.4      573.2    282.0    134.0    115.4 2023  7 19  3  1  0.31999999  0.0   1
     2987  -1.6451767  101.1423258    2.74641      214.7     -499.6      123.5    127.0     88.5     98.3 2023  7 19  3  1 12.77000046  0.0   1
     2988  -1.6402551  101.1432861    2.51128      321.2       44.6     -111.7    119.3     94.5    122.4 2023  7 19  3  1 20.85000038  0.0   1
     2989  -1.6386665  101.1333903    3.03477     -779.7      220.2      411.8    157.0    101.5     86.9 2023  7 19  3  1 31.04999924  0.0   1
     2990  -1.6424356  101.1447591    2.77907      485.3     -196.5      156.1    187.6    169.8    139.9 2023  7 19  3  1 58.95000076  0.0   1
     2991  -1.6397891  101.1425944    3.29691      244.7       96.1      674.0    183.5    136.9    117.2 2023  7 19  3  2 24.22999954  0.0   1
     2992  -1.6408072  101.1359375    2.84729     -496.3      -16.5      224.3    185.7    110.3    112.5 2023  7 19  3  2 31.32999992  0.0   1
     2994  -1.6442772  101.1523031    2.68409     1325.0     -400.2       61.2    207.0    144.8    192.5 2023  7 19  3  3  5.17000008  0.0   1
     2995  -1.6426745  101.1413900    2.77475      110.0     -222.9      151.8    214.0    116.1    112.2 2023  7 19  3  3 49.45000076  0.0   1
     2996  -1.6363279  101.1450195    2.87085      514.0      478.8      247.9    113.3     99.8     84.1 2023  7 19  3  4 25.73999977  0.0   1
     2997  -1.6359239  101.1371338    2.74720     -362.8      523.5      124.3    197.5    116.8     77.8 2023  7 19  3  4 42.90000153  0.0   1
     2998  -1.6381811  101.1368896    3.05159     -390.7      273.9      428.6    174.2    123.4     97.4 2023  7 19  3  4 47.33000183  0.0   1
     2999  -1.6355133  101.1323975    3.32718     -890.1      568.9      704.2    199.3    134.7    102.4 2023  7 19  3  5 55.38999939  0.0   1
     3000  -1.6389566  101.1464437    2.64475      673.2      188.1       21.8    150.3    115.4    125.0 2023  7 19  3  6 34.20999908  0.0   1
     3001  -1.6386018  101.1426514    2.68667      250.6      227.4       63.7    107.7    101.4    112.4 2023  7 19  3  7 18.03000069  0.0   1
     3002  -1.6449192  101.1413656    2.65587      108.0     -471.2       32.9    152.8    129.7    133.5 2023  7 19  3  7 20.17000008  0.0   1
     3003  -1.6365059  101.1491130    3.05170      969.4      459.1      428.8    153.5    124.4    113.6 2023  7 19  3  8 37.70999908  0.0   1
     3004  -1.6396147  101.1428467    3.00426      272.8      115.4      381.3    220.5    123.3    101.1 2023  7 19  3 10 29.87999916  0.0   1
     3005  -1.6377394  101.1436849    2.69060      365.5      322.7       67.7     97.0     88.5     85.9 2023  7 19  3 11  7.88000011  0.0   1
     3006  -1.6370814  101.1363037    2.86633     -455.9      395.5      243.4    198.2    112.9     78.7 2023  7 19  3 12 10.78999996  0.0   1
     3007  -1.6417849  101.1519775    2.96349     1288.4     -124.6      340.5    135.7    138.6    131.7 2023  7 19  3 14 29.62999916  0.0   1
     3008  -1.6397685  101.1468262    2.20503      715.6       98.4     -417.9    149.6     99.7    135.4 2023  7 19  3 14 38.36000061  0.0   1
     3009  -1.6404943  101.1391683    2.38778     -136.4       18.1     -235.2    147.9     88.0    104.2 2023  7 19  3 17 13.86999989  0.0   1
     3010  -1.6418531  101.1428141    2.76463      268.9     -132.1      141.7    192.4    166.8    117.5 2023  7 19  3 22  8.31999969  0.0   1
     3011  -1.6371979  101.1422770    2.76567      208.9      382.6      142.7    102.0     89.1     78.8 2023  7 19  3 23  0.50000000  0.0   1
     3012  -1.6398551  101.1438395    2.47948      383.4       88.8     -143.5    136.5     82.7    119.1 2023  7 19  3 23 19.36000061  0.0   1
     3013  -1.6413189  101.1402669    2.66311      -14.1      -73.1       40.2    117.0     97.2    117.7 2023  7 19  3 23 22.77000046  0.0   1
     3014  -1.6383390  101.1405436    2.86344       16.6      256.4      240.5    123.4    109.9     92.3 2023  7 19  3 23 38.40000153  0.0   1
     3015  -1.6391083  101.1414876    2.55514      121.0      171.4      -67.8    122.5     72.6    108.2 2023  7 19  3 24  8.73999977  0.0   1
     3016  -1.6385468  101.1384033    2.57957     -221.7      233.5      -43.4    139.5     85.1    104.0 2023  7 19  3 24 11.84000015  0.0   1
     3017  -1.6426998  101.1432617    2.93699      318.7     -225.7      314.0    139.7    101.1    102.5 2023  7 19  3 24 18.10000038  0.0   1
     3018  -1.6377033  101.1411051    2.55899       78.4      326.7      -64.0    120.5     84.0     91.7 2023  7 19  3 26 25.94000053  0.0   1
     3019  -1.6434863  101.1352620    2.75778     -571.0     -312.7      134.8    480.4    206.9    170.4 2023  7 19  3 26 54.45000076  0.0   1
     3020  -1.6417255  101.1404460    2.84262        5.4     -118.0      219.7    242.1    135.7    123.7 2023  7 19  3 28  6.32000017  0.0   1
     3021  -1.6347987  101.1407308    3.00926       37.5      647.9      386.3    230.8    139.7     97.1 2023  7 19  3 28 11.30000019  0.0   1
     3022  -1.6408226  101.1554118    2.57607     1670.9      -18.2      -46.9    169.2    157.6    150.3 2023  7 19  3 29  4.26999998  0.0   1
     3023  -1.6460597  101.1339111    2.51734     -722.0     -597.3     -105.6    164.2     92.7     88.8 2023  7 19  3 30 50.99000168  0.0   1
     3024  -1.6473986  101.1376709    2.52025     -303.4     -745.3     -102.7    232.9     89.4    105.8 2023  7 19  3 37 19.65999985  0.0   1
     3025  -1.6431730  101.1414876    2.87302      121.2     -278.1      250.1    262.1    114.0    116.7 2023  7 19  3 39 24.28000069  0.0   1
     3026  -1.6461116  101.1293783    2.45135    -1226.1     -603.0     -171.6    166.3    123.6    116.9 2023  7 19  3 48 22.11000061  0.0   1
     3027  -1.6392028  101.1353190    3.08205     -564.9      160.9      459.1    183.0    139.3    126.1 2023  7 19 19  1 51.08000183  0.0   1
     3028  -1.6430256  101.1339925    2.57085     -712.6     -261.8      -52.1    328.8     98.8    119.5 2023  7 20  1 15 46.22999954  0.0   1
     3029  -1.6417175  101.1323730    2.23161     -893.3     -117.1     -391.3    175.6     95.5    104.7 2023  7 20  1 16 25.07999992  0.0   1
     3030  -1.6395392  101.1250407    2.94082    -1709.0      123.7      317.9    184.4    108.0     99.3 2023  7 20  1 18 27.22999954  0.0   1
     3031  -1.6431032  101.1408285    2.46936       47.8     -270.3     -153.6    126.1    114.1    137.0 2023  7 20 16 59 18.79999924  0.0   1
     3032  -1.6397494  101.1370361    2.69622     -374.2      100.5       73.3    458.9    217.6    167.1 2023  7 21  6 50 53.00999832  0.0   1
     3033  -1.6529292  101.1329346    2.17281     -830.3    -1356.8     -450.1    196.7    113.5    161.4 2023  7 21 12 31 45.83000183  0.0   1
     3034  -1.6456206  101.1336914    2.67283     -746.1     -548.7       49.9    198.8     88.2    139.3 2023  7 23  3 56 19.47999954  0.0   1
     3037  -1.6412106  101.1388835    1.51636     -168.7      -61.1    -1106.6    228.5    152.3    209.3 2023  7 31 23 41 35.38000107  0.0   1
     3042  -1.6423124  101.1440999    3.40778      412.1     -182.9      784.8    224.4    147.5    131.9 2023  8 25 22  0  2.96000004  0.0   1
     3043  -1.6402289  101.1448405    2.93948      494.8       47.5      316.5    148.3     95.6     95.0 2023  8 25 22  1 20.63999939  0.0   1
     3044  -1.6536257  101.1322184    2.25798     -910.2    -1433.9     -365.0    204.9    116.7    199.0 2023  8 25 22  1 29.57999992  0.0   1
     3045  -1.6389013  101.1403320    2.51086       -6.9      194.3     -112.1    151.3     77.0     92.6 2023  8 25 22  1 39.70000076  0.0   1
     3046  -1.6396305  101.1438883    2.76332      388.5      113.6      140.4    171.0     96.0    108.6 2023  8 25 22  2 23.94000053  0.0   1
     3047  -1.6403914  101.1416667    2.79903      141.5       29.5      176.1    108.9     70.6     81.2 2023  8 25 22  2 28.13999939  0.0   1
     3048  -1.6418667  101.1467855    2.63064      711.0     -133.6        7.7    121.7    130.9    140.5 2023  8 25 22  2 42.25999832  0.0   1
     3049  -1.6443568  101.1351644    2.45255     -582.0     -409.0     -170.4    284.6    119.1    121.6 2023  8 25 22  2 51.50000000  0.0   1
     3050  -1.6402978  101.1415853    2.89182      132.2       39.8      268.9    107.6     86.7     75.2 2023  8 25 22  2 58.43999863  0.0   1
     3051  -1.6398331  101.1503174    1.82762     1104.0       91.2     -795.3    472.2    503.2    497.1 2023  8 25 22  3 19.87999916  0.0   1
     3052  -1.6392993  101.1387858    2.69396     -179.4      150.3       71.0    154.0    109.3     94.7 2023  8 25 22  3 24.92000008  0.0   1
     3054  -1.6447032  101.1434082    2.70828      335.4     -447.3       85.3    143.0     98.4    111.2 2023  8 25 22  3 32.50000000  0.0   1
     3055  -1.6439966  101.1393066    3.11306     -121.7     -369.1      490.1    242.4    107.5    113.2 2023  8 25 22  3 45.52000046  0.0   1
     3056  -1.6477315  101.1241781    2.09564    -1804.4     -782.1     -527.3    134.9    115.9    177.2 2023  8 25 22  4 22.10000038  0.0   1
     3057  -1.6444798  101.1472168    3.25139      758.7     -422.6      628.4    158.1    109.4    119.0 2023  8 25 22  4 39.36000061  0.0   1
     3058  -1.6428474  101.1381836    3.25584     -246.1     -242.1      632.9    203.4    127.9    130.1 2023  8 25 22  4 42.74000168  0.0   1
     3059  -1.6397015  101.1510173    2.47543     1181.5      105.8     -147.5    131.9    108.8    122.0 2023  8 25 22  5 22.65999985  0.0   1
     3060  -1.6350591  101.1575684    2.41472     1910.6      619.1     -208.2    202.0    132.9    211.0 2023  8 25 22  5 45.79999924  0.0   1
     3061  -1.6396970  101.1321045    3.02856     -923.1      106.3      405.6    141.3     70.2     79.3 2023  8 25 22  7 34.09999847  0.0   1
     3062  -1.6419713  101.1417399    2.77551      149.5     -145.2      152.6    137.8     94.7    114.6 2023  8 25 22  9 17.42000008  0.0   1
     3063  -1.6432364  101.1428548    2.61726      273.1     -285.1       -5.7    122.3    111.0    124.4 2023  8 25 22  9 21.89999962  0.0   1
     3064  -1.6382702  101.1373698    3.27414     -337.2      264.1      651.2    152.2    126.7     99.1 2023  8 25 22  9 33.65999985  0.0   1
     3065  -1.6304033  101.1683350    1.15841     3108.9     1133.9    -1464.5    417.3    535.5    699.6 2023  8 25 22  9 50.97999954  0.0   1
     3066  -1.6443420  101.1528890    2.49418     1389.8     -407.3     -128.8    236.4    151.2    197.8 2023  8 25 22 11 54.90000153  0.0   1
     3067  -1.6403137  101.1549235    2.98753     1616.9       38.1      364.6    260.9    204.3    188.2 2023  8 25 22 12 15.19999981  0.0   1
     3068  -1.6417249  101.1567139    2.24936     1815.8     -117.9     -373.6    259.9    173.5    250.1 2023  8 25 22 14 11.64000034  0.0   1
     3069  -1.6435299  101.1402181    2.44445      -19.9     -317.5     -178.5    300.7    191.9    169.6 2023  8 28 21 39 39.09999847  0.0   1
     3070  -1.6475534  101.1264404    2.36869    -1553.3     -762.4     -254.3    182.5    101.6    209.4 2023  8 28 22  8 57.27999878  0.0   1
     3071  -1.6364183  101.1407145    2.64709       34.9      468.8       24.2    119.2     86.1     98.4 2023  8 29 14 22 51.02999878  0.0   1
     3072  -1.6407171  101.1346110    2.96719     -643.8       -6.5      344.2    211.1    114.3     89.7 2023  8 29 18 13 50.74000168  0.0   1
     3074  -1.6452057  101.1458740    2.73289      609.0     -502.8      109.9    163.6    140.4    136.1 2023  8 30  1 31 17.67000008  0.0   1
     3075  -1.6434129  101.1328776    1.82586     -837.1     -304.6     -797.1    345.7    158.6    262.1 2023  8 30  5 46 14.44999981  0.0   1
     3076  -1.6381001  101.1451823    2.36130      532.2      282.9     -261.6    239.4    111.6    116.8 2023  8 30  5 46 27.07999992  0.0   1
     3077  -1.6422138  101.1448812    2.56462      498.7     -172.0      -58.3    332.6    155.8    117.2 2023  8 30  5 47  3.69000006  0.0   1
     3078  -1.6452115  101.1334961    2.55600     -767.9     -503.5      -66.9    149.7    101.9    107.2 2023  8 30  5 47  5.53999996  0.0   1
     3079  -1.6419367  101.1412598    2.55425       96.1     -141.4      -68.7    190.2     76.8    114.0 2023  8 30  5 47 14.06000042  0.0   1
     3080  -1.6446419  101.1521973    2.43544     1312.6     -440.5     -187.5    175.1    155.0    165.1 2023  8 30  5 47 22.72999954  0.0   1
     3081  -1.6417497  101.1417155    2.07655      147.0     -120.7     -546.4    151.9    145.5    148.6 2023  8 30  5 47 28.44000053  0.0   1
     3082  -1.6458754  101.1602783    0.25285     2212.4     -576.9    -2370.1    171.6    215.2    491.8 2023  8 30  5 47 37.99000168  0.0   1
     3083  -1.6423323  101.1302409    1.04602    -1129.8     -185.1    -1576.9    378.6    211.9    370.6 2023  8 30  5 47 51.20000076  0.0   1
     3084  -1.6439654  101.1451253    2.74901      525.7     -365.7      126.1    164.4     89.6    107.2 2023  8 30  5 50 22.00000000  0.0   1
     3085  -1.6412736  101.1404948    2.31040       10.6      -68.1     -312.5    225.3    140.8    124.5 2023  8 30  5 50 28.25000000  0.0   1
     3086  -1.6463505  101.1549723    3.36269     1621.6     -629.4      739.7    183.2    163.4    164.5 2023  8 30 14 17 58.83000183  0.0   1
     3087  -1.6390194  101.1510824    2.73677     1188.6      181.2      113.8    163.7    123.4    133.4 2023  8 30 14 22 58.09000015  0.0   1
     3088  -1.6437099  101.1376546    2.01563     -305.2     -337.4     -607.3    240.2     99.6    134.5 2023  8 30 14 35 52.65000153  0.0   1
     3094  -1.6416111  101.1388265    2.50911     -174.6     -105.4     -113.8    166.2    102.8    122.7 2023  9 13 15 18 58.20999908  0.0   1
     3095  -1.6419085  101.1463949    2.43434      667.1     -138.3     -188.6    153.2    110.6    148.2 2023  9 14 16  1  7.05999994  0.0   1
     3096  -1.6405481  101.1543945    2.49177     1557.3       12.2     -131.2    132.9     88.5    127.7 2023  9 14 16  1 16.52000046  0.0   1
     3097  -1.6444623  101.1421549    2.86892      195.9     -420.6      246.0    358.6    177.1    165.7 2023  9 14 16  1 24.82999992  0.0   1
     3098  -1.6539796  101.1423421    2.65825      216.2    -1473.0       35.3    268.1    200.3    226.0 2023  9 14 16  3 59.18000031  0.0   1
     3099  -1.6423573  101.1404622    2.60729        7.4     -187.9      -15.7    105.1     64.2    108.6 2023  9 14 16  4  8.14000034  0.0   1
     3100  -1.6407820  101.1438802    3.25003      387.2      -13.7      627.1    181.5    145.0    119.5 2023  9 14 16  7 36.65999985  0.0   1
     3101  -1.6418826  101.1407633    2.58993       40.6     -135.4      -33.0    175.6     75.3    100.5 2023  9 14 16  7 43.02999878  0.0   1
     3102  -1.6445838  101.1263672    1.54913    -1561.2     -434.1    -1073.8    205.0    102.6    204.9 2023  9 14 16 10 57.36000061  0.0   1
     3103  -1.6447984  101.1467529    2.89727      707.4     -457.8      274.3    137.7     85.6    108.5 2023  9 14 16 11 12.31000042  0.0   1
     3104  -1.6475267  101.1519043    2.50598     1280.3     -759.5     -117.0    142.7    158.6    191.9 2023  9 14 16 11 17.97999954  0.0   1
     3105  -1.6420006  101.1399251    2.70871      -52.6     -148.4       85.8    155.2     63.3     96.7 2023  9 14 16 23 25.43000031  0.0   1
     3106  -1.6441804  101.1398600    2.86035      -59.8     -389.5      237.4    179.5     87.3    107.6 2023  9 14 16 23 33.90000153  0.0   1
     3107  -1.6452199  101.1398600    2.62957      -59.3     -504.4        6.6    130.1    107.4    126.6 2023  9 14 16 23 52.75999832  0.0   1
     3108  -1.6452260  101.1363444    2.79735     -451.2     -505.1      174.4    256.6    101.6    120.4 2023  9 14 16 23 59.08000183  0.0   1
     3109  -1.6447840  101.1431803    2.97427      310.1     -456.2      351.3    247.4    120.3    137.7 2023  9 14 16 24  4.69000006  0.0   1
     3110  -1.6414037  101.1404215    2.46758        2.4      -82.4     -155.4    116.7     68.8    100.5 2023  9 14 16 24 13.52000046  0.0   1
     3111  -1.6408043  101.1426025    2.53953      245.2      -16.2      -83.4    108.9     73.1    106.0 2023  9 14 16 24 25.40999985  0.0   1
     3112  -1.6444672  101.1400309    2.63540      -40.5     -421.2       12.5    174.6     97.2    104.3 2023  9 14 16 24 54.75000000  0.0   1
     3113  -1.6450308  101.1403646    2.74248       -3.9     -483.5      119.5    152.5     81.3    105.4 2023  9 14 16 24 59.38000107  0.0   1
     3114  -1.6429808  101.1385173    2.33036     -209.5     -256.8     -292.6    166.8     87.6    108.2 2023  9 14 16 25  6.48000002  0.0   1
     3115  -1.6397235  101.1459066    2.38396      613.4      103.4     -239.0    134.3    104.4    126.6 2023  9 14 16 25 25.75000000  0.0   1
     3116  -1.6429516  101.1459554    2.44653      618.1     -253.6     -176.4    140.1    124.2    128.1 2023  9 14 16 25 28.45000076  0.0   1
     3117  -1.6462282  101.1238200    1.93675    -1844.8     -615.9     -686.2    162.7    135.4    152.7 2023  9 14 16 25 34.34999847  0.0   1
     3118  -1.6474209  101.1290365    0.96945    -1264.1     -747.8    -1652.5    266.8    183.0    338.4 2023  9 14 16 25 42.66999817  0.0   1
     3119  -1.6435829  101.1403564    2.28048       -4.5     -323.4     -342.5    181.9    109.0    122.9 2023  9 14 16 25 48.11999893  0.0   1
     3120  -1.6395837  101.1377197    2.25892     -298.3      118.8     -364.0    196.1     89.0    102.9 2023  9 14 16 25 56.81999969  0.0   1
     3121  -1.6368493  101.1434408    2.59690      338.6      421.2      -26.0    102.0     74.7     98.5 2023  9 14 16 26  2.75999999  0.0   1
     3122  -1.6381738  101.1411051    2.72688       78.8      274.7      103.9    111.7     84.2     85.7 2023  9 14 16 26 23.64999962  0.0   1
     3123  -1.6407801  101.1495199    3.09393     1015.5      -13.5      471.0    139.3    119.6    140.4 2023  9 14 16 26 34.95999908  0.0   1
     3124  -1.6414125  101.1426839    2.89992      254.7      -83.4      277.0    161.5    148.4    139.9 2023  9 14 16 26 48.50000000  0.0   1
     3125  -1.6455077  101.1357666    1.90935     -515.1     -536.2     -713.6    264.6    166.2    233.2 2023  9 14 16 27  6.15000010  0.0   1
     3126  -1.6436261  101.1401774    2.46677      -24.2     -328.2     -156.2    150.2    116.8    112.5 2023  9 14 16 27 14.25000000  0.0   1
     3127  -1.6378019  101.1435384    2.39194      349.3      315.8     -231.0    101.8     74.6    102.6 2023  9 14 16 27 17.69000053  0.0   1
     3128  -1.6391281  101.1462809    2.06247      655.1      169.2     -560.5    133.2    111.5    126.5 2023  9 14 16 27 22.95999908  0.0   1
     3129  -1.6367114  101.1455241    2.48525      570.2      436.4     -137.7    159.7     79.6    121.6 2023  9 14 16 27 30.12000084  0.0   1
     3130  -1.6378026  101.1412354    2.97095       92.8      315.7      348.0    323.7    140.5    112.8 2023  9 14 16 27 36.08000183  0.0   1
     3131  -1.6364681  101.1507894    2.35596     1156.3      463.3     -267.0    153.0     93.1    132.3 2023  9 14 16 28  5.15999985  0.0   1
     3132  -1.6422259  101.1457275    2.42374      593.2     -173.4     -199.2    153.2     97.4    143.9 2023  9 14 16 28 10.97999954  0.0   1
     3133  -1.6415615  101.1431315    2.67954      304.0      -99.9       56.6    121.3     86.2     95.2 2023  9 14 16 28 18.73999977  0.0   1
     3134  -1.6431808  101.1529215    2.52387     1393.6     -278.9      -99.1    223.7    141.4    193.2 2023  9 14 16 28 27.96999931  0.0   1
     3135  -1.6418266  101.1461914    2.35794      644.5     -129.2     -265.0    189.6    115.0    152.3 2023  9 14 16 28 40.47999954  0.0   1
     3136  -1.6485243  101.1405680    1.98243       19.2     -869.8     -640.5    396.7    136.7    195.7 2023  9 14 16 28 47.25999832  0.0   1
     3137  -1.6443362  101.1402018    2.57260      -21.4     -406.7      -50.3    149.3    113.1    125.1 2023  9 14 16 28 51.58000183  0.0   1
     3138  -1.6473700  101.1251790    1.49843    -1693.8     -742.2    -1124.5    135.5    115.7    161.2 2023  9 14 16 29 41.08000183  0.0   1
     3139  -1.6418470  101.1439860    2.45338      399.3     -131.4     -169.6    123.1    106.0    119.4 2023  9 14 16 29 46.22999954  0.0   1
     3140  -1.6437561  101.1415609    2.64160      129.5     -342.6       18.7    204.4    117.9    124.9 2023  9 14 16 29 52.25999832  0.0   1
     3141  -1.6415977  101.1453451    2.73376      551.0     -103.9      110.8    139.0     86.5    127.3 2023  9 14 16 32  8.39999962  0.0   1
     3142  -1.6405986  101.1436686    2.48011      363.7        6.6     -142.8    111.5     75.9    116.0 2023  9 14 16 32 17.73999977  0.0   1
     3143  -1.6361449  101.1568685    2.04873     1832.7      499.1     -574.2    168.4    172.6    187.8 2023  9 14 16 32 30.69000053  0.0   1
     3144  -1.6387845  101.1412109    2.64585       90.5      207.2       22.9    108.1     77.4     98.4 2023  9 14 16 32 37.11000061  0.0   1
     3145  -1.6415873  101.1310221    2.89792    -1043.3     -102.7      275.0    186.1    114.5     72.4 2023  9 14 16 32 59.11000061  0.0   1
     3146  -1.6356401  101.1541504    2.71394     1530.3      554.9       91.0    127.4    103.6    106.5 2023  9 14 16 34 11.01000023  0.0   1
     3147  -1.6418369  101.1593262    1.85101     2105.9     -130.3     -771.9    161.8    122.6    161.2 2023  9 14 16 34 40.43000031  0.0   1
     3148  -1.6388930  101.1432780    2.50642      320.6      195.2     -116.5    109.7     64.3    100.6 2023  9 14 16 34 47.56999969  0.0   1
     3149  -1.6386901  101.1565592    3.03854     1798.6      217.6      415.6    350.4    196.4    286.7 2023  9 14 16 34 58.79000092  0.0   1
     3150  -1.6475686  101.1305176    2.08221    -1099.3     -764.1     -540.7    114.4     81.7     97.9 2023  9 14 16 36 23.40999985  0.0   1
     3151  -1.6398683  101.1290283    2.27030    -1264.8       87.3     -352.6    228.6    102.2    172.7 2023  9 14 16 38 46.27000046  0.0   1
     3152  -1.6439716  101.1455078    3.30749      568.8     -366.4      684.5    222.3    108.5    132.5 2023  9 14 16 39 22.14999962  0.0   1
     3153  -1.6438093  101.1503581    2.56952     1108.5     -348.4      -53.4    156.0    109.2    136.7 2023  9 14 16 40 10.57999992  0.0   1
     3154  -1.6433872  101.1391113    2.34548     -143.5     -301.8     -277.5    153.7     70.7    107.2 2023  9 14 16 40 29.72999954  0.0   1
     3155  -1.6386285  101.1431803    2.96521      310.1      224.4      342.3    138.9    101.0    102.7 2023  9 14 16 42 57.52000046  0.0   1
     3156  -1.6422676  101.1438721    2.64480      387.1     -178.0       21.9    129.5    129.8    140.4 2023  9 14 16 43 40.40999985  0.0   1
     3157  -1.6389051  101.1425537    2.65438      240.2      193.8       31.4    161.5     94.8     96.7 2023  9 14 16 48 22.35000038  0.0   1
     3158  -1.6430815  101.1487386    2.56212      928.1     -268.0      -60.8    173.9    135.7    154.5 2023  9 14 16 48 45.50999832  0.0   1
     3159  -1.6426132  101.1657308    0.51010     2818.8     -216.2    -2112.8    377.2    412.3    929.9 2023  9 14 16 51 31.97999954  0.0   1
     3160  -1.6450782  101.1482666    2.63113      875.8     -488.7        8.2    167.1    123.1    156.9 2023  9 14 16 56  2.07999992  0.0   1
     3161  -1.6409636  101.1451986    2.70994      533.9      -33.8       87.0    153.0    104.2    130.5 2023  9 14 17  0 13.88000011  0.0   1
     3162  -1.6332191  101.1450846    1.38149      521.5      822.6    -1241.4    227.2    230.0    176.1 2023  9 14 17 16  3.20000005  0.0   1
     3163  -1.6427532  101.1457113    2.58020      591.1     -231.7      -42.7    104.4    104.6    113.6 2023  9 14 17 16 12.60000038  0.0   1
     3164  -1.6440614  101.1362956    2.37304     -456.5     -376.3     -249.9    230.0     99.4    108.2 2023  9 14 17 16 20.60000038  0.0   1
     3165  -1.6420809  101.1362386    2.47256     -462.5     -157.3     -150.4    151.7     81.3     98.7 2023  9 14 17 22 43.41999817  0.0   1
     3166  -1.6439823  101.1378581    2.60237     -282.9     -367.6      -20.6    135.2     79.7    114.9 2023  9 14 17 23  1.67999995  0.0   1
     3167  -1.6458257  101.1396810    2.95894      -79.8     -571.4      336.0    128.6    141.4    156.0 2023  9 14 17 23  3.44000006  0.0   1
     3168  -1.6413676  101.1397868    2.73765      -67.5      -78.4      114.7    130.9     70.1     90.7 2023  9 14 17 23 38.47999954  0.0   1
     3169  -1.6446594  101.1366943    2.53087     -411.8     -442.4      -92.1    228.0     87.0    102.6 2023  9 14 17 24 47.47999954  0.0   1
     3170  -1.6424535  101.1361735    2.39247     -469.8     -198.5     -230.5    144.3     67.2    119.9 2023  9 14 18  6 58.63999939  0.0   1
     3172  -1.6425889  101.1421387    2.51968      193.6     -213.5     -103.3    197.4    124.7    123.3 2023  9 15 17 48 41.77999878  0.0   1
     3173  -1.6382156  101.1433838    2.80642      332.0      270.1      183.5    135.5     95.7    105.2 2023  9 15 17 50 48.40000153  0.0   1
     3174  -1.6453695  101.1383382    2.56218     -228.8     -520.9      -60.8    484.6    150.4    166.5 2023  9 15 17 51  9.39999962  0.0   1
     3175  -1.6364663  101.1414795    2.83386      120.6      463.5      210.9    121.6    105.1    100.2 2023  9 18  5 36 41.97999954  0.0   1
     3176  -1.6412099  101.1417236    2.85110      147.9      -61.0      228.2    164.7    118.1    125.1 2023  9 18 16 33 14.22000027  0.0   1
     3177  -1.6363277  101.1430013    3.39127      289.3      478.8      768.3    199.5    142.6    123.4 2023  9 19 22 37 53.88000107  0.0   1
     3178  -1.6405813  101.1430094    2.70563      290.5        8.5       82.7    123.6     79.2     88.4 2023  9 20 20 41 28.63999939  0.0   1
     3179  -1.6409489  101.1458089    2.74071      602.3      -32.1      117.8    153.6    130.9    143.2 2023  9 21  3 26 18.59000015  0.0   1
     3180  -1.6391370  101.1550944    2.68369     1635.7      168.2       60.7    142.5    119.9    141.0 2023  9 21  3 26 48.38999939  0.0   1
     3181  -1.6389950  101.1440348    3.14178      405.0      183.9      518.8    128.9    108.8     92.9 2023  9 21  3 26 59.63000107  0.0   1
     3182  -1.6436176  101.1275553    2.09301    -1429.0     -327.2     -529.9    346.7    194.6    393.9 2023  9 21  3 27 59.75000000  0.0   1
     3183  -1.6371349  101.1526286    2.63804     1361.1      389.6       15.1    130.1    165.4    142.6 2023  9 21  3 28  2.72000003  0.0   1
     3184  -1.6390649  101.1448975    2.83933      500.9      176.2      216.4    131.5    103.2    115.0 2023  9 21  3 28 44.74000168  0.0   1
     3185  -1.6431143  101.1186523    1.10455    -2420.0     -271.6    -1518.4    354.1    352.7    549.1 2023  9 21  3 37 14.60999966  0.0   1
     3186  -1.6453678  101.1448161    2.57942      491.7     -520.8      -43.5    176.8    142.6    139.2 2023  9 21  3 43  8.53999996  0.0   1
     3187  -1.6435337  101.1424316    2.55509      226.7     -318.0      -67.9    184.3    122.4    129.0 2023  9 21  3 43 36.95999908  0.0   1
     3188  -1.6420105  101.1422119    3.33871      201.8     -149.5      715.8    298.8    137.0    127.7 2023  9 21  3 44 35.31000137  0.0   1
     3189  -1.6396011  101.1413574    2.93004      106.7      116.9      307.1    200.5    125.0    102.4 2023  9 21  3 45  0.40000001  0.0   1
     3190  -1.6381737  101.1404622    2.63486        7.7      274.7       11.9    169.8     91.7     96.4 2023  9 21  3 46 23.75000000  0.0   1
     3191  -1.6408316  101.1437174    2.91708      369.1      -19.2      294.1    147.9     96.1     96.5 2023  9 21  3 47 35.90000153  0.0   1
     3192  -1.6388916  101.1470296    2.89087      738.0      195.3      267.9    157.3    157.9    116.8 2023  9 21  3 47 45.47000122  0.0   1
     3193  -1.6407631  101.1429036    2.78405      278.8      -11.6      161.1    122.8    101.1     98.0 2023  9 21  3 50 10.31999969  0.0   1
     3194  -1.6344110  101.1400635    2.98359      -36.9      690.8      360.6    149.8    108.3     76.7 2023  9 21  3 51 53.75000000  0.0   1
     3195  -1.6374788  101.1424154    3.18120      224.2      351.6      558.3    210.1    147.2    128.8 2023  9 21  3 54 41.15999985  0.0   1
     3196  -1.6363232  101.1540283    2.95279     1516.9      479.3      329.8    214.7    168.4    126.4 2023  9 21  3 54 56.18999863  0.0   1
     3197  -1.6372565  101.1464111    3.12989      668.9      376.1      507.0    144.8    149.8    103.5 2023  9 21  3 55  2.20000005  0.0   1
     3198  -1.6396765  101.1469238    2.74950      726.6      108.5      126.6    128.9    104.6    110.3 2023  9 21  3 57 10.92000008  0.0   1
     3200  -1.6393817  101.1672038    1.68715     2982.7      141.2     -935.8    507.8    553.0    699.4 2023  9 21 18  0 24.65999985  0.0   1
     3202  -1.6432395  101.1450521    3.12360      517.8     -285.4      500.7    308.2    163.2    211.1 2023  9 21 18  2 53.29999924  0.0   1
     3203  -1.6407756  101.1408040    2.61129       45.5      -13.0      -11.7    121.5    106.5    116.6 2023  9 21 18  3  1.86000001  0.0   1
     3204  -1.6389933  101.1488607    2.55320      942.0      184.1      -69.7    159.0    106.6    119.2 2023  9 21 18  3  6.84000015  0.0   1
     3206  -1.6402826  101.1508626    2.73700     1164.2       41.5      114.1    275.4    157.4    186.8 2023  9 21 18  3 58.45999908  0.0   1
     3207  -1.6369312  101.1588786    1.82769     2056.6      412.1     -795.3    133.5    123.2    184.4 2023  9 21 18  4  4.84000015  0.0   1
     3208  -1.6410898  101.1434814    2.71672      342.9      -47.7       93.8    121.3    107.2    121.0 2023  9 21 18  4  8.68000031  0.0   1
     3209  -1.6449485  101.1406901    3.05987       32.9     -474.4      436.9    271.0    133.4    146.4 2023  9 21 18  5 31.94000053  0.0   1
     3210  -1.6433848  101.1409180    2.89148       57.8     -301.5      268.5    180.0     76.2    102.2 2023  9 21 18  5 48.38000107  0.0   1
     3211  -1.6534108  101.1242350    2.21204    -1798.5    -1410.1     -410.9    150.0    113.9    168.7 2023  9 21 18  6 39.50000000  0.0   1
     3212  -1.6463319  101.1366862    3.07002     -412.9     -627.4      447.1    148.2    136.6    148.1 2023  9 21 18 40 21.60000038  0.0   1
     3213  -1.6395542  101.1521729    2.94873     1310.6      122.1      325.8    126.6    115.2    122.4 2023  9 28  7  5  1.83000004  0.0   1
     3214  -1.6377635  101.1459635    2.86513      619.2      320.1      242.2    118.7     98.9     98.4 2023  9 28  7 39  3.82999992  0.0   1
     3215  -1.6440151  101.1444661    2.62674      452.9     -371.2        3.8    140.9    108.6    121.9 2023  9 28  7 40  2.51999998  0.0   1
     3216  -1.6393617  101.1484456    2.57532      895.2      143.4      -47.6    131.9    103.1    124.4 2023  9 28  7 55 56.93999863  0.0   1
     3217  -1.6401657  101.1443685    2.66296      441.7       54.4       40.0    117.6     80.4    111.4 2023  9 28  7 56  5.48999977  0.0   1
     3218  -1.6456184  101.1465088    2.44062      680.4     -548.5     -182.3    116.3    143.7    143.3 2023  9 28  7 56 11.47999954  0.0   1
     3219  -1.6380971  101.1444906    3.31794      455.3      283.2      695.0    149.8    116.5    107.6 2023  9 28  7 57 46.27000046  0.0   1
     3220  -1.6432465  101.1473877    2.54586      778.2     -286.2      -77.1    283.4    168.9    174.4 2023  9 28  7 59 35.90000153  0.0   1
     3221  -1.6414972  101.1427327    2.47147      260.2      -92.8     -151.5    159.6    104.6    120.9 2023  9 28  8  1 35.72000122  0.0   1
     3222  -1.6381285  101.1467367    2.43073      705.2      279.7     -192.2    177.8    124.5    143.0 2023  9 28  8  2  3.35999990  0.0   1
     3223  -1.6410075  101.1460449    2.66720      628.6      -38.6       44.3    161.2    126.6    132.9 2023  9 28  8  2 40.31000137  0.0   1
     3224  -1.6395011  101.1474854    2.36767      788.6      127.9     -255.3    159.6     81.6    143.3 2023  9 28  8  7 49.70999908  0.0   1
     3225  -1.6419772  101.1455973    2.53478      578.5     -145.8      -88.2    149.7    110.1    141.4 2023  9 28  8 13  6.84000015  0.0   1
     3226  -1.6390696  101.1460856    2.53868      633.0      175.7      -84.3    151.5    109.6    124.9 2023  9 28  8 15 50.84999847  0.0   1
     3227  -1.6429874  101.1432454    2.47357      316.9     -257.5     -149.4    141.9    145.0    151.2 2023  9 28  8 15 58.18999863  0.0   1
     3228  -1.6432583  101.1468343    2.71271      716.3     -287.5       89.8    140.2     86.6    119.5 2023  9 28  8 17  0.49000001  0.0   1
     3229  -1.6390074  101.1460856    2.51259      633.3      182.5     -110.4    160.9     68.2    110.5 2023  9 28  8 17 24.29000092  0.0   1
     3230  -1.6414416  101.1448242    2.68546      492.6      -86.6       62.5    124.5     84.4    107.8 2023  9 28  8 19 49.29999924  0.0   1
     3231  -1.6413123  101.1411784    2.58344       87.1      -72.3      -39.5    173.6     73.5    101.8 2023  9 28  8 20 55.52000046  0.0   1
     3232  -1.6402740  101.1460124    2.63324      625.2       42.5       10.3    143.0     87.0    123.3 2023  9 28  8 26 42.88000107  0.0   1
     3233  -1.6420414  101.1466309    2.52278      694.0     -152.9     -100.2    163.5     87.7    154.1 2023  9 28  8 26 46.84000015  0.0   1
     3234  -1.6413061  101.1437256    2.79102      370.3      -71.6      168.1    131.9     94.7    120.1 2023  9 28  8 27  2.09999990  0.0   1
     3235  -1.6427441  101.1451579    2.45338      529.6     -230.6     -169.6    280.2    149.3    156.8 2023  9 28  8 29 31.02000046  0.0   1
     3236  -1.6421791  101.1452637    2.48659      541.7     -168.2     -136.4    134.2    112.9    120.6 2023  9 28  8 33 52.38000107  0.0   1
     3237  -1.6413775  101.1423421    2.54231      216.5      -79.5      -80.6     99.6     85.9    113.5 2023  9 28  8 34 52.70000076  0.0   1
     3238  -1.6400177  101.1421549    2.73891      195.6       70.8      116.0    111.9     67.0     87.4 2023  9 28  8 35 23.65999985  0.0   1
     3239  -1.6382371  101.1456787    2.24231      588.1      267.7     -380.6    142.6     88.1    123.2 2023  9 28  8 35 37.04000092  0.0   1
     3240  -1.6420420  101.1412679    2.62197       97.1     -153.0       -1.0    151.2     92.2    100.5 2023  9 28  8 36  6.26000023  0.0   1
     3241  -1.6410341  101.1443522    2.55964      440.5      -41.6      -63.3    132.2     92.3    124.6 2023  9 28  8 36  9.26000023  0.0   1
     3242  -1.6436951  101.1456055    2.60174      579.9     -335.8      -21.2    151.4     91.0    139.0 2023  9 28  8 36 18.69000053  0.0   1
     3243  -1.6432709  101.1374756    2.86956     -325.1     -288.9      246.6    202.4     91.1    100.4 2023  9 28  8 36 33.70999908  0.0   1
     3244  -1.6459334  101.1422770    2.32543      208.8     -583.3     -297.5    139.1    116.3    151.0 2023  9 28  8 36 39.86999893  0.0   1
     3245  -1.6502098  101.1416585    2.36869      140.2    -1056.2     -254.3    219.0    217.6    237.6 2023  9 28  8 37 37.74000168  0.0   1
     3246  -1.6403403  101.1422119    2.71158      202.3       35.2       88.6     87.8     62.2     97.0 2023  9 28  8 37 40.75999832  0.0   1
     3247  -1.6409837  101.1417399    2.79093      149.6      -36.0      168.0     91.3     65.5     91.0 2023  9 28  8 38  9.71000004  0.0   1
     3248  -1.6381003  101.1454915    2.64377      567.1      282.8       20.8    138.0     95.0    114.8 2023  9 28  8 39  3.31999993  0.0   1
     3249  -1.6415816  101.1423665    2.74439      219.5     -102.1      121.4    114.3     72.7     83.5 2023  9 28  8 39 16.25000000  0.0   1
     3250  -1.6404833  101.1416748    2.76184      142.1       19.3      138.9    113.9    137.7    122.9 2023  9 28  8 39 29.69000053  0.0   1
     3251  -1.6403975  101.1418538    2.79135      161.7       28.8      168.4    111.3     92.1    111.3 2023  9 28  8 40 15.93999958  0.0   1
     3252  -1.6407505  101.1458252    2.67799      604.2      -10.2       55.0    144.1    103.8    122.7 2023  9 28  8 40 38.47999954  0.0   1
     3253  -1.6424661  101.1408691    2.75505       52.3     -199.9      132.1    112.5     86.9    108.1 2023  9 28  8 40 41.38000107  0.0   1
     3254  -1.6451717  101.1421956    2.73457      199.8     -499.1      111.6    134.6    109.4    137.3 2023  9 28  8 41  2.16000009  0.0   1
     3255  -1.6429480  101.1463786    2.60199      665.1     -253.2      -21.0    229.8    163.1    130.1 2023  9 28  8 41 20.87999916  0.0   1
     3256  -1.6394559  101.1414632    2.63226      118.6      132.9        9.3    107.8     73.2    104.8 2023  9 28  8 41 55.04999924  0.0   1
     3257  -1.6391848  101.1470459    3.23919      739.6      162.9      616.2    150.8    117.8    112.6 2023  9 28  8 42 14.56999969  0.0   1
     3258  -1.6448870  101.1406901    2.74682       32.8     -467.6      123.9    168.6     92.3    113.1 2023  9 28  8 42 19.54999924  0.0   1
     3259  -1.6451422  101.1490234    2.36358      960.2     -495.8     -259.4     91.3    124.6    150.5 2023  9 28  8 43 54.72999954  0.0   1
     3260  -1.6489038  101.1446696    2.04221      475.2     -911.8     -580.7    160.5    138.5    179.4 2023  9 28  8 44 16.90999985  0.0   1
     3261  -1.6391661  101.1441976    2.95667      423.1      165.0      333.7    130.7    102.2     95.2 2023  9 28  8 44 28.37999916  0.0   1
     3262  -1.6401182  101.1412923    2.88930       99.5       59.7      266.4    109.1     96.6    102.4 2023  9 28  8 47 19.86000061  0.0   1
     3263  -1.6419266  101.1444824    2.57394      454.7     -140.3      -49.0    118.2     90.1    106.2 2023  9 28  8 47 33.06999969  0.0   1
     3264  -1.6431306  101.1403483    2.88215       -5.9     -273.4      259.2    177.1    115.5    125.8 2023  9 28  8 51 42.25999832  0.0   1
     3265  -1.6432023  101.1401774    2.75612      -24.7     -281.3      133.2    143.8     83.5     88.3 2023  9 28  8 59 46.52999878  0.0   1
     3266  -1.6415049  101.1441406    2.53917      416.2      -93.6      -83.8    123.9     64.2    104.5 2023  9 28  9  4 21.27000046  0.0   1
     3267  -1.6429038  101.1417074    2.67102      145.4     -248.3       48.1    161.8     82.9     97.7 2023  9 28  9  5 15.84000015  0.0   1
     3268  -1.6418747  101.1454102    2.72847      558.2     -134.5      105.5    145.5     87.2    131.9 2023  9 28  9 10 20.37000084  0.0   1
     3269  -1.6441757  101.1333415    2.82724     -785.2     -388.9      204.3    176.2    103.0    106.6 2023  9 28  9 17 17.36000061  0.0   1
     3270  -1.6381488  101.1409749    2.71551       64.1      277.5       92.6    133.9     87.7    106.1 2023 10  5  7 35 44.90999985  0.0   1
     3271  -1.6126200  101.1353678    2.24951     -559.7     3100.3     -373.4    263.3    237.2    175.8 2023 10  8  0 46  1.73000002  0.0   1
     3272  -1.6130301  101.1321615    2.40206     -916.6     3054.9     -220.9    263.0    234.1    216.7 2023 10  8  0 46 50.84000015  0.0   1
     3273  -1.6365256  101.1360758    3.17517     -480.6      457.0      552.2    172.3    121.4     99.3 2023 10  9 12  0 57.20999908  0.0   1
     3274  -1.6362803  101.1585368    2.79154     2018.4      484.1      168.6    198.8    145.1    178.7 2023 10  9 13 10 28.75000000  0.0   1
     3275  -1.6413317  101.1463298    2.44326      660.1      -74.5     -179.7    173.4    138.0    147.7 2023 10 10  8 52 47.47999954  0.0   1
     3276  -1.6464165  101.1461263    3.04823      637.6     -636.7      425.3    147.1     87.0    124.0 2023 10 12  2  8 51.72999954  0.0   1
     3277  -1.6458876  101.1455322    2.48967      571.8     -578.2     -133.3    131.5    106.5    129.8 2023 10 12  2 25 53.88999939  0.0   1
     3278  -1.6520425  101.1430176    2.54691      291.5    -1258.8      -76.0    159.0    150.2    164.2 2023 10 12  2 26 44.36999893  0.0   1
     3279  -1.6459527  101.1394287    2.66537     -107.7     -585.4       42.4    154.3    114.1    122.5 2023 10 12  7 33 35.72000122  0.0   1
     3280  -1.6410620  101.1345703    2.78992     -648.3      -44.6      167.0    216.5    136.2    151.7 2023 10 12  7 35 26.72999954  0.0   1
     3281  -1.6368824  101.1436279    3.12722      359.2      417.5      504.3    138.7    114.2     93.0 2023 10 12  7 44 21.15999985  0.0   1
     3282  -1.6364986  101.1453613    3.25546      552.2      459.9      632.5    149.8    143.1    107.7 2023 10 14  8 24 30.54000092  0.0   1
     3283  -1.6370627  101.1452637    3.42870      541.7      397.6      805.8    130.2    132.2     89.4 2023 10 14 10 32 46.22999954  0.0   1
     3284  -1.6374331  101.1425537    2.92874      239.7      356.6      305.8    218.8    137.5    106.6 2023 10 14 16 31 41.02000046  0.0   1
     3285  -1.6400614  101.1376058    3.51968     -310.3       66.0      896.7    216.3    149.7    117.7 2023 10 17  8 13 56.77000046  0.0   1
     3286  -1.6412678  101.1267171    2.89204    -1522.3      -67.4      269.1    186.0    102.0    164.8 2023 10 17  9  1 32.40999985  0.0   1
     3288  -1.6387163  101.1352539    2.67643     -572.5      214.7       53.5    736.2    302.8    336.6 2023 10 18 14 21 34.95000076  0.0   1
