     2719  -1.6442097  101.1421956    3.36198      200.2     -392.7      739.0     13.7      9.3      8.3 2023  1  3  3 43 21.02000046  0.0   1
     2720  -1.6399239  101.1477295    3.50550      816.0       81.2      882.6     12.9      8.7      7.5 2023  1  3  3 52  5.73000002  0.0   1
     2721  -1.6336821  101.1418213    2.88881      158.5      771.4      265.9     24.5     12.2      9.3 2023  1  3  3 52 21.03000069  0.0   1
     2722  -1.6413706  101.1361165    2.88001     -476.1      -78.8      257.1     12.8      9.1      7.1 2023  1  3  3 52 34.75000000  0.0   1
     2723  -1.6380037  101.1481364    2.80343      861.2      293.5      180.5     10.4     12.8      8.3 2023  1  3  4  2 20.45000076  0.0   1
     2724  -1.6369770  101.1460205    2.75623      625.4      407.0      133.3      8.6      7.2      5.3 2023  1  4 20 11 39.40000153  0.0   1
     2725  -1.6414405  101.1410889    2.88585       77.4      -86.5      262.9     14.2      6.8      7.8 2023  1  4 20 16 15.53999996  0.0   1
     2726  -1.6442907  101.1369873    2.76578     -379.1     -401.7      142.8     26.6     13.3     11.4 2023  1  4 20 17  9.68000031  0.0   1
     2727  -1.6500565  101.1244385    2.07247    -1775.8    -1039.2     -550.5     31.9     26.3     36.9 2023  1  4 20 18 22.71999931  0.0   1
     2729  -1.6609137  101.1350586    2.95768     -594.2    -2239.7      334.7     26.4     13.4     15.9 2023  1 11 13 28 50.43999863  0.0   1
     2734  -1.6431670  101.1394694    3.12813     -103.7     -277.4      505.2     14.9      9.8     11.5 2023  1 20 18 30  0.36000001  0.0   1
     2735  -1.6425766  101.1295247    3.13968    -1210.0     -212.1      516.7     15.4     11.5      7.4 2023  1 20 19 10 25.45999908  0.0   1
     2736  -1.6378573  101.1449382    2.61896      505.3      309.7       -4.0     10.6      7.7      5.5 2023  1 20 19 10 36.45999908  0.0   1
     2737  -1.6385838  101.1442057    2.49726      423.7      229.4     -125.7      8.2      6.6      5.1 2023  1 20 19 11 19.44000053  0.0   1
     2738  -1.6378966  101.1398763    3.18247      -58.4      305.4      559.5     10.8     11.2      8.8 2023  1 20 19 11 38.47999954  0.0   1
     2739  -1.6364073  101.1433757    2.63311      331.4      470.0       10.2     14.3     11.3      7.0 2023  1 20 19 11 46.86000061  0.0   1
     2740  -1.6374967  101.1392415    2.57644     -129.0      349.6      -46.5     15.1      9.6      7.4 2023  1 20 19 12  2.07999992  0.0   1
     2741  -1.6365672  101.1422363    3.06071      204.6      452.4      437.8     14.0      9.6      6.2 2023  1 20 19 12 14.30000019  0.0   1
     2742  -1.6419650  101.1438232    2.79218      381.5     -144.5      169.2     26.9     10.8     10.1 2023  1 20 19 12 27.89999962  0.0   1
     2743  -1.6361949  101.1446370    2.92654      471.7      493.5      303.6     12.8     10.6      7.5 2023  1 20 19 12 41.43999863  0.0   1
     2744  -1.6352640  101.1440267    3.45440      403.8      596.5      831.5     15.3     11.3      7.7 2023  1 20 19 12 45.20000076  0.0   1
     2745  -1.6382370  101.1423421    3.40043      216.4      267.7      777.5     13.2      8.0      8.4 2023  1 20 19 12 58.77999878  0.0   1
     2746  -1.6423851  101.1435059    3.47303      346.3     -191.0      850.1     20.8     10.2     12.0 2023  1 20 19 13  8.81999969  0.0   1
     2747  -1.6419070  101.1415120    2.93380      124.0     -138.1      310.9     19.8     13.1      9.3 2023  1 20 19 13 21.52000046  0.0   1
     2748  -1.6396796  101.1313965    2.76504    -1001.6      108.2      142.1     10.3      9.5      5.4 2023  1 20 19 13 50.47999954  0.0   1
     2749  -1.6425028  101.1268311    2.42686    -1509.5     -204.0     -196.1     16.2     14.3     13.4 2023  1 20 19 13 59.40000153  0.0   1
     2750  -1.6441479  101.1415365    1.84292      126.4     -385.9     -780.0     44.0     10.4     14.6 2023  1 20 19 14 14.26000023  0.0   1
     2751  -1.6380575  101.1452718    3.32214      542.4      287.6      699.2     17.0     13.2      7.7 2023  1 20 19 14 47.25999832  0.0   1
     2752  -1.6477564  101.1477702    3.29032      820.8     -784.9      667.4     16.0     10.0     10.9 2023  1 20 19 14 50.77999878  0.0   1
     2753  -1.6359121  101.1406657    3.33754       29.9      524.8      714.6     23.5      8.4      7.3 2023  1 20 19 15  4.05999994  0.0   1
     2754  -1.6377183  101.1434570    2.85073      340.8      325.1      227.8     13.1      7.0      5.8 2023  1 20 19 15 37.75999832  0.0   1
     2755  -1.6354205  101.1445231    2.62566      459.2      579.2        2.7      9.6      9.1      7.7 2023  1 20 19 15 47.91999817  0.0   1
     2756  -1.6366409  101.1457682    2.85410      597.7      444.2      231.2     11.5      5.9      5.7 2023  1 20 19 16  4.34000015  0.0   1
     2757  -1.6427727  101.1385986    3.02574     -199.8     -233.8      402.8     18.9      7.0      8.0 2023  1 20 19 16 23.39999962  0.0   1
     2758  -1.6378248  101.1473551    3.00478      774.6      313.3      381.8     10.9      9.3      7.2 2023  1 20 19 16 33.02000046  0.0   1
     2759  -1.6379201  101.1439290    2.93630      393.2      302.8      313.4     10.0      7.8      5.5 2023  1 20 19 16 54.11999893  0.0   1
     2760  -1.6356309  101.1505941    2.98420     1134.3      555.9      361.3      9.6     13.4      8.8 2023  1 20 19 17 18.65999985  0.0   1
     2761  -1.6359787  101.1451335    3.04324      527.1      517.4      420.3     10.0      6.3      6.4 2023  1 20 19 17 23.44000053  0.0   1
     2762  -1.6379270  101.1445231    2.74427      459.3      302.0      121.3     12.8      6.1      7.5 2023  1 20 19 17 53.41999817  0.0   1
     2763  -1.6385150  101.1195068    1.59483    -2324.5      237.0    -1028.1     16.0     23.9     22.0 2023  1 20 19 17 59.56000137  0.0   1
     2764  -1.6339715  101.1543701    3.02366     1554.4      739.4      400.7     14.3     14.4     13.0 2023  1 20 19 18 19.47999954  0.0   1
     2765  -1.6461020  101.1527832    4.04773     1378.1     -602.0     1424.8     20.9     14.9     12.0 2023  1 20 19 18 31.20000076  0.0   1
     2766  -1.6404695  101.1376546    2.91642     -305.1       20.9      293.5     18.7      8.3      8.3 2023  1 20 19 18 39.00000000  0.0   1
     2767  -1.6396150  101.1427572    3.12406      262.7      115.4      501.1     15.3     10.9      7.4 2023  1 20 19 20 12.10000038  0.0   1
     2768  -1.6404453  101.1389974    3.04674     -155.8       23.5      423.8     11.8      7.9      7.5 2023  1 20 19 20 39.81999969  0.0   1
     2769  -1.6422259  101.1423584    3.20335      218.1     -173.4      580.4     14.8     10.4      8.5 2023  1 20 19 21  7.40000010  0.0   1
     2770  -1.6401484  101.1418457    3.00391      161.1       56.4      381.0     18.6      8.2      7.3 2023  1 20 19 21 18.81999969  0.0   1
     2771  -1.6400326  101.1463867    2.83807      666.5       69.2      215.1     10.1      8.1      7.0 2023  1 20 19 21 59.91999817  0.0   1
     2772  -1.6433287  101.1481120    4.08364      858.8     -295.3     1460.7     14.4     10.1     11.8 2023  1 20 19 22 12.19999981  0.0   1
     2773  -1.6404816  101.1588216    2.33224     2050.0       19.5     -290.7     11.9     11.8     10.1 2023  1 20 19 22 39.93999863  0.0   1
     2774  -1.6413280  101.1382650    3.36337     -237.4      -74.1      740.4     13.7      7.5      8.6 2023  1 20 19 22 45.40000153  0.0   1
     2775  -1.6443508  101.1323893    2.83315     -890.6     -408.3      210.2     11.1      8.1      5.8 2023  1 20 19 23  1.05999994  0.0   1
     2776  -1.6466103  101.1493245    2.35823      993.7     -658.2     -264.7      9.4      9.0      9.5 2023  1 20 19 23  6.86000013  0.0   1
     2777  -1.6400707  101.1393636    2.69007     -114.8       65.0       67.1     13.7     10.8      7.5 2023  1 20 19 24 26.95999908  0.0   1
     2778  -1.6458026  101.1292562    2.64778    -1239.3     -568.8       24.8     31.2     19.3     24.6 2023  1 20 19 24 30.94000053  0.0   1
     2779  -1.6483576  101.1516846    2.67569     1256.1     -851.4       52.7      7.1      6.3      4.9 2023  1 20 19 24 45.20000076  0.0   1
     2780  -1.6471095  101.1436523    2.08977      362.7     -713.3     -533.2     11.8      9.5      6.9 2023  1 20 19 24 52.18000031  0.0   1
     2782  -1.6379139  101.1478841    2.63532      832.7      303.4       12.4      9.5      7.4      5.3 2023  1 20 19 25 16.07999992  0.0   1
     2783  -1.6508214  101.1254069    1.88377    -1668.1    -1123.8     -739.2     21.2     14.3     21.3 2023  1 20 19 26 19.50000000  0.0   1
     2784  -1.6331515  101.1542155    2.78030     1537.7      830.0      157.4     12.0     22.3      9.7 2023  1 20 19 26 40.24000168  0.0   1
     2785  -1.6461578  101.1493164    3.74711      992.5     -608.1     1124.2     22.6     20.1     18.6 2023  1 20 19 26 53.72000122  0.0   1
     2786  -1.6435043  101.1415446    2.66935      128.0     -314.7       46.4     14.0      7.0      8.5 2023  1 20 19 28  3.14000010  0.0   1
     2787  -1.6412408  101.1413656    2.64397      108.0      -64.4       21.0     13.5      4.8      6.4 2023  1 20 19 28 27.34000015  0.0   1
     2788  -1.6404847  101.1439779    3.00331      398.3       19.2      380.4     12.0     10.8      8.1 2023  1 20 19 28 29.31999969  0.0   1
     2789  -1.6429718  101.1343587    2.45418     -672.3     -255.8     -168.8     28.5     17.2     24.4 2023  1 20 19 28 39.91999817  0.0   1
     2790  -1.6479468  101.1388590    3.16997     -170.7     -805.9      547.0     18.8      6.7      8.1 2023  1 20 19 29 12.73999977  0.0   1
     2791  -1.6431049  101.1412272    2.95450       92.7     -270.5      331.6     14.7      7.1      7.5 2023  1 20 19 29 38.18000031  0.0   1
     2792  -1.6427076  101.1477620    2.73502      820.0     -226.6      112.1      9.7      7.2      5.7 2023  1 20 19 30 28.65999985  0.0   1
     2793  -1.6412629  101.1426921    2.77774      255.5      -66.9      154.8     15.3      9.2      7.6 2023  1 20 19 30 43.77999878  0.0   1
     2794  -1.6482601  101.1290202    2.34906    -1266.3     -840.6     -273.9     14.7      9.9     11.4 2023  1 20 19 30 58.61999893  0.0   1
     2795  -1.6319555  101.1551107    2.18296     1637.0      962.3     -440.0     16.2     22.1     16.2 2023  1 20 19 31  4.38000011  0.0   1
     2796  -1.6445320  101.1331543    2.20860     -805.6     -428.3     -414.3     18.9     12.6      6.4 2023  1 20 19 31  9.84000015  0.0   1
     2797  -1.6434574  101.1434326    3.09276      338.1     -309.5      469.8      9.1      8.1      8.4 2023  1 20 19 31 49.70000076  0.0   1
     2798  -1.6413239  101.1493571    3.14642      996.7      -73.6      523.5      9.0      7.1      5.7 2023  1 20 19 32  3.83999991  0.0   1
     2799  -1.6430242  101.1465658    2.64191      686.3     -261.6       19.0     11.9     10.3      6.9 2023  1 20 19 32  9.02000046  0.0   1
     2800  -1.6395636  101.1401855    2.89754      -23.8      121.0      274.6      8.6      6.4      6.4 2023  1 20 19 32 20.89999962  0.0   1
     2801  -1.6416805  101.1385824    2.79894     -202.3     -113.0      176.0     13.4      7.1      5.8 2023  1 20 19 32 52.88000107  0.0   1
     2802  -1.6412169  101.1422526    2.72805      206.1      -61.8      105.1     12.3      5.4      6.9 2023  1 20 19 32 59.25999832  0.0   1
     2803  -1.6419533  101.1410726    2.92321       75.3     -143.2      300.3     12.2      8.4      6.0 2023  1 20 19 33  9.80000019  0.0   1
     2804  -1.6463278  101.1328532    2.70877     -839.6     -626.9       85.8     18.7      9.4      6.0 2023  1 20 19 33 34.56000137  0.0   1
     2805  -1.6393138  101.1528239    2.89148     1383.2      148.7      268.5     11.5     10.6      8.7 2023  1 20 19 33 48.00000000  0.0   1
     2806  -1.6449017  101.1478271    3.04835      826.8     -469.2      425.4      9.3      7.7      6.8 2023  1 20 19 33 53.97999954  0.0   1
     2807  -1.6415072  101.1442546    2.73407      429.3      -93.9      111.1     15.7     13.5      8.5 2023  1 20 19 34 15.69999981  0.0   1
     2808  -1.6430833  101.1278564    1.70971    -1395.1     -268.2     -913.2      9.3      8.3      9.6 2023  1 20 19 34 33.22000122  0.0   1
     2809  -1.6472221  101.1303467    2.50203    -1117.9     -725.8     -120.9     23.3     16.3     15.6 2023  1 20 19 34 48.20000076  0.0   1
     2810  -1.6415538  101.1410319    2.42296       70.9      -99.0     -200.0     13.2     10.2      8.3 2023  1 20 19 34 58.11999893  0.0   1
     2811  -1.6407884  101.1413818    3.42586      109.4      -14.4      802.9     27.5     14.6      9.7 2023  1 20 19 35 21.10000038  0.0   1
     2812  -1.6434729  101.1377360    2.83051     -296.1     -311.2      207.6     19.4     11.1     12.5 2023  1 20 19 35 48.25999832  0.0   1
     2813  -1.6372800  101.1447347    2.84901      482.3      373.5      226.1     12.9     10.7      6.7 2023  1 20 19 36 32.65999985  0.0   1
     2814  -1.6406815  101.1431478    3.11608      306.3       -2.6      493.1     13.8      7.5      7.3 2023  1 20 19 36 50.90000153  0.0   1
     2815  -1.6377042  101.1417725    2.92288      152.6      326.6      299.9     11.1      6.9      7.0 2023  1 20 19 43 50.43999863  0.0   1
     2816  -1.6380044  101.1426432    3.30685      249.6      293.4      683.9     12.0      7.5      7.2 2023  1 20 19 43 54.97999954  0.0   1
     2817  -1.6376033  101.1445719    3.00450      464.2      337.8      381.6      9.1      9.2      6.7 2023  1 20 19 49 56.54000092  0.0   1
     2818  -1.6391309  101.1396077    3.28453      -87.8      168.9      661.6     44.0     14.9     11.9 2023  1 20 19 53 30.76000023  0.0   1
     2819  -1.6394997  101.1396810    2.84276      -79.9      128.1      219.8     19.8     10.8      8.2 2023  1 20 19 57 15.27999973  0.0   1
     2820  -1.6393855  101.1451172    2.67435      525.1      140.7       51.4     11.6      7.5      6.5 2023  1 20 19 57 23.65999985  0.0   1
     2821  -1.6347967  101.1466146    2.99369      692.1      648.1      370.7     11.5     10.2      7.0 2023  1 20 20 23  4.65999985  0.0   1
     2822  -1.6376896  101.1422770    3.06516      208.9      328.2      442.2     18.3     10.6      8.0 2023  1 21  1 56 37.25000000  0.0   1
     2823  -1.6457432  101.1466227    2.82259      692.7     -562.3      199.7      9.8      7.9      6.0 2023  1 30 17 30  4.76000023  0.0   1
     2824  -1.6463472  101.1378825    2.83384     -279.4     -629.0      210.9     13.5     10.0      9.4 2023  1 30 17 30 40.74000168  0.0   1
     2825  -1.6473134  101.1242269    2.07184    -1799.1     -735.9     -551.1     19.4     16.3     20.3 2023  2 18 22 35 10.69999981  0.0   1
     2826  -1.6459371  101.1402344    3.10170      -17.8     -583.7      478.8     31.9      8.4     11.0 2023  2 18 22 38 25.92000008  0.0   1
     2827  -1.6456783  101.1389323    2.82045     -162.9     -555.1      197.5     27.8     10.1      9.4 2023  2 18 22 38 33.40000153  0.0   1
     2828  -1.6478648  101.1296224    2.28401    -1199.1     -796.9     -338.9     22.4     13.8     13.6 2023  2 18 22 39  5.48000002  0.0   1
     2829  -1.6440590  101.1318359    2.36964     -953.0     -376.0     -253.3     14.6      9.9      8.9 2023  2 26 15 14 57.77000046  0.0   1
     2830  -1.6505113  101.1320231    2.12714     -931.8    -1089.5     -495.8     13.1      6.9      8.5 2023  2 27 22 34 11.93999958  0.0   1
     2831  -1.6434059  101.1428304    2.88369      270.9     -303.8      260.7     13.2      9.0      7.0 2023  2 27 22 34 17.97999954  0.0   1
     2832  -1.6518764  101.1322754    2.25770     -903.7    -1240.4     -365.2     19.6     10.8     11.3 2023  2 27 22 34 39.31999969  0.0   1
     2833  -1.6471353  101.1340902    2.63756     -701.4     -716.2       14.6      9.0      8.0      6.2 2023  2 27 22 34 42.22000122  0.0   1
     2834  -1.6397319  101.1413005    2.51152      100.3      102.4     -111.4      8.8      7.4      6.2 2023  3  8  4 53 44.11000061  0.0   1
     2835  -1.6442520  101.1392090    2.91074     -132.1     -397.4      287.8     25.6      9.4      9.8 2023  3 12 23 29 24.12000084  0.0   1
     2836  -1.6421963  101.1364421    3.07260     -440.3     -170.1      449.7     13.8      7.6      8.9 2023  3 19 14 58 26.79999924  0.0   1
     2837  -1.6443473  101.1439697    3.17185      397.2     -407.9      548.9     18.7     10.6      8.9 2023  3 19 14 58 27.35000038  0.0   1
     2838  -1.6431914  101.1453857    2.98059      555.0     -280.1      357.6      9.2      9.4      8.0 2023  3 19 14 58 41.38999939  0.0   1
     2839  -1.6420881  101.1418783    3.12583      165.1     -158.1      502.9     26.4     11.3     11.8 2023  3 19 14 59  5.11999989  0.0   1
     2840  -1.6418207  101.1329020    3.01305     -833.7     -128.5      390.1     11.6      9.1      5.8 2023  3 19 15  0 56.34000015  0.0   1
     2841  -1.6414199  101.1459635    3.02849      619.0      -84.2      405.5      9.8      8.7      7.4 2023  3 19 15  7 48.63000107  0.0   1
     2842  -1.6380679  101.1475179    2.92794      792.0      286.4      305.0      9.4      8.4      8.2 2023  3 19 15  8  6.13999987  0.0   1
     2843  -1.6415834  101.1460286    2.70958      626.2     -102.3       86.6     10.5      6.9      7.8 2023  3 19 15  8 45.77000046  0.0   1
     2844  -1.6414176  101.1490560    2.57141      963.9      -84.0      -51.5     13.3     11.9     10.7 2023  3 19 15 10  1.89999998  0.0   1
     2845  -1.6397778  101.1439046    3.28874      390.6       97.4      665.8     15.7      8.2      7.9 2023  3 19 15 10 17.05999947  0.0   1
     2846  -1.6474982  101.1404948    3.19300       10.5     -756.3      570.1     18.1      7.4      8.8 2023  3 19 15 10 42.45999908  0.0   1
     2847  -1.6448380  101.1506348    3.54128     1138.8     -462.2      918.3     20.7     20.4     12.6 2023  3 19 15 12  7.92000008  0.0   1
     2848  -1.6439896  101.1380615    3.23217     -260.0     -368.4      609.2     35.9     19.0     13.3 2023  3 19 15 12 41.66999817  0.0   1
     2849  -1.6439938  101.1440348    3.06097      404.4     -368.8      438.0     13.7      6.8      7.0 2023  3 19 15 13  3.02999997  0.0   1
     2850  -1.6472818  101.1408366    3.21096       49.1     -732.4      588.0     15.5      8.2      8.9 2023  3 19 15 13 29.22999954  0.0   1
     2851  -1.6475046  101.1332682    3.21283     -793.4     -757.0      589.9     21.2     15.8     10.9 2023  3 19 15 14 14.53999996  0.0   1
     2852  -1.6448332  101.1288981    2.40246    -1279.8     -461.7     -220.5     10.5      9.5      7.0 2023  3 19 15 14 23.75000000  0.0   1
     2853  -1.6444986  101.1404622    2.59731        7.6     -424.6      -25.6     19.8      6.5      6.2 2023  3 19 15 17  0.95999998  0.0   1
     2854  -1.6445457  101.1410238    2.75141       70.1     -429.9      128.5     10.1      5.8      7.7 2023  3 19 15 17 15.43000031  0.0   1
     2855  -1.6436391  101.1421956    2.63055      200.2     -329.6        7.6     40.2      7.8     13.1 2023  3 19 15 17 23.26000023  0.0   1
     2856  -1.6458068  101.1358968    2.95209     -501.2     -569.3      329.1     22.2      8.4      7.3 2023  3 19 15 17 27.55999947  0.0   1
     2857  -1.6434333  101.1370443    2.60637     -373.1     -306.8      -16.6     22.5      8.6      7.8 2023  3 19 15 17 37.34000015  0.0   1
     2858  -1.6443169  101.1439046    2.68768      390.6     -404.6       64.7      8.3     12.4      9.9 2023  3 30 10 37 55.43000031  0.0   1
     2859  -1.6429558  101.1464518    2.76909      674.2     -254.1      146.2      8.5      5.8      5.9 2023  3 30 10 38 31.47999954  0.0   1
     2860  -1.6452259  101.1346191    2.98220     -642.5     -505.1      359.3     23.3     10.4      9.2 2023  3 30 10 38 50.88000107  0.0   1
     2861  -1.6450218  101.1427897    3.18976      266.4     -482.5      566.8     14.0      6.7      7.5 2023  3 30 10 38 55.63999939  0.0   1
     2862  -1.6434064  101.1426758    2.46100      253.3     -303.9     -161.9     12.3      8.7      7.1 2023  3 30 10 39 42.11999893  0.0   1
     2863  -1.6436742  101.1383708    3.39268     -225.1     -333.5      769.7     19.0      7.0      5.6 2023  3 30 10 39 48.84999847  0.0   1
     2864  -1.6423859  101.1429281    2.71640      281.4     -191.0       93.5     13.2      8.1      8.0 2023  3 30 10 40  7.73999977  0.0   1
     2865  -1.6424590  101.1404297    2.72548        3.6     -199.1      102.5     22.7     10.3      8.7 2023  3 30 10 40 14.48999977  0.0   1
     2866  -1.6410099  101.1369954    2.63947     -378.2      -38.9       16.5     11.8      9.9      6.8 2023  3 30 10 40 28.92000008  0.0   1
     2867  -1.6454366  101.1393880    2.91385     -112.1     -528.4      290.9     14.6     10.8      9.2 2023  3 30 10 40 36.38999939  0.0   1
     2868  -1.6440324  101.1480387    2.48021      850.1     -373.1     -142.7     11.5      8.5      8.5 2023  3 30 10 40 42.43999863  0.0   1
     2869  -1.6549157  101.1324870    2.84657     -879.9    -1576.5      223.6     19.3     10.5     17.4 2023  3 30 10 41  9.31999969  0.0   1
     2870  -1.6409580  101.1417969    2.96174      155.9      -33.2      338.8     17.4      7.1      7.1 2023  3 30 10 41 20.13999939  0.0   1
     2871  -1.6477809  101.1353923    3.07539     -556.7     -787.6      452.4     17.7      9.4      6.9 2023  3 30 10 41 29.93000031  0.0   1
     2872  -1.6456146  101.1322673    2.28340     -904.7     -548.1     -339.5      8.9      7.2      6.7 2023  3 30 10 42  3.19000006  0.0   1
     2873  -1.6433959  101.1421305    2.70036      192.9     -302.7       77.4     11.8      6.5      5.0 2023  3 30 10 42 11.61999989  0.0   1
     2874  -1.6392181  101.1390137    3.05233     -154.1      159.2      429.4     19.6     21.6     11.8 2023  3 30 10 45 34.45999908  0.0   1
     2875  -1.6439346  101.1319417    2.97153     -941.2     -362.3      348.6      9.4      6.6      5.5 2023  3 30 10 49 11.32999992  0.0   1
     2877  -1.6431863  101.1422933    2.69503      210.8     -279.5       72.1     13.5      5.8      7.6 2023  4  4 21 16 12.35999966  0.0   1
     2878  -1.6435991  101.1397217    3.13983      -75.2     -325.2      516.9     16.7      8.6      8.0 2023  4  4 21 17 38.91999817  0.0   1
     2879  -1.6463514  101.1392660    2.38676     -126.1     -629.5     -236.2     29.6     12.4     13.4 2023  4  4 21 19 37.68000031  0.0   1
     2880  -1.6455388  101.1466390    2.72365      694.8     -539.7      100.7     18.7     13.9     12.1 2023  4  4 21 20  7.90000010  0.0   1
     2881  -1.6430261  101.1384440    2.56935     -217.6     -261.8      -53.6     13.4      7.9      7.5 2023  4  4 21 21 24.20000076  0.0   1
     2882  -1.6452206  101.1504883    2.41556     1122.6     -504.5     -207.4     11.1     10.4      7.2 2023  4  4 21 21 37.93999863  0.0   1
     2883  -1.6481717  101.1302572    2.43475    -1128.1     -830.8     -188.2     26.8     17.2     24.7 2023  4  4 21 21 52.75999832  0.0   1
     2884  -1.6492190  101.1349691    2.58419     -604.4     -946.6      -38.8     39.3     12.9      8.7 2023  4  4 21 21 54.95999908  0.0   1
     2885  -1.6436347  101.1398682    3.28121      -58.9     -329.1      658.3     26.2      6.6      7.6 2023  4  4 21 22  3.64000010  0.0   1
     2886  -1.6460735  101.1395508    2.74771      -94.0     -598.8      124.8     15.4     10.7      8.3 2023  4  7  6 28 12.28999996  0.0   1
     2889  -1.6006382  101.1211589    1.90858    -2140.4     4425.2     -714.4     49.0     40.7     35.4 2023  4 14  5 51 20.79999924  0.0   1
     2890  -1.6054321  101.1202148    2.13589    -2245.4     3895.1     -487.1     46.7     47.7     32.1 2023  4 14  5 51 25.79999924  0.0   1
     2893  -1.6394920  101.1428304    2.90391      270.8      128.9      281.0     13.9      7.5      8.3 2023  5 15 17 26 39.81999969  0.0   1
     2894  -1.6394717  101.1485352    2.90183      905.8      131.2      278.9      9.8      6.4      6.6 2023  5 15 17 32 30.39999962  0.0   1
     2895  -1.6479304  101.1397054    2.77418      -76.9     -804.1      151.2     14.0     13.1     10.8 2023  5 19 22 49 48.45999908  0.0   1
     2896  -1.6428853  101.1468180    3.03660      714.6     -246.3      413.7     25.3     16.4     13.6 2023  5 19 22 54 49.02000046  0.0   1
     2897  -1.6410347  101.1404215    2.92831        2.6      -41.6      305.4     18.6      8.2      7.2 2023  5 19 22 54 53.54000092  0.0   1
     2901  -1.6442153  101.1326823    2.83308     -858.5     -393.3      210.1     23.6     14.5     10.2 2023  5 27 15 42  8.60000038  0.0   1
     2903  -1.6331408  101.1269694    2.01665    -1494.1      831.2     -606.3     16.7     18.9     16.7 2023  5 28 18 49 16.21999931  0.0   1
     2905  -1.6487475  101.1228434    2.48993    -1953.5     -894.5     -133.0     17.1     15.2     14.8 2023  6  6  1 40 44.04000092  0.0   1
     2906  -1.6418575  101.1307780    2.15577    -1069.9     -132.6     -467.2      8.7      7.0      6.3 2023  6  6  1 42 24.76000023  0.0   1
     2907  -1.6449657  101.1321045    2.79264     -923.1     -476.3      169.7     11.2      7.1      5.9 2023  6  6  1 48 22.26000023  0.0   1
     2908  -1.6419473  101.1430583    2.88341      295.7     -142.5      260.5     15.5      7.6      6.3 2023  6  6  1 48 43.06999969  0.0   1
     2909  -1.6452279  101.1461426    2.99355      638.9     -505.3      370.6     13.1      6.2      7.2 2023  6  6  1 51 12.57999992  0.0   1
     2910  -1.6463460  101.1437581    3.28863      374.4     -628.9      665.7     21.4      7.2      8.1 2023  6  6  1 51 15.86999989  0.0   1
     2911  -1.6452827  101.1377848    3.05798     -290.6     -511.4      435.0     19.9     12.1     11.1 2023  6  6  1 51 30.25000000  0.0   1
     2912  -1.6462649  101.1429525    3.37843      284.6     -620.0      755.5     19.1      8.2      8.6 2023  6  6  1 52 19.11000061  0.0   1
     2913  -1.6445502  101.1388184    3.16629     -175.2     -430.4      543.3     14.5      9.1      7.8 2023  6  6  1 52 40.33000183  0.0   1
     2914  -1.6440222  101.1418457    3.46269      160.9     -372.0      839.7     17.6     15.6     12.1 2023  6  6  1 52 50.29999924  0.0   1
     2915  -1.6476096  101.1325114    3.03881     -877.4     -768.6      415.9     10.9      7.1      7.1 2023  6  6  1 53 28.01000023  0.0   1
     2916  -1.6501354  101.1413167    2.99214      102.7    -1047.9      369.2     33.2     10.7     12.7 2023  6  6  1 54  5.28999996  0.0   1
     2917  -1.6467260  101.1421305    2.84753      193.1     -670.9      224.6     13.4      8.1      8.1 2023  6  6  1 54 28.88999939  0.0   1
     2918  -1.6435239  101.1271647    3.12339    -1472.2     -316.9      500.4     16.0     12.1     11.5 2023  6  6  1 54 37.52999878  0.0   1
     2919  -1.6455166  101.1541911    3.15055     1534.6     -537.2      527.6     14.3     10.3      7.9 2023  6  6  1 54 44.18999863  0.0   1
     2921  -1.6465499  101.1228597    1.52322    -1951.7     -651.5    -1099.7     15.6     15.0     20.9 2023  6  6  1 55 12.25000000  0.0   1
     2922  -1.6433383  101.1351481    3.12725     -583.7     -296.3      504.3     18.2     10.5      9.9 2023  6  6  1 55 25.79999924  0.0   1
     2923  -1.6461440  101.1382813    2.75661     -235.0     -606.6      133.7     13.5      6.1      6.1 2023  6  6  1 55 44.54999924  0.0   1
     2924  -1.6438951  101.1365316    3.19170     -429.9     -357.9      568.8     11.2      7.5      7.4 2023  6  6  1 55 52.50999832  0.0   1
     2925  -1.6404836  101.1390869    3.09132     -146.0       19.3      468.4     36.0     15.4      9.5 2023  6  6  1 56  1.14999998  0.0   1
     2926  -1.6464446  101.1464111    3.64789      669.0     -639.8     1024.9     12.5     13.7      9.8 2023  6  6  1 56  8.31999969  0.0   1
     2927  -1.6506159  101.1216878    0.70739    -2081.9    -1101.1    -1915.6     19.1     17.9     33.1 2023  6  6  1 56 16.76000023  0.0   1
     2928  -1.6434995  101.1411377    2.98556       82.8     -314.2      362.6     16.6      8.1      7.1 2023  6  6  1 56 29.04999924  0.0   1
     2929  -1.6487631  101.1223633    1.85594    -2007.0     -896.2     -767.0     15.8     15.9     18.3 2023  6  6  1 56 36.79000092  0.0   1
     2930  -1.6407822  101.1422607    3.02567      207.1      -13.7      402.7     15.5      7.4      7.6 2023  6  6  1 57 14.22000027  0.0   1
     2931  -1.6418414  101.1375407    2.83507     -317.6     -130.8      212.1     18.2      8.0      5.8 2023  6  6  1 57 25.55999947  0.0   1
     2932  -1.6383648  101.1452881    2.62855      544.7      253.6        5.6     17.7     14.4      7.0 2023  6  6  1 57 28.88999939  0.0   1
     2933  -1.6405027  101.1385254    2.56684     -207.9       17.2      -56.1     15.2      8.1      7.6 2023  6  6  1 57 37.61999893  0.0   1
     2934  -1.6440973  101.1395996    3.56653      -88.7     -380.3      943.6     27.7     11.7      9.7 2023  6  6  1 57 45.38000107  0.0   1
     2935  -1.6376945  101.1362956    2.97007     -456.8      327.7      348.1     32.0     23.2     14.3 2023  6  6  1 58  3.48000002  0.0   1
     2936  -1.6445413  101.1336751    3.13833     -747.6     -429.4      515.4     25.7     13.1      9.0 2023  6  6  1 58 51.29000092  0.0   1
     2937  -1.6518634  101.1461182    2.36334      636.5    -1239.0     -259.6     23.2     14.0     15.9 2023  6  6  1 59  4.92000008  0.0   1
     2938  -1.6470123  101.1224040    2.08114    -2002.1     -702.6     -541.8     36.6     37.8     41.5 2023  6  6  2  0 18.29000092  0.0   1
     2939  -1.6403726  101.1432536    2.89036      317.4       31.6      267.4     25.0     11.0     14.5 2023  6  6  2  0 50.33000183  0.0   1
     2940  -1.6436705  101.1400228    2.95532      -41.9     -333.1      332.4     21.6      7.2      6.7 2023  6  6  2  1 17.14999962  0.0   1
     2941  -1.6445918  101.1408285    2.97687       47.6     -434.9      353.9     28.2      7.6      8.7 2023  6  6  2  1 29.55999947  0.0   1
     2942  -1.6417464  101.1428955    2.84834      277.9     -120.3      225.4     17.2      7.7      7.3 2023  6  6  2  1 36.97999954  0.0   1
     2943  -1.6389458  101.1489014    2.14666      945.9      189.4     -476.3     14.8     14.0     10.5 2023  6  6  2  1 54.45999908  0.0   1
     2944  -1.6404115  101.1380452    2.93049     -262.2       27.3      307.5     29.8     10.7      9.2 2023  6  6  2  2 19.39999962  0.0   1
     2945  -1.6470046  101.1360596    2.44363     -482.6     -701.7     -179.3     24.4     18.9     16.5 2023  6  6  2  3 32.54000092  0.0   1
     2946  -1.6477997  101.1437581    2.94211      373.5     -789.7      319.2     12.8      9.5      6.9 2023  6  6  2  5 16.29999924  0.0   1
     2947  -1.6329288  101.1427816    2.62209      265.4      854.7       -0.8     27.4     23.5     11.0 2023  6  6  2 11 56.61000061  0.0   1
     2948  -1.6409434  101.1400553    3.05115      -37.7      -31.5      428.2     22.5      8.3      7.8 2023  6  6  2 57 14.14999962  0.0   1
     2949  -1.6411922  101.1431071    2.97303      301.5      -59.0      350.1     10.3      7.4      6.3 2023  6  6  2 57 29.37000084  0.0   1
     2950  -1.6404639  101.1504964    2.86173     1123.4       21.5      238.8     11.3      8.5      8.2 2023  6  6  2 57 54.09999847  0.0   1
     2951  -1.6349309  101.1467692    1.87408      708.8      633.3     -748.9     17.5     19.1      9.6 2023  6  6  2 58  2.06999993  0.0   1
     2952  -1.6403561  101.1522868    1.91468     1323.4       33.4     -708.3     12.9     10.6     11.6 2023  6  6  2 58 17.95000076  0.0   1
     2953  -1.6462486  101.1455973    2.52817      578.4     -618.2      -94.8     17.2     11.1     11.3 2023  6  6  2 58 41.36999893  0.0   1
     2954  -1.6439693  101.1469157    2.68971      725.6     -366.1       66.8     13.8      6.4      6.3 2023  6  6  2 59 47.00999832  0.0   1
     2955  -1.6426267  101.1382243    3.19329     -241.8     -217.7      570.3     37.8     22.8     23.6 2023  6  6 22 40 15.80000019  0.0   1
     2962  -1.6424923  101.1391602    2.49004     -137.2     -202.8     -132.9     20.6      6.1      5.9 2023  7  4 19 19 48.45999908  0.0   1
     2967  -1.6424470  101.1096110    2.61788    -3425.9     -197.8       -5.1     31.1     25.6     30.9 2023  7 14 23 38 10.26000023  0.0   1
     2968  -1.6420097  101.1386393    2.74149     -195.6     -149.5      118.5     30.5      8.8     11.7 2023  7 15  2  2 49.29000092  0.0   1
     2969  -1.6420813  101.1348551    2.74196     -616.6     -157.4      119.0     12.9      6.8      7.6 2023  7 15  2  5 39.86000061  0.0   1
     2972  -1.6389506  101.1347005    2.68318     -634.2      188.8       60.2      9.3      7.4      4.5 2023  7 15  9 27  6.65999985  0.0   1
     2973  -1.6409510  101.1430908    2.68774      299.8      -32.4       64.8      7.0     10.9      8.0 2023  7 15  9 29 55.13999939  0.0   1
     2974  -1.6422113  101.1428223    2.59385      269.6     -171.7      -29.1     11.4      9.5      8.5 2023  7 15  9 30  2.75999999  0.0   1
     2975  -1.6419367  101.1406169    2.71932       24.8     -141.4       96.4     11.3      6.8      5.6 2023  7 15  9 30 27.43000031  0.0   1
     2976  -1.6409692  101.1396729    2.48166      -81.0      -34.4     -141.3     20.9      8.5      6.6 2023  7 15  9 31 39.70999908  0.0   1
     2977  -1.6348239  101.1187012    1.80441    -2414.4      645.1     -818.5     28.5     27.7     28.7 2023  7 17 15  4 33.40000153  0.0   1
     2978  -1.6378403  101.1433512    2.63392      328.7      311.6       11.0     15.2      5.4      6.9 2023  7 19  2  5 31.29000092  0.0   1
     2979  -1.6389033  101.1440674    3.20460      408.4      194.0      581.7     16.9      8.5     10.0 2023  7 19  2 18 47.72999954  0.0   1
     2980  -1.6443169  101.1368652    3.12085     -392.7     -404.6      497.9     15.7      8.0      6.9 2023  7 19  2 21  5.59999990  0.0   1
     2981  -1.6362930  101.1569580    2.67737     1842.9      482.7       54.4      8.8     16.1      7.1 2023  7 19  2 21  8.77999973  0.0   1
     2982  -1.6393945  101.1423910    3.13871      221.8      139.7      515.8     25.2     13.3      9.9 2023  7 19  2 59 40.54000092  0.0   1
     2983  -1.6383864  101.1425293    2.81083      237.6      251.2      187.9     15.4      6.7      7.2 2023  7 19  3  0  3.86999989  0.0   1
     2984  -1.6378133  101.1447428    2.49969      483.9      314.6     -123.3     20.0     13.5      9.8 2023  7 19  3  0 15.28999996  0.0   1
     2985  -1.6367051  101.1440592    2.56299      407.1      437.1      -60.0     12.2     10.6      7.9 2023  7 19  3  0 25.79000092  0.0   1
     2986  -1.6409184  101.1396322    3.15530      -85.0      -28.8      532.4     11.4      7.7      7.7 2023  7 19  3  1  0.31999999  0.0   1
     2987  -1.6447353  101.1433024    2.75441      323.0     -450.8      131.5      9.2      8.0      6.8 2023  7 19  3  1 12.77000046  0.0   1
     2988  -1.6401653  101.1423747    2.54221      219.6       54.5      -80.7     12.7      6.9      7.8 2023  7 19  3  1 20.85000038  0.0   1
     2989  -1.6383129  101.1333252    3.02105     -787.3      259.3      398.1     11.3      9.6      6.0 2023  7 19  3  1 31.04999924  0.0   1
     2990  -1.6414552  101.1448649    2.85023      496.8      -88.1      227.3     13.7     10.7     10.2 2023  7 19  3  1 58.95000076  0.0   1
     2991  -1.6407295  101.1417969    3.24824      155.3       -7.9      625.3     18.6     11.1     10.8 2023  7 19  3  2 24.22999954  0.0   1
     2992  -1.6395374  101.1366781    2.82863     -413.7      123.9      205.7     17.0     16.0     10.8 2023  7 19  3  2 31.32999992  0.0   1
     2994  -1.6433688  101.1520345    2.76138     1295.0     -299.7      138.4     13.3     17.1     11.0 2023  7 19  3  3  5.17000008  0.0   1
     2995  -1.6424683  101.1405192    2.75580       13.4     -200.1      132.9     20.6      9.3      7.6 2023  7 19  3  3 49.45000076  0.0   1
     2996  -1.6370833  101.1446777    2.87513      476.6      395.3      252.2      7.4      6.6      5.5 2023  7 19  3  4 25.73999977  0.0   1
     2997  -1.6366926  101.1371745    2.72575     -358.3      438.5      102.8     16.7     10.5      5.7 2023  7 19  3  4 42.90000153  0.0   1
     2998  -1.6384820  101.1376953    3.04804     -300.8      240.6      425.1     19.1      9.8      6.9 2023  7 19  3  4 47.33000183  0.0   1
     2999  -1.6381683  101.1360758    3.24166     -481.0      275.3      618.7     33.3     19.1     15.5 2023  7 19  3  5 55.38999939  0.0   1
     3000  -1.6394887  101.1455648    2.66602      575.5      129.3       43.1     15.6     11.4     10.3 2023  7 19  3  6 34.20999908  0.0   1
     3001  -1.6391243  101.1427734    2.68419      264.2      169.6       61.2      8.6      6.3      6.8 2023  7 19  3  7 18.03000069  0.0   1
     3002  -1.6455690  101.1401367    2.68167      -29.2     -543.0       58.7     12.4      9.0      8.5 2023  7 19  3  7 20.17000008  0.0   1
     3003  -1.6361481  101.1504150    3.04115     1114.8      498.7      418.2     16.1     11.0      6.3 2023  7 19  3  8 37.70999908  0.0   1
     3004  -1.6398420  101.1428223    2.97332      269.9       90.2      350.4      9.3      5.1      6.2 2023  7 19  3 10 29.87999916  0.0   1
     3005  -1.6384426  101.1439860    2.68684      399.4      245.0       63.9      7.4      7.9      6.6 2023  7 19  3 11  7.88000011  0.0   1
     3006  -1.6378437  101.1363118    2.83646     -454.8      311.2      213.5     15.6     10.7      6.3 2023  7 19  3 12 10.78999996  0.0   1
     3007  -1.6412387  101.1517415    2.95721     1262.4      -64.2      334.3      8.6      9.9      8.3 2023  7 19  3 14 29.62999916  0.0   1
     3008  -1.6392455  101.1471354    2.22463      749.4      156.2     -398.3     11.0      8.2      7.5 2023  7 19  3 14 38.36000061  0.0   1
     3009  -1.6415747  101.1394124    2.34952     -109.5     -101.3     -273.4     17.1     14.3      9.9 2023  7 19  3 17 13.86999989  0.0   1
     3010  -1.6407255  101.1441081    2.81787      412.7       -7.4      194.9     14.3     11.7      7.9 2023  7 19  3 22  8.31999969  0.0   1
     3011  -1.6383204  101.1427165    2.72489      258.0      258.5      101.9      8.0     10.9      6.8 2023  7 19  3 23  0.50000000  0.0   1
     3012  -1.6401588  101.1436605    2.46616      363.5       55.2     -156.8      7.5      7.2      7.2 2023  7 19  3 23 19.36000061  0.0   1
     3013  -1.6415824  101.1399007    2.68226      -54.9     -102.2       59.3      9.8      6.1      7.1 2023  7 19  3 23 22.77000046  0.0   1
     3014  -1.6385503  101.1406331    2.84377       26.3      233.1      220.8     10.5      6.9      5.0 2023  7 19  3 23 38.40000153  0.0   1
     3015  -1.6394512  101.1421468    2.55823      194.7      133.5      -64.7      9.8      7.1      7.1 2023  7 19  3 24  8.73999977  0.0   1
     3016  -1.6391731  101.1399821    2.58343      -46.0      164.2      -39.5     11.6      8.9      7.7 2023  7 19  3 24 11.84000015  0.0   1
     3017  -1.6430480  101.1419189    2.95442      169.0     -264.2      331.5     26.2      8.9      7.2 2023  7 19  3 24 18.10000038  0.0   1
     3018  -1.6382027  101.1410400    2.52453       71.4      271.5      -98.4     13.8     10.8      8.3 2023  7 19  3 26 25.94000053  0.0   1
     3019  -1.6423627  101.1348226    2.82269     -620.5     -188.5      199.7     14.4     11.5     10.3 2023  7 19  3 26 54.45000076  0.0   1
     3020  -1.6395584  101.1437419    2.92163      371.8      121.6      298.7     22.6     16.6      9.3 2023  7 19  3 28  6.32000017  0.0   1
     3021  -1.6357277  101.1407389    2.97538       37.8      545.2      352.4     14.7     13.3      8.1 2023  7 19  3 28 11.30000019  0.0   1
     3022  -1.6401993  101.1551676    2.66794     1644.0       50.7       45.0      8.9      7.9      8.8 2023  7 19  3 29  4.26999998  0.0   1
     3023  -1.6462018  101.1331950    2.48566     -801.7     -613.0     -137.3     10.0      7.9     10.0 2023  7 19  3 30 50.99000168  0.0   1
     3024  -1.6479026  101.1372396    2.49384     -351.6     -801.0     -129.1      8.4      9.8      7.0 2023  7 19  3 37 19.65999985  0.0   1
     3025  -1.6435178  101.1408936    2.83358       55.4     -316.2      210.6     12.0      6.6      7.1 2023  7 19  3 39 24.28000069  0.0   1
     3026  -1.6437069  101.1272624    2.50700    -1461.3     -337.1     -115.9     19.6     19.9     14.4 2023  7 19  3 48 22.11000061  0.0   1
     3027  -1.6397750  101.1377360    3.09722     -296.2       97.7      474.3     21.5      8.2      8.7 2023  7 19 19  1 51.08000183  0.0   1
     3028  -1.6435923  101.1331380    2.51640     -807.9     -324.4     -106.5     12.6      8.9      9.0 2023  7 20  1 15 46.22999954  0.0   1
     3029  -1.6412959  101.1314290    2.28130     -998.0      -70.5     -341.6     12.2     10.7      9.2 2023  7 20  1 16 25.07999992  0.0   1
     3030  -1.6385085  101.1238037    2.93883    -1846.3      237.7      315.9     27.4     25.9     21.7 2023  7 20  1 18 27.22999954  0.0   1
     3031  -1.6433022  101.1406576    2.47074       29.2     -292.4     -152.2      7.8      6.6      8.2 2023  7 20 16 59 18.79999924  0.0   1
     3032  -1.6399550  101.1377279    2.67067     -296.6       77.8       47.7     17.9      9.8      7.1 2023  7 21  6 50 53.00999832  0.0   1
     3033  -1.6528254  101.1316650    2.18331     -971.4    -1345.4     -439.6     27.7      7.7     10.2 2023  7 21 12 31 45.83000183  0.0   1
     3034  -1.6459197  101.1351807    2.63619     -580.1     -581.8       13.2     16.8      7.5      8.5 2023  7 23  3 56 19.47999954  0.0   1
     3037  -1.6404910  101.1421305    1.55969      192.7       18.5    -1063.3     30.0     12.9     15.0 2023  7 31 23 41 35.38000107  0.0   1
     3042  -1.6431998  101.1429687    3.35811      285.9     -281.0      735.2     13.9      9.9      9.0 2023  8 25 22  0  2.96000004  0.0   1
     3043  -1.6404886  101.1434408    2.96118      338.3       18.8      338.2     17.3      6.0      6.5 2023  8 25 22  1 20.63999939  0.0   1
     3044  -1.6534414  101.1317139    2.32168     -966.0    -1413.5     -301.3     16.6      7.7     12.7 2023  8 25 22  1 29.57999992  0.0   1
     3045  -1.6388706  101.1424479    2.51044      228.6      197.7     -112.5     18.2      7.2      6.3 2023  8 25 22  1 39.70000076  0.0   1
     3046  -1.6386524  101.1381266    2.79901     -252.5      221.8      176.1     29.4     11.0      6.0 2023  8 25 22  2 23.94000053  0.0   1
     3047  -1.6409297  101.1426270    2.78463      248.4      -30.0      161.7      9.2      7.2      5.1 2023  8 25 22  2 28.13999939  0.0   1
     3048  -1.6407787  101.1479736    2.71068      842.7      -13.3       87.7     14.4     11.7     11.2 2023  8 25 22  2 42.25999832  0.0   1
     3049  -1.6431629  101.1363851    2.58446     -446.0     -277.0      -38.5     21.8     14.1     10.7 2023  8 25 22  2 51.50000000  0.0   1
     3050  -1.6407469  101.1430583    2.88390      296.3       -9.8      261.0     15.8      7.2      6.4 2023  8 25 22  2 58.43999863  0.0   1
     3051  -1.6390200  101.1490885    1.86379      966.8      181.1     -759.2     17.8     14.6     13.3 2023  8 25 22  3 19.87999916  0.0   1
     3052  -1.6390284  101.1384684    2.68331     -215.0      180.2       60.4     21.0      9.9      6.3 2023  8 25 22  3 24.92000008  0.0   1
     3054  -1.6456057  101.1455485    2.55438      573.0     -547.1      -68.6     21.9     11.4     14.9 2023  8 25 22  3 32.50000000  0.0   1
     3055  -1.6436648  101.1388672    3.11528     -169.9     -332.4      492.3     22.3      9.3      8.1 2023  8 25 22  3 45.52000046  0.0   1
     3056  -1.6488686  101.1250732    2.09067    -1705.1     -907.9     -532.3     15.5     14.1     13.8 2023  8 25 22  4 22.10000038  0.0   1
     3057  -1.6445833  101.1466227    3.24733      692.7     -434.0      624.4     13.2      6.8      8.1 2023  8 25 22  4 39.36000061  0.0   1
     3058  -1.6430103  101.1391764    3.20361     -135.8     -260.1      580.7     27.6      9.4      7.7 2023  8 25 22  4 42.74000168  0.0   1
     3059  -1.6390335  101.1516113    2.49634     1248.2      179.6     -126.6     12.0     10.2      8.0 2023  8 25 22  5 22.65999985  0.0   1
     3060  -1.6360427  101.1571859    2.47866     1868.1      510.4     -144.3     18.0     10.3     14.9 2023  8 25 22  5 45.79999924  0.0   1
     3061  -1.6408257  101.1311442    2.94540    -1029.5      -18.5      322.5     26.1     11.6     22.0 2023  8 25 22  7 34.09999847  0.0   1
     3062  -1.6413845  101.1426921    2.79168      255.2      -80.3      168.7     13.7      8.2      9.0 2023  8 25 22  9 17.42000008  0.0   1
     3063  -1.6440235  101.1432861    2.58447      321.8     -372.1      -38.5     11.7      8.0      8.0 2023  8 25 22  9 21.89999962  0.0   1
     3064  -1.6391159  101.1407145    3.25742       35.4      170.5      634.5     22.8      9.5      7.4 2023  8 25 22  9 33.65999985  0.0   1
     3065  -1.6294924  101.1687256    1.16869     3152.3     1234.6    -1454.3     29.5     38.1     48.7 2023  8 25 22  9 50.97999954  0.0   1
     3066  -1.6448322  101.1530924    2.41545     1413.0     -461.5     -207.5     18.1     10.3     10.7 2023  8 25 22 11 54.90000153  0.0   1
     3067  -1.6378565  101.1571940    2.99137     1868.7      309.8      368.4     19.1     22.3     13.7 2023  8 25 22 12 15.19999981  0.0   1
     3068  -1.6422779  101.1560628    2.30526     1743.6     -179.1     -317.7     21.0     13.1     18.4 2023  8 25 22 14 11.64000034  0.0   1
     3069  -1.6416281  101.1432129    2.55015      312.9     -107.3      -72.8     19.5     18.4     11.4 2023  8 28 21 39 39.09999847  0.0   1
     3070  -1.6473097  101.1261800    2.37953    -1581.7     -735.5     -243.4     13.3      8.9     10.9 2023  8 28 22  8 57.27999878  0.0   1
     3071  -1.6372368  101.1395752    2.61762      -91.9      378.3       -5.3     16.2     10.3      8.3 2023  8 29 14 22 51.02999878  0.0   1
     3072  -1.6418962  101.1367839    2.95656     -402.3     -136.9      333.6     20.2     10.5      8.0 2023  8 29 18 13 50.74000168  0.0   1
     3074  -1.6442860  101.1464925    2.75426      678.5     -401.1      131.3     14.6      7.6      8.7 2023  8 30  1 31 17.67000008  0.0   1
     3075  -1.6439550  101.1323975    1.91962     -890.2     -364.5     -703.3     17.6      8.4     14.1 2023  8 30  5 46 14.44999981  0.0   1
     3076  -1.6388256  101.1446370    2.29744      471.7      202.6     -325.5     16.7      9.7      9.2 2023  8 30  5 46 27.07999992  0.0   1
     3077  -1.6420347  101.1450033    2.59791      512.5     -152.2      -25.0     10.7      8.3      7.1 2023  8 30  5 47  3.69000006  0.0   1
     3078  -1.6436462  101.1312256    2.62045    -1020.4     -330.4       -2.5     19.3     14.4     10.3 2023  8 30  5 47  5.53999996  0.0   1
     3079  -1.6421682  101.1439616    2.56375      397.1     -167.0      -59.2     20.1      6.8      7.4 2023  8 30  5 47 14.06000042  0.0   1
     3080  -1.6442450  101.1522054    2.51532     1313.8     -396.6     -107.6      8.4      6.9     11.0 2023  8 30  5 47 22.72999954  0.0   1
     3081  -1.6403660  101.1454346    2.17743      560.6       32.3     -445.5     19.3     10.2      8.0 2023  8 30  5 47 28.44000053  0.0   1
     3082  -1.6440858  101.1610840    0.84435     2302.1     -379.0    -1778.6     12.6     13.2     24.1 2023  8 30  5 47 37.99000168  0.0   1
     3083  -1.6430843  101.1300212    1.09478    -1154.5     -268.3    -1528.2      9.6      9.1     11.1 2023  8 30  5 47 51.20000076  0.0   1
     3084  -1.6446774  101.1425944    2.66951      244.8     -444.4       46.6     18.0     10.4     10.0 2023  8 30  5 50 22.00000000  0.0   1
     3085  -1.6410763  101.1404053    2.28646        1.1      -46.2     -336.5     13.5      7.7      9.1 2023  8 30  5 50 28.25000000  0.0   1
     3086  -1.6457148  101.1554199    3.34913     1671.7     -559.1      726.2     15.1      9.7      8.7 2023  8 30 14 17 58.83000183  0.0   1
     3087  -1.6385131  101.1515544    2.74739     1241.4      237.2      124.4      7.2      9.0      7.3 2023  8 30 14 22 58.09000015  0.0   1
     3088  -1.6440271  101.1352539    2.02914     -572.7     -372.5     -593.8     27.4      8.4     10.1 2023  8 30 14 35 52.65000153  0.0   1
     3094  -1.6414833  101.1384684    2.51201     -214.6      -91.2     -110.9     14.0      7.3      5.2 2023  9 13 15 18 58.20999908  0.0   1
     3095  -1.6412495  101.1466553    2.45343      696.6      -65.4     -169.5      9.6      8.9      7.2 2023  9 14 16  1  7.05999994  0.0   1
     3096  -1.6410887  101.1541504    2.51969     1530.3      -47.6     -103.3     10.3     10.9     10.5 2023  9 14 16  1 16.52000046  0.0   1
     3097  -1.6451870  101.1406169    2.84221       24.1     -500.8      219.3     17.3      9.8      7.6 2023  9 14 16  1 24.82999992  0.0   1
     3098  -1.6536360  101.1358317    2.69090     -508.1    -1435.0       68.0     21.7     12.3     10.6 2023  9 14 16  3 59.18000031  0.0   1
     3099  -1.6423355  101.1421224    2.58458      192.0     -185.5      -38.4     14.0      8.3      7.9 2023  9 14 16  4  8.14000034  0.0   1
     3100  -1.6425809  101.1381755    3.28258     -247.0     -212.6      659.6     32.1     15.1     11.1 2023  9 14 16  7 36.65999985  0.0   1
     3101  -1.6421244  101.1418538    2.61400      162.2     -162.1       -8.9     13.0      6.2      6.4 2023  9 14 16  7 43.02999878  0.0   1
     3102  -1.6451052  101.1267904    1.44215    -1514.4     -491.7    -1180.8     17.8     12.9     20.1 2023  9 14 16 10 57.36000061  0.0   1
     3103  -1.6455723  101.1382568    2.79052     -238.1     -543.4      167.6     30.1     11.0     15.5 2023  9 14 16 11 12.31000042  0.0   1
     3104  -1.6472547  101.1530843    2.51072     1411.6     -729.4     -112.2     17.7      9.9     10.6 2023  9 14 16 11 17.97999954  0.0   1
     3105  -1.6425976  101.1404378    2.68053        4.8     -214.4       57.6      9.7      9.4      8.0 2023  9 14 16 23 25.43000031  0.0   1
     3106  -1.6444847  101.1420817    2.77861      187.6     -423.1      155.7     14.1      7.4      8.2 2023  9 14 16 23 33.90000153  0.0   1
     3107  -1.6447809  101.1405843    2.72392       21.1     -455.9      101.0     13.6      9.1      8.9 2023  9 14 16 23 52.75999832  0.0   1
     3108  -1.6455352  101.1353271    2.82407     -564.4     -539.3      201.1     14.5      7.8      8.0 2023  9 14 16 23 59.08000183  0.0   1
     3109  -1.6450352  101.1424723    3.03624      230.7     -484.0      413.3     13.4      9.0      7.2 2023  9 14 16 24  4.69000006  0.0   1
     3110  -1.6416073  101.1404541    2.44764        6.6     -105.0     -175.3      8.7      6.1      6.1 2023  9 14 16 24 13.52000046  0.0   1
     3111  -1.6410576  101.1423177    2.51466      213.7      -44.2     -108.3     14.2      7.1      7.3 2023  9 14 16 24 25.40999985  0.0   1
     3112  -1.6447845  101.1445231    2.55666      459.2     -456.3      -66.3     31.1      9.6     13.0 2023  9 14 16 24 54.75000000  0.0   1
     3113  -1.6447300  101.1387451    2.76738     -184.3     -450.2      144.4     16.7      8.4      8.8 2023  9 14 16 24 59.38000107  0.0   1
     3114  -1.6431358  101.1400309    2.32064      -40.9     -274.0     -302.3     18.4      8.3      7.6 2023  9 14 16 25  6.48000002  0.0   1
     3115  -1.6394009  101.1464844    2.39024      677.1      139.0     -232.7      8.6      6.8      7.5 2023  9 14 16 25 25.75000000  0.0   1
     3116  -1.6435588  101.1452637    2.43833      541.9     -320.7     -184.6     11.6      8.5      7.4 2023  9 14 16 25 28.45000076  0.0   1
     3117  -1.6452694  101.1218994    2.01852    -2058.5     -509.9     -604.4     14.2     17.8     16.7 2023  9 14 16 25 34.34999847  0.0   1
     3118  -1.6470579  101.1282715    1.01510    -1349.3     -707.6    -1606.8     23.2     17.8     26.8 2023  9 14 16 25 42.66999817  0.0   1
     3119  -1.6434897  101.1393799    2.31820     -112.9     -313.1     -304.7     16.2      8.4      7.0 2023  9 14 16 25 48.11999893  0.0   1
     3120  -1.6395421  101.1373128    2.25621     -342.8      123.4     -366.7     10.4      6.4      5.4 2023  9 14 16 25 56.81999969  0.0   1
     3121  -1.6373947  101.1439941    2.56245      400.7      360.9      -60.5      7.3      8.5      7.4 2023  9 14 16 26  2.75999999  0.0   1
     3122  -1.6391238  101.1419027    2.68713      167.3      169.7       64.2     13.4      9.0      6.9 2023  9 14 16 26 23.64999962  0.0   1
     3123  -1.6405423  101.1484212    3.17118      892.9       12.8      548.2     13.4      8.8      9.5 2023  9 14 16 26 34.95999908  0.0   1
     3124  -1.6411860  101.1434163    2.89994      335.9      -58.4      277.0     15.3      8.2      8.7 2023  9 14 16 26 48.50000000  0.0   1
     3125  -1.6456431  101.1374349    1.83511     -329.3     -551.2     -787.8     26.1      8.9     11.9 2023  9 14 16 27  6.15000010  0.0   1
     3126  -1.6438380  101.1440999    2.43812      411.7     -351.6     -184.8     17.6      7.3      7.2 2023  9 14 16 27 14.25000000  0.0   1
     3127  -1.6383673  101.1438314    2.33711      381.7      253.3     -285.8      9.1      7.7      8.3 2023  9 14 16 27 17.69000053  0.0   1
     3128  -1.6383080  101.1456136    2.18479      580.5      259.9     -438.2      8.7      9.0     10.3 2023  9 14 16 27 22.95999908  0.0   1
     3129  -1.6363454  101.1466471    2.41695      695.7      476.9     -206.0     17.0     11.9      8.2 2023  9 14 16 27 30.12000084  0.0   1
     3130  -1.6376856  101.1401042    2.98110      -32.7      328.7      358.2     22.8     10.2      7.6 2023  9 14 16 27 36.08000183  0.0   1
     3131  -1.6366586  101.1508138    2.32462     1158.7      442.3     -298.3      6.5      7.2      7.6 2023  9 14 16 28  5.15999985  0.0   1
     3132  -1.6422712  101.1455485    2.43616      572.8     -178.3     -186.8      7.6      6.2      6.7 2023  9 14 16 28 10.97999954  0.0   1
     3133  -1.6410145  101.1408529    2.69719       50.5      -39.4       74.3     30.8     10.8      9.0 2023  9 14 16 28 18.73999977  0.0   1
     3134  -1.6437309  101.1514648    2.56758     1231.4     -339.8      -55.4     20.8      9.6     13.0 2023  9 14 16 28 27.96999931  0.0   1
     3135  -1.6417029  101.1467285    2.36532      704.5     -115.5     -257.6      8.4      6.6      7.2 2023  9 14 16 28 40.47999954  0.0   1
     3136  -1.6473056  101.1423096    2.03335      212.5     -735.0     -589.6     28.8     10.4     11.8 2023  9 14 16 28 47.25999832  0.0   1
     3137  -1.6437319  101.1405599    2.65865       18.3     -339.9       35.7      9.6      7.0      8.6 2023  9 14 16 28 51.58000183  0.0   1
     3138  -1.6474056  101.1251465    1.55243    -1697.1     -746.1    -1070.5     12.1     11.0     14.6 2023  9 14 16 29 41.08000183  0.0   1
     3139  -1.6424806  101.1431315    2.46391      304.2     -201.5     -159.0     16.9      8.8      7.7 2023  9 14 16 29 46.22999954  0.0   1
     3140  -1.6436134  101.1428304    2.64816      270.5     -326.8       25.2     11.8      5.8      7.3 2023  9 14 16 29 52.25999832  0.0   1
     3141  -1.6408629  101.1459961    2.75788      622.9      -22.6      134.9     11.2     10.3      7.8 2023  9 14 16 32  8.39999962  0.0   1
     3142  -1.6406761  101.1436442    2.47547      361.5       -2.0     -147.5      9.4      7.3      7.7 2023  9 14 16 32 17.73999977  0.0   1
     3143  -1.6353224  101.1575195    2.04820     1905.5      590.0     -574.7     15.9     13.1     15.3 2023  9 14 16 32 30.69000053  0.0   1
     3144  -1.6391898  101.1418132    2.64671      157.2      162.4       23.8      8.4      7.0      6.6 2023  9 14 16 32 37.11000061  0.0   1
     3145  -1.6411835  101.1327148    2.95313     -854.7      -58.1      330.2     14.3     11.2      8.1 2023  9 14 16 32 59.11000061  0.0   1
     3146  -1.6368203  101.1533366    2.78340     1439.6      424.4      160.5      8.8     14.7     10.4 2023  9 14 16 34 11.01000023  0.0   1
     3147  -1.6412599  101.1595540    1.92323     2131.3      -66.5     -699.7     13.0     10.6     15.1 2023  9 14 16 34 40.43000031  0.0   1
     3148  -1.6395486  101.1425293    2.51342      237.0      122.7     -109.5     16.8      9.1      8.6 2023  9 14 16 34 47.56999969  0.0   1
     3149  -1.6394493  101.1569906    3.16686     1846.2      133.7      543.9     11.0     16.0     13.1 2023  9 14 16 34 58.79000092  0.0   1
     3150  -1.6472483  101.1301839    2.17489    -1136.6     -728.7     -448.0     18.2     10.3     15.7 2023  9 14 16 36 23.40999985  0.0   1
     3151  -1.6410201  101.1295247    2.18807    -1210.0      -40.0     -434.9     15.3     14.4     13.7 2023  9 14 16 38 46.27000046  0.0   1
     3152  -1.6436646  101.1434977    3.31578      344.7     -332.4      692.8     26.5      8.2      8.6 2023  9 14 16 39 22.14999962  0.0   1
     3153  -1.6434755  101.1503011    2.59296     1102.0     -311.5      -30.0      9.4      7.7      7.2 2023  9 14 16 40 10.57999992  0.0   1
     3154  -1.6433314  101.1426758    2.45562      253.1     -295.6     -167.3     42.4     10.0     10.0 2023  9 14 16 40 29.72999954  0.0   1
     3155  -1.6399860  101.1431071    2.91931      301.3       74.3      296.4     12.1     12.4      8.2 2023  9 14 16 42 57.52000046  0.0   1
     3156  -1.6419698  101.1443115    2.65326      435.8     -145.0       30.3     15.7      8.0      8.5 2023  9 14 16 43 40.40999985  0.0   1
     3157  -1.6377408  101.1427327    2.72439      260.3      322.6      101.4     18.0     12.6      8.2 2023  9 14 16 48 22.35000038  0.0   1
     3158  -1.6422944  101.1505452    2.53994     1129.6     -180.9      -83.0     15.9      9.4      9.0 2023  9 14 16 48 45.50999832  0.0   1
     3159  -1.6420764  101.1656576    0.44605     2811.1     -156.8    -2176.9     33.1     40.1     74.5 2023  9 14 16 51 31.97999954  0.0   1
     3160  -1.6449815  101.1476237    2.62577      803.7     -478.0        2.8      9.7      5.9      7.0 2023  9 14 16 56  2.07999992  0.0   1
     3161  -1.6410393  101.1446452    2.73946      472.6      -42.1      116.5     17.1      8.5      8.1 2023  9 14 17  0 13.88000011  0.0   1
     3162  -1.6329288  101.1462402    1.43189      650.5      854.7    -1191.1     18.5     18.1     14.5 2023  9 14 17 16  3.20000005  0.0   1
     3163  -1.6438777  101.1436930    2.56957      367.1     -356.0      -53.4     24.2     10.9      9.0 2023  9 14 17 16 12.60000038  0.0   1
     3164  -1.6437658  101.1383138    2.42206     -231.5     -343.6     -200.9     22.7     11.6      9.5 2023  9 14 17 16 20.60000038  0.0   1
     3165  -1.6424882  101.1361816    2.45206     -469.3     -202.4     -170.9     18.6      7.9      6.6 2023  9 14 17 22 43.41999817  0.0   1
     3166  -1.6441887  101.1393066    2.59973     -121.7     -390.4      -23.2     14.8      7.1      6.7 2023  9 14 17 23  1.67999995  0.0   1
     3167  -1.6469325  101.1398437    2.88133      -61.8     -693.8      258.4     14.5     10.8     10.4 2023  9 14 17 23  3.44000006  0.0   1
     3168  -1.6419253  101.1402507    2.71917      -16.1     -140.1       96.2     14.0      8.4      7.1 2023  9 14 17 23 38.47999954  0.0   1
     3169  -1.6450156  101.1376465    2.50549     -305.8     -481.8     -117.5     20.6      7.0      5.6 2023  9 14 17 24 47.47999954  0.0   1
     3170  -1.6429759  101.1358643    2.31178     -504.7     -256.3     -311.2     22.1     11.8     12.4 2023  9 14 18  6 58.63999939  0.0   1
     3172  -1.6418571  101.1419678    2.53253      174.7     -132.6      -90.4     14.9      9.6     10.2 2023  9 15 17 48 41.77999878  0.0   1
     3173  -1.6390354  101.1426025    2.83130      245.5      179.4      208.4     16.0      8.5      8.8 2023  9 15 17 50 48.40000153  0.0   1
     3174  -1.6444224  101.1402832    2.65142      -12.5     -416.2       28.5     20.5     10.9     10.0 2023  9 15 17 51  9.39999962  0.0   1
     3175  -1.6353771  101.1424072    2.86667      223.3      583.9      243.7     15.0     15.3      8.5 2023  9 18  5 36 41.97999954  0.0   1
     3176  -1.6407616  101.1412679    2.87645       97.3      -11.4      253.5     13.8      6.6      7.1 2023  9 18 16 33 14.22000027  0.0   1
     3177  -1.6343970  101.1455322    3.43286      571.7      692.3      809.9     17.1     13.8      8.2 2023  9 19 22 37 53.88000107  0.0   1
     3178  -1.6410213  101.1412842    2.68877       98.7      -40.2       65.8     14.3      9.1      7.7 2023  9 20 20 41 28.63999939  0.0   1
     3179  -1.6411307  101.1436279    2.80677      359.9      -52.3      183.8     21.2     11.6     12.5 2023  9 21  3 26 18.59000015  0.0   1
     3180  -1.6400103  101.1548340    2.65991     1606.8       71.6       37.0      8.4     11.5      6.8 2023  9 21  3 26 48.38999939  0.0   1
     3181  -1.6382140  101.1457520    3.10490      595.5      270.3      482.0     13.2     10.8      7.9 2023  9 21  3 26 59.63000107  0.0   1
     3182  -1.6438800  101.1269450    2.09347    -1497.0     -356.2     -529.5     18.7     13.7     17.2 2023  9 21  3 27 59.75000000  0.0   1
     3183  -1.6374789  101.1519206    2.69317     1282.1      351.5       70.2      9.3      6.8      7.5 2023  9 21  3 28  2.72000003  0.0   1
     3184  -1.6386889  101.1453695    2.85879      553.4      217.8      235.8     11.5      9.6      7.2 2023  9 21  3 28 44.74000168  0.0   1
     3185  -1.6428730  101.1181315    1.23940    -2477.8     -244.9    -1383.5     21.1     24.0     28.7 2023  9 21  3 37 14.60999966  0.0   1
     3186  -1.6445175  101.1457926    2.63076      600.6     -426.7        7.8     14.3     12.3      9.4 2023  9 21  3 43  8.53999996  0.0   1
     3187  -1.6426328  101.1436442    2.59814      361.6     -218.3      -24.8     16.3     10.4      9.0 2023  9 21  3 43 36.95999908  0.0   1
     3188  -1.6409435  101.1419189    3.33817      169.8      -31.6      715.2     21.7     15.6      9.5 2023  9 21  3 44 35.31000137  0.0   1
     3189  -1.6392136  101.1412923    2.92132       99.9      159.7      298.4     15.9     10.4      7.1 2023  9 21  3 45  0.40000001  0.0   1
     3190  -1.6382339  101.1399170    2.63134      -53.6      268.1        8.4     15.0      9.5      7.9 2023  9 21  3 46 23.75000000  0.0   1
     3191  -1.6395377  101.1463704    2.92297      664.3      123.9      300.0     16.3     11.8      7.0 2023  9 21  3 47 35.90000153  0.0   1
     3192  -1.6373674  101.1489014    2.90956      946.3      363.9      286.6     15.4     11.7      8.4 2023  9 21  3 47 45.47000122  0.0   1
     3193  -1.6404653  101.1424398    2.81057      227.2       21.3      187.6     16.3      4.9      5.9 2023  9 21  3 50 10.31999969  0.0   1
     3194  -1.6355192  101.1411214    2.95379       80.5      568.2      330.8     16.1     15.4      8.1 2023  9 21  3 51 53.75000000  0.0   1
     3195  -1.6366868  101.1459310    3.15174      616.0      439.1      528.8     18.4     14.0     10.2 2023  9 21  3 54 41.15999985  0.0   1
     3196  -1.6365999  101.1542074    2.99718     1536.8      448.7      374.2      8.3      7.9      8.6 2023  9 21  3 54 56.18999863  0.0   1
     3197  -1.6367875  101.1485921    3.07195      911.7      428.0      449.0     16.7     11.0      9.8 2023  9 21  3 55  2.20000005  0.0   1
     3198  -1.6392929  101.1493164    2.73401      992.9      151.0      111.1     11.5      9.7      6.1 2023  9 21  3 57 10.92000008  0.0   1
     3200  -1.6385272  101.1668050    1.66560     2938.4      235.6     -957.3     15.4     22.6     33.9 2023  9 21 18  0 24.65999985  0.0   1
     3202  -1.6433207  101.1472738    3.07100      765.6     -294.4      448.1     17.5     11.5     11.7 2023  9 21 18  2 53.29999924  0.0   1
     3203  -1.6408647  101.1420247    2.61958      180.7      -22.8       -3.4     20.3      7.2      8.5 2023  9 21 18  3  1.86000001  0.0   1
     3204  -1.6392490  101.1487793    2.57908      932.7      155.8      -43.9      6.9      5.7      6.2 2023  9 21 18  3  6.84000015  0.0   1
     3206  -1.6413984  101.1486410    2.80763      917.5      -81.8      184.7     19.6     11.4     10.6 2023  9 21 18  3 58.45999908  0.0   1
     3207  -1.6364229  101.1589355    1.83960     2062.7      468.3     -783.3      9.0     12.0     11.6 2023  9 21 18  4  4.84000015  0.0   1
     3208  -1.6409187  101.1434245    2.72717      337.2      -28.8      104.2      7.5      6.1      6.7 2023  9 21 18  4  8.68000031  0.0   1
     3209  -1.6452662  101.1447917    2.97675      488.9     -509.5      353.8     32.5     13.1     14.5 2023  9 21 18  5 31.94000053  0.0   1
     3210  -1.6437597  101.1401367    2.82284      -29.2     -342.9      199.9     15.0      7.6      8.1 2023  9 21 18  5 48.38000107  0.0   1
     3211  -1.6535519  101.1238688    2.15608    -1839.1    -1425.7     -466.9     13.4     11.8     15.5 2023  9 21 18  6 39.50000000  0.0   1
     3212  -1.6460902  101.1371908    3.07806     -357.0     -600.6      455.1     11.3      8.5      9.7 2023  9 21 18 40 21.60000038  0.0   1
     3213  -1.6404345  101.1512533    2.87962     1208.3       24.7      256.7     11.3      9.1      6.7 2023  9 28  7  5  1.83000004  0.0   1
     3214  -1.6361740  101.1468018    2.86700      712.4      495.8      244.1      9.8     19.3      9.6 2023  9 28  7 39  3.82999992  0.0   1
     3215  -1.6424210  101.1443929    2.76342      444.4     -194.9      140.5     13.1     15.8     11.3 2023  9 28  7 40  2.51999998  0.0   1
     3216  -1.6390046  101.1484294    2.58863      893.7      182.8      -34.3      7.1      9.3      6.7 2023  9 28  7 55 56.93999863  0.0   1
     3217  -1.6402635  101.1437988    2.68278      378.5       43.6       59.8     12.0      6.5      6.3 2023  9 28  7 56  5.48999977  0.0   1
     3218  -1.6441502  101.1464681    2.63666      675.1     -386.1       13.7     11.5     12.9     13.8 2023  9 28  7 56 11.47999954  0.0   1
     3219  -1.6383584  101.1435872    3.27173      354.5      254.3      648.8     14.9      9.4      8.2 2023  9 28  7 57 46.27000046  0.0   1
     3220  -1.6428285  101.1465169    2.62215      681.3     -240.0       -0.8     10.2      7.5      8.6 2023  9 28  7 59 35.90000153  0.0   1
     3221  -1.6412505  101.1427490    2.50491      261.9      -65.5     -117.0     11.5      5.3      7.1 2023  9 28  8  1 35.72000122  0.0   1
     3222  -1.6386168  101.1478760    2.40374      832.6      225.7     -219.2      9.6      7.5      8.2 2023  9 28  8  2  3.35999990  0.0   1
     3223  -1.6409206  101.1452555    2.72306      540.9      -29.0      100.1     11.6      5.0      7.1 2023  9 28  8  2 40.31000137  0.0   1
     3224  -1.6394240  101.1476318    2.36772      804.9      136.5     -255.2      7.9      5.7      7.1 2023  9 28  8  7 49.70999908  0.0   1
     3225  -1.6419005  101.1446208    2.60904      470.0     -137.4      -13.9     14.5      5.9      8.2 2023  9 28  8 13  6.84000015  0.0   1
     3226  -1.6388481  101.1475260    2.53298      792.8      200.1      -90.0     12.6      9.0      7.5 2023  9 28  8 15 50.84999847  0.0   1
     3227  -1.6420985  101.1441895    2.53025      421.8     -159.3      -92.7     13.4      9.9      9.8 2023  9 28  8 15 58.18999863  0.0   1
     3228  -1.6436347  101.1459229    2.68033      615.2     -329.1       57.4      9.7      9.2      8.8 2023  9 28  8 17  0.49000001  0.0   1
     3229  -1.6381195  101.1470296    2.51893      737.6      280.7     -104.0     17.1     11.1      7.9 2023  9 28  8 17 24.29000092  0.0   1
     3230  -1.6409433  101.1439453    2.76063      394.5      -31.5      137.7     12.0      9.2      8.4 2023  9 28  8 19 49.29999924  0.0   1
     3231  -1.6412064  101.1403890    2.60283       -0.6      -60.6      -20.1     15.2      7.5      5.1 2023  9 28  8 20 55.52000046  0.0   1
     3232  -1.6405136  101.1454590    2.65394      563.1       16.0       31.0     10.9      6.4      6.3 2023  9 28  8 26 42.88000107  0.0   1
     3233  -1.6422958  101.1466309    2.54390      694.1     -181.1      -79.0      8.3      7.7      8.5 2023  9 28  8 26 46.84000015  0.0   1
     3234  -1.6415572  101.1438232    2.77498      381.7      -99.4      152.0      8.9      6.5      6.2 2023  9 28  8 27  2.09999990  0.0   1
     3235  -1.6429174  101.1442871    2.48009      432.8     -249.8     -142.9     10.8      7.9      7.9 2023  9 28  8 29 31.02000046  0.0   1
     3236  -1.6409332  101.1437907    2.59657      377.3      -30.4      -26.4     12.3     12.6      9.1 2023  9 28  8 33 52.38000107  0.0   1
     3237  -1.6416082  101.1419596    2.55476      174.2     -105.1      -68.2     15.3      6.7      7.1 2023  9 28  8 34 52.70000076  0.0   1
     3238  -1.6406058  101.1427897    2.72987      266.5        5.8      106.9     13.6      8.3      6.4 2023  9 28  8 35 23.65999985  0.0   1
     3239  -1.6381284  101.1464030    2.23779      668.1      279.7     -385.2     11.1      6.4      7.4 2023  9 28  8 35 37.04000092  0.0   1
     3240  -1.6433917  101.1401530    2.59199      -26.9     -302.2      -31.0     14.5      9.7      7.0 2023  9 28  8 36  6.26000023  0.0   1
     3241  -1.6408212  101.1441081    2.57094      413.3      -18.0      -52.0      7.4      6.8      7.4 2023  9 28  8 36  9.26000023  0.0   1
     3242  -1.6439396  101.1451579    2.62205      529.7     -362.8       -0.9     10.8      6.1      7.8 2023  9 28  8 36 18.69000053  0.0   1
     3243  -1.6430670  101.1370931    2.87449     -367.8     -266.4      251.5      8.3      6.9      5.8 2023  9 28  8 36 33.70999908  0.0   1
     3244  -1.6451000  101.1425293    2.41103      237.4     -491.2     -211.9     10.5      9.6     10.8 2023  9 28  8 36 39.86999893  0.0   1
     3245  -1.6502125  101.1415609    2.33903      129.7    -1056.4     -283.9     12.3      8.2     12.8 2023  9 28  8 37 37.74000168  0.0   1
     3246  -1.6410189  101.1423096    2.68716      212.5      -39.9       64.2      7.7      8.4      6.8 2023  9 28  8 37 40.75999832  0.0   1
     3247  -1.6415769  101.1420085    2.75931      179.4     -101.6      136.4     10.1      9.7      7.2 2023  9 28  8 38  9.71000004  0.0   1
     3248  -1.6384674  101.1454671    2.65328      564.0      242.2       30.3     11.1      7.5      6.2 2023  9 28  8 39  3.31999993  0.0   1
     3249  -1.6411027  101.1419189    2.77579      169.6      -49.2      152.8     11.7      9.1      6.5 2023  9 28  8 39 16.25000000  0.0   1
     3250  -1.6414363  101.1391195    2.72370     -141.8      -86.0      100.8     11.5      8.7      8.0 2023  9 28  8 39 29.69000053  0.0   1
     3251  -1.6404807  101.1427816    2.77400      265.4       19.6      151.1     13.2      5.6      6.7 2023  9 28  8 40 15.93999958  0.0   1
     3252  -1.6407131  101.1449056    2.70786      501.6       -6.1       84.9     13.0      6.5      7.1 2023  9 28  8 40 38.47999954  0.0   1
     3253  -1.6423670  101.1405029    2.76526       12.1     -189.0      142.3      9.8      7.1      7.9 2023  9 28  8 40 41.38000107  0.0   1
     3254  -1.6447596  101.1425863    2.76725      243.8     -453.5      144.3     17.0      6.5      8.2 2023  9 28  8 41  2.16000009  0.0   1
     3255  -1.6423339  101.1462484    2.62477      650.9     -185.3        1.8     13.4     10.1      6.4 2023  9 28  8 41 20.87999916  0.0   1
     3256  -1.6398890  101.1414632    2.63155      118.9       85.0        8.6      9.8      6.8      6.7 2023  9 28  8 41 55.04999924  0.0   1
     3257  -1.6395622  101.1449707    3.25679      509.3      121.2      633.8     17.4     10.3      8.8 2023  9 28  8 42 14.56999969  0.0   1
     3258  -1.6450826  101.1397624    2.72107      -71.0     -489.2       98.1     14.1      8.9      7.9 2023  9 28  8 42 19.54999924  0.0   1
     3259  -1.6441428  101.1486572    2.48235      919.1     -385.3     -140.6     11.3      9.9     10.3 2023  9 28  8 43 54.72999954  0.0   1
     3260  -1.6481565  101.1453451    2.12552      550.9     -829.1     -497.4     13.3      7.8     11.1 2023  9 28  8 44 16.90999985  0.0   1
     3261  -1.6394519  101.1439128    2.91794      391.2      133.4      295.0      9.0      7.3      7.0 2023  9 28  8 44 28.37999916  0.0   1
     3262  -1.6402780  101.1420085    2.87324      179.6       42.0      250.3      9.7      6.4      5.8 2023  9 28  8 47 19.86000061  0.0   1
     3263  -1.6409265  101.1434977    2.68705      344.8      -29.7       64.1     20.2     12.5      9.5 2023  9 28  8 47 33.06999969  0.0   1
     3264  -1.6431894  101.1401204    2.84925      -30.8     -279.9      226.3     14.4      6.0      6.6 2023  9 28  8 51 42.25999832  0.0   1
     3265  -1.6426821  101.1415446    2.76712      128.0     -223.8      144.2     11.2      9.3      6.8 2023  9 28  8 59 46.52999878  0.0   1
     3266  -1.6417248  101.1435628    2.54477      352.3     -117.9      -78.2     11.5      6.4      5.6 2023  9 28  9  4 21.27000046  0.0   1
     3267  -1.6425771  101.1420736    2.68412      186.4     -212.2       61.2      9.3      7.6      5.8 2023  9 28  9  5 15.84000015  0.0   1
     3268  -1.6417923  101.1449951    2.76348      511.7     -125.4      140.5      9.8      5.3      6.9 2023  9 28  9 10 20.37000084  0.0   1
     3269  -1.6444421  101.1344727    2.79419     -659.2     -418.4      171.3     13.6      9.0      6.1 2023  9 28  9 17 17.36000061  0.0   1
     3270  -1.6379423  101.1420817    2.70020      187.7      300.3       77.3     14.8      7.2      7.4 2023 10  5  7 35 44.90999985  0.0   1
     3271  -1.6130741  101.1343262    2.21103     -675.3     3050.1     -411.9     38.4     30.4     25.4 2023 10  8  0 46  1.73000002  0.0   1
     3272  -1.6127684  101.1306803    2.45114    -1080.9     3083.9     -171.8     42.1     31.8     25.6 2023 10  8  0 46 50.84000015  0.0   1
     3273  -1.6374720  101.1378988    3.15885     -277.6      352.3      535.9     29.9     13.3     10.0 2023 10  9 12  0 57.20999908  0.0   1
     3274  -1.6364880  101.1578125    2.84547     1938.2      461.1      222.5     13.3      8.1     10.8 2023 10  9 13 10 28.75000000  0.0   1
     3275  -1.6413817  101.1459717    2.47692      620.6      -80.0     -146.0      7.8      6.5      7.2 2023 10 10  8 52 47.47999954  0.0   1
     3276  -1.6474186  101.1447510    3.08442      484.4     -747.5      461.5     11.5      7.1      8.4 2023 10 12  2  8 51.72999954  0.0   1
     3277  -1.6456458  101.1451579    2.47771      529.8     -551.5     -145.2     14.4      6.6      8.4 2023 10 12  2 25 53.88999939  0.0   1
     3278  -1.6506369  101.1463949    2.54826      667.8    -1103.4      -74.7     25.4     12.5     11.7 2023 10 12  2 26 44.36999893  0.0   1
     3279  -1.6451501  101.1420736    2.71028      186.4     -496.7       87.3     15.8     10.5      8.7 2023 10 12  7 33 35.72000122  0.0   1
     3280  -1.6391140  101.1371338    2.90062     -362.7      170.7      277.7     20.7     18.1     12.6 2023 10 12  7 35 26.72999954  0.0   1
     3281  -1.6369815  101.1431641    3.09768      307.7      406.5      474.7      9.6      7.0      8.3 2023 10 12  7 44 21.15999985  0.0   1
     3282  -1.6372080  101.1455729    3.18077      576.3      381.5      557.8     12.2      8.4      9.9 2023 10 14  8 24 30.54000092  0.0   1
     3283  -1.6380619  101.1457926    3.39962      600.1      287.1      776.7     12.0      7.5      6.7 2023 10 14 10 32 46.22999954  0.0   1
     3284  -1.6399078  101.1389893    2.83168     -156.6       83.0      208.7     20.7     16.1     10.7 2023 10 14 16 31 41.02000046  0.0   1
     3285  -1.6404243  101.1379069    3.46923     -276.7       25.9      846.3     19.5      8.3      7.5 2023 10 17  8 13 56.77000046  0.0   1
     3286  -1.6416364  101.1275635    2.87641    -1428.0     -108.2      253.5     12.9     12.1      6.8 2023 10 17  9  1 32.40999985  0.0   1
     3288  -1.6387889  101.1369141    2.68783     -387.7      206.7       64.9     42.9     14.6     16.4 2023 10 18 14 21 34.95000076  0.0   1
