     2719  -1.6419319  101.1460205    2.81543      626.1     -140.8      192.5      2.0      1.9      1.4 2023  1  3  3 43 21.02000046  0.0   1
     2720  -1.6379484  101.1479736    3.01338      842.9      299.6      390.4      2.8      2.2      1.7 2023  1  3  3 52  5.73000002  0.0   1
     2721  -1.6360331  101.1508952    2.69258     1167.8      511.4       69.6      4.1      4.0      2.8 2023  1  3  3 52 21.03000069  0.0   1
     2722  -1.6424936  101.1377523    2.75044     -294.5     -202.9      127.5      3.3      1.8      1.1 2023  1  3  3 52 34.75000000  0.0   1
     2723  -1.6400533  101.1446777    2.81939      476.1       66.9      196.4      2.0      1.6      1.0 2023  1  3  4  2 20.45000076  0.0   1
     2724  -1.6398483  101.1456624    2.90493      586.0       89.5      282.0      2.2      1.7      1.3 2023  1  4 20 11 39.40000153  0.0   1
     2725  -1.6407782  101.1431315    2.89219      304.6      -13.3      269.2      3.2      2.2      1.5 2023  1  4 20 16 15.53999996  0.0   1
     2726  -1.6453246  101.1410482    2.60255       72.6     -516.0      -20.4      4.6      2.1      1.9 2023  1  4 20 17  9.68000031  0.0   1
     2727  -1.6495036  101.1279215    1.81089    -1388.2     -978.1     -812.1     16.8     14.0     17.4 2023  1  4 20 18 22.71999931  0.0   1
     2729  -1.6459391  101.1394938    2.77758     -100.8     -583.9      154.6      6.9      1.5      1.6 2023  1 11 13 28 50.43999863  0.0   1
     2734  -1.6412050  101.1462728    3.00700      654.0      -60.5      384.1      3.4      2.2      1.8 2023  1 20 18 30  0.36000001  0.0   1
     2735  -1.6442008  101.1390381    2.98962     -151.2     -391.7      366.7      3.1      1.4      0.9 2023  1 20 19 10 25.45999908  0.0   1
     2736  -1.6416968  101.1445964    2.62444      467.6     -114.8        1.5      1.9      1.2      1.3 2023  1 20 19 10 36.45999908  0.0   1
     2737  -1.6419910  101.1430583    2.60137      296.1     -147.4      -21.6      2.4      1.1      0.9 2023  1 20 19 11 19.44000053  0.0   1
     2738  -1.6408600  101.1409668    3.02833       63.0      -22.3      405.4      2.8      1.7      1.1 2023  1 20 19 11 38.47999954  0.0   1
     2739  -1.6393459  101.1429362    2.87229      282.4      145.1      249.3      2.9      1.8      1.5 2023  1 20 19 11 46.86000061  0.0   1
     2740  -1.6408724  101.1424723    2.67718      231.1      -23.7       54.2      2.6      1.7      1.4 2023  1 20 19 12  2.07999992  0.0   1
     2741  -1.6416032  101.1439860    2.87322      399.0     -104.5      250.3      2.6      1.2      0.7 2023  1 20 19 12 14.30000019  0.0   1
     2742  -1.6454492  101.1371908    2.64183     -357.0     -529.8       18.9      4.2      2.4      1.8 2023  1 20 19 12 27.89999962  0.0   1
     2743  -1.6408909  101.1434652    2.76204      341.0      -25.7      139.1      2.2      1.5      1.1 2023  1 20 19 12 41.43999863  0.0   1
     2744  -1.6392464  101.1420736    3.13577      186.3      156.1      512.8      6.0      2.3      1.3 2023  1 20 19 12 45.20000076  0.0   1
     2745  -1.6419057  101.1423828    2.96771      221.3     -137.9      344.8      3.2      1.3      1.0 2023  1 20 19 12 58.77999878  0.0   1
     2746  -1.6426825  101.1433105    2.90724      323.9     -223.8      284.3      2.6      1.6      1.1 2023  1 20 19 13  8.81999969  0.0   1
     2747  -1.6454319  101.1433594    2.55940      329.3     -527.8      -63.5      2.7      1.1      1.1 2023  1 20 19 13 21.52000046  0.0   1
     2748  -1.6390039  101.1406006    3.10722       23.0      182.9      484.3      5.4      2.6      1.3 2023  1 20 19 13 50.47999954  0.0   1
     2749  -1.6413162  101.1306152    2.46803    -1088.2      -72.8     -154.9      3.5      2.6      2.6 2023  1 20 19 13 59.40000153  0.0   1
     2750  -1.6399111  101.1357666    2.82455     -514.8       82.6      201.6      2.6      2.2      1.3 2023  1 20 19 14 14.26000023  0.0   1
     2751  -1.6418364  101.1444661    2.92393      452.8     -130.3      301.0      2.8      1.7      1.0 2023  1 20 19 14 47.25999832  0.0   1
     2752  -1.6423345  101.1468099    2.73688      713.6     -185.4      113.9      3.2      2.3      2.0 2023  1 20 19 14 50.77999878  0.0   1
     2753  -1.6426825  101.1385905    2.89362     -200.7     -223.8      270.7      5.6      1.8      1.8 2023  1 20 19 15  4.05999994  0.0   1
     2754  -1.6415920  101.1440837    2.72391      410.5     -103.3      101.0      1.5      1.1      0.8 2023  1 20 19 15 37.75999832  0.0   1
     2755  -1.6411124  101.1432210    2.75342      314.4      -50.2      130.5      1.7      1.4      1.1 2023  1 20 19 15 47.91999817  0.0   1
     2756  -1.6409569  101.1427816    2.78791      265.4      -33.0      165.0      1.9      1.2      1.0 2023  1 20 19 16  4.34000015  0.0   1
     2757  -1.6428342  101.1381836    2.77928     -246.2     -240.6      156.3      2.1      1.8      1.5 2023  1 20 19 16 23.39999962  0.0   1
     2758  -1.6380576  101.1461751    2.88127      642.7      287.6      258.3      3.0      2.4      2.2 2023  1 20 19 16 33.02000046  0.0   1
     2759  -1.6409651  101.1449137    2.78151      502.4      -33.9      158.6      2.0      1.3      0.9 2023  1 20 19 16 54.11999893  0.0   1
     2760  -1.6414664  101.1486654    2.73565      920.5      -89.4      112.7      2.8      1.5      1.6 2023  1 20 19 17 18.65999985  0.0   1
     2761  -1.6412865  101.1423747    2.79220      220.4      -69.5      169.3      1.8      1.3      0.9 2023  1 20 19 17 23.44000053  0.0   1
     2762  -1.6418439  101.1428955    2.74110      277.6     -131.1      118.2      1.6      0.8      0.9 2023  1 20 19 17 53.41999817  0.0   1
     2763  -1.6451309  101.1215739    1.86382    -2094.2     -494.6     -759.1      3.5      3.9      4.1 2023  1 20 19 17 59.56000137  0.0   1
     2764  -1.6372640  101.1492025    2.96447      980.2      375.3      341.5      3.5      2.4      1.7 2023  1 20 19 18 19.47999954  0.0   1
     2765  -1.6434339  101.1459554    2.93261      618.0     -306.9      309.7      2.5      1.7      1.5 2023  1 20 19 18 31.20000076  0.0   1
     2766  -1.6442118  101.1384521    2.70110     -216.4     -392.9       78.2      4.2      1.9      1.7 2023  1 20 19 18 39.00000000  0.0   1
     2767  -1.6414630  101.1407389    2.89583       37.7      -89.0      272.9      3.2      1.8      1.2 2023  1 20 19 20 12.10000038  0.0   1
     2768  -1.6423350  101.1369303    2.72852     -385.9     -185.4      105.6      2.8      1.6      1.1 2023  1 20 19 20 39.81999969  0.0   1
     2769  -1.6426015  101.1436361    2.88192      360.1     -214.9      259.0      5.7      1.6      1.7 2023  1 20 19 21  7.40000010  0.0   1
     2770  -1.6422365  101.1397217    2.91040      -75.1     -174.5      287.5      3.4      1.5      1.1 2023  1 20 19 21 18.81999969  0.0   1
     2771  -1.6411139  101.1519368    2.53739     1283.8      -50.4      -85.6      2.9      2.9      2.1 2023  1 20 19 21 59.91999817  0.0   1
     2772  -1.6426084  101.1446126    3.01359      468.7     -215.6      390.6      2.2      1.4      1.3 2023  1 20 19 22 12.19999981  0.0   1
     2773  -1.6389760  101.1540609    2.36625     1520.5      186.0     -256.7      4.8      4.3      4.3 2023  1 20 19 22 39.93999863  0.0   1
     2774  -1.6433081  101.1398193    3.06326      -64.4     -293.0      440.3      3.5      1.5      1.2 2023  1 20 19 22 45.40000153  0.0   1
     2775  -1.6449624  101.1356852    2.80382     -524.6     -475.9      180.9      3.0      1.7      1.0 2023  1 20 19 23  1.05999994  0.0   1
     2776  -1.6461207  101.1424072    2.36223      224.1     -604.0     -260.7      1.8      0.9      1.2 2023  1 20 19 23  6.86000013  0.0   1
     2777  -1.6414121  101.1390951    2.77420     -144.9      -83.4      151.3      3.4      1.3      1.0 2023  1 20 19 24 26.95999908  0.0   1
     2778  -1.6462629  101.1252279    2.56505    -1688.3     -619.7      -57.9      3.2      2.1      2.3 2023  1 20 19 24 30.94000053  0.0   1
     2779  -1.6458656  101.1362142    2.60716     -465.3     -575.8      -15.8      3.4      1.9      1.5 2023  1 20 19 24 45.20000076  0.0   1
     2780  -1.6481907  101.1346273    2.36775     -642.0     -832.9     -255.2      6.8      2.9      3.1 2023  1 20 19 24 52.18000031  0.0   1
     2782  -1.6398370  101.1520020    2.63055     1291.5       90.8        7.6      2.9      2.7      1.9 2023  1 20 19 25 16.07999992  0.0   1
     2783  -1.6499945  101.1331299    1.52058     -809.0    -1032.4    -1102.4      4.7      2.5      4.5 2023  1 20 19 26 19.50000000  0.0   1
     2784  -1.6377556  101.1562419    2.72770     1762.7      321.0      104.8      3.7      4.1      3.1 2023  1 20 19 26 40.24000168  0.0   1
     2785  -1.6457431  101.1463216    2.90580      658.9     -562.2      282.9      3.0      2.3      2.5 2023  1 20 19 26 53.72000122  0.0   1
     2786  -1.6415362  101.1441976    2.64094      422.6      -97.1       18.0      1.5      1.2      1.2 2023  1 20 19 28  3.14000010  0.0   1
     2787  -1.6432531  101.1394531    2.67977     -105.0     -286.9       56.8      1.5      1.1      0.9 2023  1 20 19 28 27.34000015  0.0   1
     2788  -1.6413409  101.1437744    2.84022      375.8      -75.5      217.3      2.2      1.3      1.1 2023  1 20 19 28 29.31999969  0.0   1
     2789  -1.6410329  101.1438232    2.66308      380.9      -41.4       40.1      2.3      1.3      1.1 2023  1 20 19 28 39.91999817  0.0   1
     2790  -1.6457147  101.1424642    2.77434      230.3     -559.1      151.4      4.7      1.6      1.6 2023  1 20 19 29 12.73999977  0.0   1
     2791  -1.6433418  101.1418783    2.85226      165.0     -296.7      229.3      2.3      1.8      1.5 2023  1 20 19 29 38.18000031  0.0   1
     2792  -1.6418605  101.1445394    2.79057      460.9     -132.9      167.6      2.7      1.8      1.3 2023  1 20 19 30 28.65999985  0.0   1
     2793  -1.6416237  101.1419922    2.75465      177.6     -106.8      131.7      2.2      1.6      1.1 2023  1 20 19 30 43.77999878  0.0   1
     2794  -1.6451781  101.1323975    2.53784     -889.8     -499.8      -85.1      4.1      2.7      3.0 2023  1 20 19 30 58.61999893  0.0   1
     2795  -1.6356940  101.1572673    2.15379     1877.0      548.9     -469.2      3.8      4.5      3.7 2023  1 20 19 31  4.38000011  0.0   1
     2796  -1.6424648  101.1479004    2.55077      834.9     -199.8      -72.2      2.3      2.0      1.4 2023  1 20 19 31  9.84000015  0.0   1
     2797  -1.6420583  101.1430501    2.89660      294.9     -154.8      273.7      1.6      1.3      1.0 2023  1 20 19 31 49.70000076  0.0   1
     2798  -1.6421141  101.1487386    2.78286      927.7     -161.0      159.9      1.9      1.6      1.3 2023  1 20 19 32  3.83999991  0.0   1
     2799  -1.6421563  101.1439535    2.77521      395.9     -165.7      152.3      3.7      2.1      2.1 2023  1 20 19 32  9.02000046  0.0   1
     2800  -1.6414510  101.1415283    2.91194      125.7      -87.7      289.0      1.1      0.7      0.6 2023  1 20 19 32 20.89999962  0.0   1
     2801  -1.6424936  101.1403727    2.76222       -2.3     -203.0      139.3      3.1      1.4      1.1 2023  1 20 19 32 52.88000107  0.0   1
     2802  -1.6417793  101.1435059    2.73425      345.7     -124.0      111.3      1.6      1.4      1.2 2023  1 20 19 32 59.25999832  0.0   1
     2803  -1.6426575  101.1413900    2.93919      110.2     -221.1      316.2      2.8      1.6      1.0 2023  1 20 19 33  9.80000019  0.0   1
     2804  -1.6430265  101.1377604    2.73383     -293.5     -261.9      110.9      4.1      1.9      1.1 2023  1 20 19 33 34.56000137  0.0   1
     2805  -1.6417615  101.1500326    2.84384     1071.9     -122.0      220.9      1.7      2.0      1.3 2023  1 20 19 33 48.00000000  0.0   1
     2806  -1.6432363  101.1385091    2.87638     -210.5     -285.1      253.4      2.6      1.3      0.7 2023  1 20 19 33 53.97999954  0.0   1
     2807  -1.6404966  101.1475667    2.70470      797.5       17.9       81.8      1.8      1.4      1.1 2023  1 20 19 34 15.69999981  0.0   1
     2808  -1.6459883  101.1233805    1.35747    -1893.5     -589.4    -1265.5      3.5      2.3      3.7 2023  1 20 19 34 33.22000122  0.0   1
     2809  -1.6444548  101.1349121    2.63137     -610.7     -419.8        8.4      3.1      2.0      1.4 2023  1 20 19 34 48.20000076  0.0   1
     2810  -1.6415698  101.1429525    2.62135      284.6     -100.8       -1.6      2.3      1.7      1.3 2023  1 20 19 34 58.11999893  0.0   1
     2811  -1.6425179  101.1470947    2.97742      744.8     -205.6      354.5      2.9      1.8      1.4 2023  1 20 19 35 21.10000038  0.0   1
     2812  -1.6414399  101.1418294    2.92345      159.0      -86.4      300.5      2.4      1.3      0.9 2023  1 20 19 35 48.25999832  0.0   1
     2813  -1.6416119  101.1449788    2.76548      510.3     -105.4      142.5      1.9      1.1      0.9 2023  1 20 19 36 32.65999985  0.0   1
     2814  -1.6436352  101.1446696    2.87616      475.2     -329.2      253.2      1.8      1.3      1.0 2023  1 20 19 36 50.90000153  0.0   1
     2815  -1.6416629  101.1422689    2.78828      208.7     -111.1      165.3      1.7      1.5      1.2 2023  1 20 19 43 50.43999863  0.0   1
     2816  -1.6422680  101.1426107    2.91009      246.6     -178.0      287.1      2.3      1.7      1.3 2023  1 20 19 43 54.97999954  0.0   1
     2817  -1.6409023  101.1441162    2.73381      414.2      -27.0      110.9      1.8      1.3      1.0 2023  1 20 19 49 56.54000092  0.0   1
     2818  -1.6421553  101.1446615    2.89228      474.9     -165.5      269.3      3.7      2.4      1.3 2023  1 20 19 53 30.76000023  0.0   1
     2819  -1.6413392  101.1436035    2.80718      356.9      -75.3      184.2      2.2      1.2      0.6 2023  1 20 19 57 15.27999973  0.0   1
     2820  -1.6419689  101.1434652    2.61332      341.4     -144.9       -9.6      2.1      1.2      1.0 2023  1 20 19 57 23.65999985  0.0   1
     2821  -1.6404037  101.1435384    2.76576      349.1       28.1      142.8      2.4      1.3      1.0 2023  1 20 20 23  4.65999985  0.0   1
     2822  -1.6413771  101.1404785    2.80941        9.1      -79.5      186.5      3.5      2.0      1.9 2023  1 21  1 56 37.25000000  0.0   1
     2823  -1.6391402  101.1482666    2.84006      875.3      167.8      217.1      2.0      2.5      1.4 2023  1 30 17 30  4.76000023  0.0   1
     2824  -1.6418332  101.1398763    2.79905      -57.8     -129.9      176.1      3.9      1.5      1.1 2023  1 30 17 30 40.74000168  0.0   1
     2825  -1.6452372  101.1282471    1.94849    -1351.7     -506.3     -674.5      2.5      1.9      2.1 2023  2 18 22 35 10.69999981  0.0   1
     2826  -1.6385062  101.1437907    2.83838      377.3      238.0      215.4      2.1      1.3      1.0 2023  2 18 22 38 25.92000008  0.0   1
     2827  -1.6409405  101.1423096    2.68057      213.0      -31.2       57.6      3.9      1.9      1.6 2023  2 18 22 38 33.40000153  0.0   1
     2828  -1.6449759  101.1305827    2.20015    -1091.7     -477.4     -422.8      3.0      1.7      1.9 2023  2 18 22 39  5.48000002  0.0   1
     2829  -1.6470067  101.1363118    2.39517     -454.5     -702.0     -227.8      3.8      2.0      1.3 2023  2 26 15 14 57.77000046  0.0   1
     2830  -1.6465087  101.1326009    2.01812     -867.5     -646.9     -604.8      2.4      1.9      1.7 2023  2 27 22 34 11.93999958  0.0   1
     2831  -1.6423602  101.1525553    2.68994     1353.2     -188.2       67.0      3.0      3.0      2.0 2023  2 27 22 34 17.97999954  0.0   1
     2832  -1.6472577  101.1367676    2.23113     -403.6     -729.7     -391.8      5.2      1.6      2.3 2023  2 27 22 34 39.31999969  0.0   1
     2833  -1.6415874  101.1344238    2.77371     -664.3     -102.7      150.8      3.7      2.1      1.5 2023  2 27 22 34 42.22000122  0.0   1
     2834  -1.6404868  101.1396810    2.75816      -79.4       19.0      135.2      1.8      1.0      0.9 2023  3  8  4 53 44.11000061  0.0   1
     2835  -1.6396776  101.1366699    2.84863     -414.6      108.4      225.7      2.9      1.8      1.0 2023  3 12 23 29 24.12000084  0.0   1
     2836  -1.6408703  101.1368815    2.92033     -391.3      -23.4      297.4      2.6      1.5      1.0 2023  3 19 14 58 26.79999924  0.0   1
     2837  -1.6418421  101.1445964    2.84643      467.3     -130.9      223.5      2.3      1.1      1.0 2023  3 19 14 58 27.35000038  0.0   1
     2838  -1.6385432  101.1435710    2.91871      353.4      233.9      295.8      2.7      1.7      1.1 2023  3 19 14 58 41.38999939  0.0   1
     2839  -1.6432167  101.1424561    2.76421      228.9     -282.9      141.3      3.5      1.3      1.3 2023  3 19 14 59  5.11999989  0.0   1
     2840  -1.6413513  101.1431803    2.87762      309.3      -76.6      254.7      2.6      1.3      1.0 2023  3 19 15  0 56.34000015  0.0   1
     2841  -1.6398020  101.1465007    2.79923      678.9       94.7      176.3      3.1      1.9      1.3 2023  3 19 15  7 48.63000107  0.0   1
     2842  -1.6414374  101.1433919    2.76420      332.9      -86.2      141.3      1.9      1.4      1.0 2023  3 19 15  8  6.13999987  0.0   1
     2843  -1.6408909  101.1455078    2.74328      569.0      -25.7      120.3      2.4      1.4      1.4 2023  3 19 15  8 45.77000046  0.0   1
     2844  -1.6418132  101.1451253    2.66147      526.4     -127.7       38.5      2.0      1.5      1.2 2023  3 19 15 10  1.89999998  0.0   1
     2845  -1.6419746  101.1410156    2.99923       69.1     -145.6      376.3      3.1      1.6      1.0 2023  3 19 15 10 17.05999947  0.0   1
     2846  -1.6417328  101.1343018    2.90668     -677.9     -118.8      283.7      3.3      3.7      1.7 2023  3 19 15 10 42.45999908  0.0   1
     2847  -1.6390420  101.1397135    3.25440      -75.9      178.7      631.5      4.4      1.9      1.3 2023  3 19 15 12  7.92000008  0.0   1
     2848  -1.6377715  101.1453206    3.03783      548.1      319.2      414.9      3.8      2.8      1.7 2023  3 19 15 12 41.66999817  0.0   1
     2849  -1.6399245  101.1454915    2.95293      566.8       81.1      330.0      2.9      2.4      1.2 2023  3 19 15 13  3.02999997  0.0   1
     2850  -1.6459410  101.1343913    2.67880     -668.4     -584.1       55.9      2.8      2.7      1.7 2023  3 19 15 13 29.22999954  0.0   1
     2851  -1.6407884  101.1418376    2.89321      160.7      -14.4      270.3      3.5      1.6      1.1 2023  3 19 15 14 14.53999996  0.0   1
     2852  -1.6444784  101.1293457    2.11312    -1230.1     -422.4     -509.8      3.3      2.4      2.9 2023  3 19 15 14 23.75000000  0.0   1
     2853  -1.6400901  101.1430990    2.73465      300.5       62.8      111.7      2.5      1.6      0.8 2023  3 19 15 17  0.95999998  0.0   1
     2854  -1.6411043  101.1417969    2.74038      155.7      -49.3      117.4      3.0      1.4      1.5 2023  3 19 15 17 15.43000031  0.0   1
     2855  -1.6392834  101.1437744    2.95876      376.0      152.0      335.8      4.3      2.2      1.7 2023  3 19 15 17 23.26000023  0.0   1
     2856  -1.6430936  101.1401286    2.75641      -29.7     -269.3      133.5      4.1      1.5      0.9 2023  3 19 15 17 27.55999947  0.0   1
     2857  -1.6397544  101.1489339    2.89169      949.5       99.9      268.7      1.8      2.3      1.5 2023  3 19 15 17 37.34000015  0.0   1
     2858  -1.6408138  101.1427816    2.86612      265.3      -17.2      243.2      3.5      1.6      1.3 2023  3 30 10 37 55.43000031  0.0   1
     2859  -1.6412234  101.1462321    2.73199      648.9      -62.5      109.1      2.5      1.6      0.9 2023  3 30 10 38 31.47999954  0.0   1
     2860  -1.6440982  101.1363037    2.88992     -455.9     -380.4      267.0      3.1      1.6      1.1 2023  3 30 10 38 50.88000107  0.0   1
     2861  -1.6426582  101.1431966    2.96418      311.1     -221.2      341.2      2.9      1.2      0.9 2023  3 30 10 38 55.63999939  0.0   1
     2862  -1.6416809  101.1429199    2.64310      280.9     -113.1       20.2      2.5      2.2      1.6 2023  3 30 10 39 42.11999893  0.0   1
     2863  -1.6406846  101.1360921    3.23122     -478.7       -2.9      608.3      3.9      2.2      1.5 2023  3 30 10 39 48.84999847  0.0   1
     2864  -1.6418546  101.1427327    2.80600      260.3     -132.3      183.1      1.8      1.6      1.2 2023  3 30 10 40  7.73999977  0.0   1
     2865  -1.6413895  101.1399007    2.86598      -55.4      -80.9      243.0      3.0      1.7      1.7 2023  3 30 10 40 14.48999977  0.0   1
     2866  -1.6388332  101.1361328    2.86628     -474.9      201.8      243.3      2.8      1.7      1.1 2023  3 30 10 40 28.92000008  0.0   1
     2867  -1.6403660  101.1408691    2.76708       52.1       32.3      144.1      2.5      1.6      1.1 2023  3 30 10 40 36.38999939  0.0   1
     2868  -1.6388062  101.1439290    2.73966      392.6      204.8      116.7      2.2      1.5      0.9 2023  3 30 10 40 42.43999863  0.0   1
     2869  -1.6458330  101.1331543    2.74859     -806.0     -572.2      125.6      6.9      2.5      1.9 2023  3 30 10 41  9.31999969  0.0   1
     2870  -1.6416510  101.1420898    2.80028      188.4     -109.8      177.3      3.2      1.2      1.1 2023  3 30 10 41 20.13999939  0.0   1
     2871  -1.6459052  101.1384847    2.84554     -213.1     -580.2      222.6      3.1      1.2      1.1 2023  3 30 10 41 29.93000031  0.0   1
     2872  -1.6444719  101.1314372    2.47896     -996.8     -421.7     -144.0      3.3      2.5      2.3 2023  3 30 10 42  3.19000006  0.0   1
     2873  -1.6417329  101.1444173    2.73786      447.7     -118.8      114.9      1.7      1.2      0.8 2023  3 30 10 42 11.61999989  0.0   1
     2874  -1.6425027  101.1406657    2.84233       29.6     -204.0      219.4      2.6      1.5      1.0 2023  3 30 10 45 34.45999908  0.0   1
     2875  -1.6400007  101.1378581    2.89472     -282.9       72.7      271.8      2.5      2.4      1.1 2023  3 30 10 49 11.32999992  0.0   1
     2877  -1.6386127  101.1475423    2.87860      795.4      226.2      255.7      2.6      1.7      1.2 2023  4  4 21 16 12.35999966  0.0   1
     2878  -1.6386233  101.1358724    3.03952     -503.9      225.0      416.6      3.0      2.8      1.7 2023  4  4 21 17 38.91999817  0.0   1
     2879  -1.6402180  101.1445231    2.70128      459.0       48.7       78.3      1.5      1.1      0.7 2023  4  4 21 19 37.68000031  0.0   1
     2880  -1.6398408  101.1494710    2.92111     1009.3       90.4      298.2      4.0      3.1      2.5 2023  4  4 21 20  7.90000010  0.0   1
     2881  -1.6391726  101.1450114    2.95685      513.4      164.3      333.9      2.2      1.9      1.7 2023  4  4 21 21 24.20000076  0.0   1
     2882  -1.6400794  101.1466960    2.56265      700.7       64.0      -60.3      2.2      1.4      0.7 2023  4  4 21 21 37.93999863  0.0   1
     2883  -1.6395874  101.1364990    2.82877     -433.3      118.4      205.8      4.2      2.7      2.0 2023  4  4 21 21 52.75999832  0.0   1
     2884  -1.6445644  101.1414063    2.57243      112.1     -431.9      -50.5      2.6      1.2      1.4 2023  4  4 21 21 54.95999908  0.0   1
     2885  -1.6392432  101.1523763    2.89550     1333.0      156.5      272.6      4.6      4.4      3.4 2023  4  4 21 22  3.64000010  0.0   1
     2886  -1.6439058  101.1410075    2.84182       68.1     -359.1      218.9      2.7      1.6      1.3 2023  4  7  6 28 12.28999996  0.0   1
     2889  -1.6014725  101.1254150    1.90612    -1666.8     4332.9     -716.8      6.1      5.3      4.1 2023  4 14  5 51 20.79999924  0.0   1
     2890  -1.6065374  101.1240234    2.15350    -1822.4     3772.9     -469.4      6.3      6.9      3.9 2023  4 14  5 51 25.79999924  0.0   1
     2893  -1.6385047  101.1443359    2.96210      438.6      238.1      339.2      2.3      1.5      1.4 2023  5 15 17 26 39.81999969  0.0   1
     2894  -1.6381287  101.1486328    2.92408      916.8      279.7      301.1      2.5      2.5      2.1 2023  5 15 17 32 30.39999962  0.0   1
     2895  -1.6443704  101.1400635    2.71194      -37.1     -410.5       89.0      3.6      2.3      1.8 2023  5 19 22 49 48.45999908  0.0   1
     2896  -1.6422273  101.1451986    2.80559      534.7     -173.5      182.6      3.5      2.1      1.4 2023  5 19 22 54 49.02000046  0.0   1
     2897  -1.6410928  101.1399740    2.84844      -47.4      -48.1      225.5      6.7      2.2      1.1 2023  5 19 22 54 53.54000092  0.0   1
     2901  -1.6416477  101.1347168    2.71965     -631.9     -109.4       96.7      3.2      1.8      1.1 2023  5 27 15 42  8.60000038  0.0   1
     2903  -1.6431625  101.1386393    2.66195     -195.6     -276.9       39.0      4.4      2.8      2.8 2023  5 28 18 49 16.21999931  0.0   1
     2905  -1.6473507  101.1240153    1.71919    -1822.6     -740.0     -903.8      3.5      2.7      3.5 2023  6  6  1 40 44.04000092  0.0   1
     2906  -1.6414106  101.1326823    2.56511     -858.0      -83.2      -57.8      2.8      2.3      1.6 2023  6  6  1 42 24.76000023  0.0   1
     2907  -1.6398015  101.1363444    2.78262     -451.4       94.7      159.7      4.1      2.2      1.2 2023  6  6  1 48 22.26000023  0.0   1
     2908  -1.6410851  101.1447347    2.74268      482.8      -47.2      119.7      2.2      1.1      1.0 2023  6  6  1 48 43.06999969  0.0   1
     2909  -1.6428537  101.1476156    2.62772      802.9     -242.8        4.8      2.1      1.5      1.4 2023  6  6  1 51 12.57999992  0.0   1
     2910  -1.6429910  101.1459310    2.67376      615.8     -257.9       50.8      2.6      1.4      1.7 2023  6  6  1 51 15.86999989  0.0   1
     2911  -1.6426498  101.1416585    2.86512      140.8     -220.2      242.2      3.2      1.2      0.9 2023  6  6  1 51 30.25000000  0.0   1
     2912  -1.6432583  101.1454753    2.93924      565.1     -287.5      316.3      2.1      1.0      1.3 2023  6  6  1 52 19.11000061  0.0   1
     2913  -1.6424909  101.1434163    2.90951      335.8     -202.7      286.6      3.1      1.5      1.3 2023  6  6  1 52 40.33000183  0.0   1
     2914  -1.6412268  101.1437174    2.94571      369.2      -62.9      322.8      1.7      1.5      1.4 2023  6  6  1 52 50.29999924  0.0   1
     2915  -1.6426100  101.1447184    2.78894      481.2     -215.8      166.0      3.4      1.8      1.7 2023  6  6  1 53 28.01000023  0.0   1
     2916  -1.6445312  101.1421305    2.84987      193.2     -428.3      226.9      3.5      1.5      1.5 2023  6  6  1 54  5.28999996  0.0   1
     2917  -1.6432201  101.1452067    2.82100      535.5     -283.3      198.1      2.0      1.3      1.1 2023  6  6  1 54 28.88999939  0.0   1
     2918  -1.6434882  101.1423503    2.88676      217.1     -312.9      263.8      3.2      1.3      1.1 2023  6  6  1 54 37.52999878  0.0   1
     2919  -1.6436254  101.1509847    2.71815     1178.4     -328.1       95.2      2.9      2.2      1.7 2023  6  6  1 54 44.18999863  0.0   1
     2921  -1.6469828  101.1269857    1.65707    -1492.1     -699.3     -965.9      3.2      2.6      3.3 2023  6  6  1 55 12.25000000  0.0   1
     2922  -1.6411706  101.1417643    2.89624      152.5      -56.7      273.3      5.0      1.6      1.3 2023  6  6  1 55 25.79999924  0.0   1
     2923  -1.6430210  101.1405518    2.65731       17.6     -261.3       34.4      3.3      1.2      0.9 2023  6  6  1 55 44.54999924  0.0   1
     2924  -1.6402617  101.1456624    2.82578      585.6       43.8      202.8      2.0      1.3      1.0 2023  6  6  1 55 52.50999832  0.0   1
     2925  -1.6435078  101.1392904    2.85018     -123.3     -315.1      227.2      5.0      1.8      1.6 2023  6  6  1 56  1.14999998  0.0   1
     2926  -1.6432336  101.1427734    2.94856      264.1     -284.8      325.6      4.5      1.6      1.4 2023  6  6  1 56  8.31999969  0.0   1
     2927  -1.6519657  101.1303874    0.77720    -1113.4    -1250.3    -1845.7      4.8      3.4      4.9 2023  6  6  1 56 16.76000023  0.0   1
     2928  -1.6424745  101.1410075    2.79854       67.7     -200.8      175.6      3.5      1.0      1.0 2023  6  6  1 56 29.04999924  0.0   1
     2929  -1.6482135  101.1285726    1.78805    -1315.8     -835.4     -834.9      3.1      2.0      2.7 2023  6  6  1 56 36.79000092  0.0   1
     2930  -1.6413303  101.1451904    2.85894      533.8      -74.3      236.0      2.4      1.2      0.9 2023  6  6  1 57 14.22000027  0.0   1
     2931  -1.6423167  101.1434896    2.78383      344.4     -183.4      160.9      2.7      1.3      0.9 2023  6  6  1 57 25.55999947  0.0   1
     2932  -1.6408157  101.1391276    2.91561     -141.5      -17.4      292.7      3.4      1.4      1.3 2023  6  6  1 57 28.88999939  0.0   1
     2933  -1.6420160  101.1436686    2.67121      363.9     -150.1       48.3      2.1      1.0      1.2 2023  6  6  1 57 37.61999893  0.0   1
     2934  -1.6420417  101.1440511    3.01534      406.2     -153.0      392.4      2.4      1.6      1.4 2023  6  6  1 57 45.38000107  0.0   1
     2935  -1.6391122  101.1479411    2.85819      839.3      170.9      236.3      1.7      1.5      1.1 2023  6  6  1 58  3.48000002  0.0   1
     2936  -1.6402822  101.1430745    2.86472      297.9       41.6      241.8      3.7      1.8      1.2 2023  6  6  1 58 51.29000092  0.0   1
     2937  -1.6440501  101.1445394    2.70988      460.7     -375.1       86.9      2.0      1.2      0.9 2023  6  6  1 59  4.92000008  0.0   1
     2938  -1.6426823  101.1253662    1.69976    -1672.6     -223.8     -923.2     14.8     15.5     17.1 2023  6  6  2  0 18.29000092  0.0   1
     2939  -1.6424965  101.1436686    2.83812      363.8     -203.3      215.2      2.6      1.9      1.1 2023  6  6  2  0 50.33000183  0.0   1
     2940  -1.6426940  101.1431722    2.79698      308.9     -225.1      174.0      2.1      0.9      0.9 2023  6  6  2  1 17.14999962  0.0   1
     2941  -1.6434790  101.1435547    2.59876      351.6     -311.9      -24.2      3.4      2.7      2.3 2023  6  6  2  1 29.55999947  0.0   1
     2942  -1.6416495  101.1432943    2.73320      322.0     -109.6      110.3      2.1      1.1      0.9 2023  6  6  2  1 36.97999954  0.0   1
     2943  -1.6394520  101.1453451    2.60563      550.8      133.4      -16.3      2.8      1.8      1.4 2023  6  6  2  1 54.45999908  0.0   1
     2944  -1.6401421  101.1432861    2.90471      321.4       57.1      281.8      2.1      1.0      0.9 2023  6  6  2  2 19.39999962  0.0   1
     2945  -1.6463217  101.1409017    2.75978       56.3     -626.2      136.8      5.1      1.9      1.6 2023  6  6  2  3 32.54000092  0.0   1
     2946  -1.6445763  101.1444987    2.62190      456.4     -433.2       -1.0      2.1      1.4      1.1 2023  6  6  2  5 16.29999924  0.0   1
     2947  -1.6338140  101.1533773    2.72347     1444.7      756.8      100.5      5.9      6.3      4.4 2023  6  6  2 11 56.61000061  0.0   1
     2948  -1.6412207  101.1437581    2.77448      373.8      -62.2      151.5      2.7      1.4      1.1 2023  6  6  2 57 14.14999962  0.0   1
     2949  -1.6410185  101.1437337    2.75354      371.1      -39.8      130.6      2.4      1.4      0.9 2023  6  6  2 57 29.37000084  0.0   1
     2950  -1.6401493  101.1487630    2.63192      931.0       56.3        9.0      1.9      1.8      1.2 2023  6  6  2 57 54.09999847  0.0   1
     2951  -1.6398678  101.1376953    2.71244     -300.8       87.4       89.5      2.5      2.1      1.5 2023  6  6  2 58  2.06999993  0.0   1
     2952  -1.6417594  101.1501546    1.94508     1085.4     -121.8     -677.9      6.2      4.2      4.8 2023  6  6  2 58 17.95000076  0.0   1
     2953  -1.6458926  101.1350749    2.31312     -592.5     -578.8     -309.8      3.8      2.2      2.4 2023  6  6  2 58 41.36999893  0.0   1
     2954  -1.6419416  101.1470622    2.47944      741.6     -141.9     -143.5      1.9      1.9      1.6 2023  6  6  2 59 47.00999832  0.0   1
     2955  -1.6385258  101.1521810    3.04218     1311.0      235.8      419.2      4.9      4.7      3.6 2023  6  6 22 40 15.80000019  0.0   1
     2962  -1.6410544  101.1390381    2.66631     -150.8      -43.8       43.4      3.4      1.2      1.0 2023  7  4 19 19 48.45999908  0.0   1
     2967  -1.6457792  101.1261230    2.28568    -1588.4     -566.3     -337.3      4.1      3.0      3.6 2023  7 14 23 38 10.26000023  0.0   1
     2968  -1.6410362  101.1428955    2.89357      278.0      -41.8      270.6      2.3      1.2      1.0 2023  7 15  2  2 49.29000092  0.0   1
     2969  -1.6412378  101.1404134    2.82982        1.5      -64.1      206.9      3.4      1.8      1.5 2023  7 15  2  5 39.86000061  0.0   1
     2972  -1.6406807  101.1420573    2.89897      184.6       -2.5      276.0      4.8      2.2      1.1 2023  7 15  9 27  6.65999985  0.0   1
     2973  -1.6411976  101.1434652    2.75454      341.7      -59.6      131.6      1.8      1.0      0.8 2023  7 15  9 29 55.13999939  0.0   1
     2974  -1.6414672  101.1430257    2.70201      292.5      -89.4       79.1      2.1      1.1      0.9 2023  7 15  9 30  2.75999999  0.0   1
     2975  -1.6417188  101.1421387    2.73178      193.7     -117.3      108.8      2.3      1.0      0.9 2023  7 15  9 30 27.43000031  0.0   1
     2976  -1.6413116  101.1437419    2.72484      371.7      -72.2      101.9      2.3      1.2      1.0 2023  7 15  9 31 39.70999908  0.0   1
     2977  -1.6337688  101.1223063    2.18534    -2012.7      761.8     -437.6      3.3      2.6      2.7 2023  7 17 15  4 33.40000153  0.0   1
     2978  -1.6406815  101.1431803    2.80872      309.6       -2.6      185.8      2.4      1.3      1.1 2023  7 19  2  5 31.29000092  0.0   1
     2979  -1.6396280  101.1422445    3.11812      205.3      113.9      495.2      2.4      1.1      1.0 2023  7 19  2 18 47.72999954  0.0   1
     2980  -1.6423370  101.1457438    2.81461      594.6     -185.6      191.7      2.8      1.4      1.3 2023  7 19  2 21  5.59999990  0.0   1
     2981  -1.6354249  101.1505941    2.97618     1135.1      578.7      353.2      3.9      3.3      2.9 2023  7 19  2 21  8.77999973  0.0   1
     2982  -1.6398839  101.1420247    2.94239      181.2       85.6      319.5      1.7      1.8      1.5 2023  7 19  2 59 40.54000092  0.0   1
     2983  -1.6417632  101.1436686    2.80918      363.9     -122.2      186.2      2.1      1.4      1.1 2023  7 19  3  0  3.86999989  0.0   1
     2984  -1.6409059  101.1472087    2.59150      757.7      -27.4      -31.4      3.0      1.9      1.4 2023  7 19  3  0 15.28999996  0.0   1
     2985  -1.6416194  101.1436117    2.69632      357.9     -106.3       73.4      2.5      1.6      1.2 2023  7 19  3  0 25.79000092  0.0   1
     2986  -1.6435654  101.1389404    2.79638     -162.4     -321.5      173.4      4.5      1.6      1.1 2023  7 19  3  1  0.31999999  0.0   1
     2987  -1.6453200  101.1438965    2.54906      388.9     -515.5      -73.9      1.7      1.3      1.1 2023  7 19  3  1 12.77000046  0.0   1
     2988  -1.6420119  101.1425781    2.63347      243.1     -149.7       10.5      1.9      1.2      1.0 2023  7 19  3  1 20.85000038  0.0   1
     2989  -1.6415356  101.1378988    2.92442     -277.9      -97.0      301.5      2.9      1.5      1.0 2023  7 19  3  1 31.04999924  0.0   1
     2990  -1.6399604  101.1464111    2.93537      669.4       77.2      312.4      1.9      1.3      0.9 2023  7 19  3  1 58.95000076  0.0   1
     2991  -1.6419193  101.1415202    2.97562      125.0     -139.5      352.7      3.4      1.6      1.1 2023  7 19  3  2 24.22999954  0.0   1
     2992  -1.6412692  101.1427490    2.69923      261.7      -67.6       76.3      2.4      1.2      0.7 2023  7 19  3  2 31.32999992  0.0   1
     2994  -1.6461843  101.1416585    2.40501      140.6     -611.0     -217.9      2.5      1.1      1.2 2023  7 19  3  3  5.17000008  0.0   1
     2995  -1.6423781  101.1412923    2.78103       99.2     -190.2      158.1      3.4      1.2      0.7 2023  7 19  3  3 49.45000076  0.0   1
     2996  -1.6412457  101.1442057    2.87161      423.6      -65.0      248.7      1.9      1.2      1.1 2023  7 19  3  4 25.73999977  0.0   1
     2997  -1.6429226  101.1407552    2.43038       39.7     -250.4     -192.6      4.3      1.4      0.8 2023  7 19  3  4 42.90000153  0.0   1
     2998  -1.6401283  101.1400879    3.02084      -34.3       58.6      397.9      9.3      2.7      1.5 2023  7 19  3  4 47.33000183  0.0   1
     2999  -1.6418655  101.1414388    2.95965      115.7     -133.5      336.7      3.0      1.7      1.2 2023  7 19  3  5 55.38999939  0.0   1
     3000  -1.6396119  101.1451986    2.80851      534.2      115.7      185.6      2.1      0.9      1.2 2023  7 19  3  6 34.20999908  0.0   1
     3001  -1.6421641  101.1438070    2.68723      379.1     -166.5       64.3      2.8      1.3      1.2 2023  7 19  3  7 18.03000069  0.0   1
     3002  -1.6436476  101.1425944    2.71677      244.2     -330.6       93.8      1.6      1.2      1.0 2023  7 19  3  7 20.17000008  0.0   1
     3003  -1.6413895  101.1521159    2.47982     1303.8      -80.9     -143.1      3.3      2.3      2.1 2023  7 19  3  8 37.70999908  0.0   1
     3004  -1.6430575  101.1435140    2.78418      347.0     -265.3      161.2      3.1      1.5      1.5 2023  7 19  3 10 29.87999916  0.0   1
     3005  -1.6403968  101.1438883    2.84750      388.2       28.9      224.6      2.2      1.3      1.1 2023  7 19  3 11  7.88000011  0.0   1
     3006  -1.6360511  101.1478109    3.30915      825.0      509.4      686.2      4.6      4.6      3.2 2023  7 19  3 12 10.78999996  0.0   1
     3007  -1.6417054  101.1478190    2.66930      826.2     -115.8       46.4      1.8      1.4      1.3 2023  7 19  3 14 29.62999916  0.0   1
     3008  -1.6418153  101.1458252    2.42063      604.4     -127.9     -202.3      1.4      1.1      1.4 2023  7 19  3 14 38.36000061  0.0   1
     3009  -1.6394939  101.1418945    2.83350      166.8      128.7      210.6      1.8      0.8      1.2 2023  7 19  3 17 13.86999989  0.0   1
     3010  -1.6409746  101.1451986    2.81838      534.4      -35.0      195.4      2.1      1.4      1.1 2023  7 19  3 22  8.31999969  0.0   1
     3011  -1.6390614  101.1427409    2.86149      260.5      176.6      238.5      1.6      0.9      0.7 2023  7 19  3 23  0.50000000  0.0   1
     3012  -1.6412065  101.1433919    2.74173      332.8      -60.6      118.8      1.8      0.8      0.9 2023  7 19  3 23 19.36000061  0.0   1
     3013  -1.6416837  101.1426514    2.86547      250.8     -113.4      242.5      2.9      1.4      1.3 2023  7 19  3 23 22.77000046  0.0   1
     3014  -1.6373967  101.1394694    3.03367     -103.3      360.6      410.7      3.5      2.0      1.6 2023  7 19  3 23 38.40000153  0.0   1
     3015  -1.6412838  101.1447021    2.69369      479.0      -69.2       70.7      1.9      1.2      1.2 2023  7 19  3 24  8.73999977  0.0   1
     3016  -1.6400284  101.1418783    2.94572      164.6       69.6      322.8      2.6      1.3      1.0 2023  7 19  3 24 11.84000015  0.0   1
     3017  -1.6441219  101.1417480    2.73444      150.0     -383.0      111.5      5.2      2.1      2.4 2023  7 19  3 24 18.10000038  0.0   1
     3018  -1.6415625  101.1428711    2.64267      275.1     -100.0       19.7      2.3      1.2      1.1 2023  7 19  3 26 25.94000053  0.0   1
     3019  -1.6439424  101.1363932    2.84578     -445.6     -363.1      222.8      3.7      1.9      1.7 2023  7 19  3 26 54.45000076  0.0   1
     3020  -1.6382605  101.1491781    2.86782      976.9      265.1      244.9      2.6      1.9      1.9 2023  7 19  3 28  6.32000017  0.0   1
     3021  -1.6354986  101.1367676    3.17861     -404.3      570.5      555.7      5.8      2.7      2.3 2023  7 19  3 28 11.30000019  0.0   1
     3022  -1.6407837  101.1484294    2.63680      893.5      -13.9       13.9      2.2      1.3      1.7 2023  7 19  3 29  4.26999998  0.0   1
     3023  -1.6447230  101.1402913    2.54257      -12.1     -449.5      -80.4      3.7      1.0      1.0 2023  7 19  3 30 50.99000168  0.0   1
     3024  -1.6475953  101.1424886    2.50355      232.4     -767.1     -119.4      3.5      1.3      1.6 2023  7 19  3 37 19.65999985  0.0   1
     3025  -1.6390177  101.1315267    2.73622     -986.7      181.4      113.3      4.0      2.2      1.9 2023  7 19  3 39 24.28000069  0.0   1
     3026  -1.6442197  101.1470378    2.70063      739.2     -393.8       77.7      2.5      2.4      2.3 2023  7 19  3 48 22.11000061  0.0   1
     3027  -1.6412951  101.1424479    2.80917      228.2      -70.4      186.2      2.4      1.6      1.3 2023  7 19 19  1 51.08000183  0.0   1
     3028  -1.6418130  101.1414958    2.76453      121.9     -127.7      141.6      2.5      1.6      1.5 2023  7 20  1 15 46.22999954  0.0   1
     3029  -1.6406975  101.1412923    2.79836       99.4       -4.3      175.4      3.9      1.8      1.1 2023  7 20  1 16 25.07999992  0.0   1
     3030  -1.6396713  101.1435628    2.98734      352.4      109.1      364.4      3.2      2.0      1.4 2023  7 20  1 18 27.22999954  0.0   1
     3031  -1.6418466  101.1418457    2.73115      160.9     -131.4      108.2      2.1      1.2      1.0 2023  7 20 16 59 18.79999924  0.0   1
     3032  -1.6397606  101.1435059    2.85699      346.1       99.3      234.0      3.1      1.9      1.5 2023  7 21  6 50 53.00999832  0.0   1
     3033  -1.6454511  101.1423584    2.62747      218.5     -530.0        4.5      2.7      1.3      1.2 2023  7 21 12 31 45.83000183  0.0   1
     3034  -1.6448485  101.1430664    2.58995      297.1     -463.3      -33.0      2.7      1.6      1.9 2023  7 23  3 56 19.47999954  0.0   1
     3037  -1.6418704  101.1452474    2.69411      539.8     -134.0       71.2      1.6      1.6      1.5 2023  7 31 23 41 35.38000107  0.0   1
     3042  -1.6420621  101.1394206    2.92918     -108.7     -155.2      306.2      2.1      1.5      1.0 2023  8 25 22  0  2.96000004  0.0   1
     3043  -1.6408965  101.1445231    2.82592      459.0      -26.4      203.0      1.8      1.3      0.9 2023  8 25 22  1 20.63999939  0.0   1
     3044  -1.6491019  101.1358398    2.55681     -507.1     -933.7      -66.1      4.9      2.7      2.4 2023  8 25 22  1 29.57999992  0.0   1
     3045  -1.6416318  101.1434977    2.68288      344.6     -107.7       59.9      1.6      1.0      0.9 2023  8 25 22  1 39.70000076  0.0   1
     3046  -1.6397409  101.1341390    2.81208     -696.6      101.4      189.1      3.6      2.3      1.6 2023  8 25 22  2 23.94000053  0.0   1
     3047  -1.6412727  101.1433024    2.74942      323.1      -67.9      126.5      1.6      0.9      0.8 2023  8 25 22  2 28.13999939  0.0   1
     3048  -1.6405074  101.1524495    2.40661     1341.4       16.7     -216.3      2.2      3.0      1.8 2023  8 25 22  2 42.25999832  0.0   1
     3049  -1.6410281  101.1436605    2.66779      363.5      -40.9       44.9      2.4      1.8      1.3 2023  8 25 22  2 51.50000000  0.0   1
     3050  -1.6417375  101.1439779    2.81323      398.7     -119.3      190.3      1.6      1.2      0.8 2023  8 25 22  2 58.43999863  0.0   1
     3051  -1.6396690  101.1509928    2.03075     1179.3      109.4     -592.2      2.9      2.3      2.3 2023  8 25 22  3 19.87999916  0.0   1
     3052  -1.6434188  101.1372152    2.81836     -354.3     -305.3      195.4      3.9      1.6      1.2 2023  8 25 22  3 24.92000008  0.0   1
     3054  -1.6436590  101.1399495    2.80962      -50.1     -331.8      186.7      1.7      1.2      1.3 2023  8 25 22  3 32.50000000  0.0   1
     3055  -1.6416223  101.1409668    2.85843       63.5     -106.6      235.5      5.2      1.5      1.2 2023  8 25 22  3 45.52000046  0.0   1
     3056  -1.6473783  101.1242839    2.06419    -1792.7     -743.1     -558.8      3.5      3.1      3.6 2023  8 25 22  4 22.10000038  0.0   1
     3057  -1.6417657  101.1448568    2.76832      496.6     -122.5      145.4      2.8      1.3      0.9 2023  8 25 22  4 39.36000061  0.0   1
     3058  -1.6425354  101.1440430    2.81459      405.2     -207.6      191.6      2.7      1.8      1.5 2023  8 25 22  4 42.74000168  0.0   1
     3059  -1.6386242  101.1484375    2.57180      894.8      224.9      -51.1      1.4      1.6      1.1 2023  8 25 22  5 22.65999985  0.0   1
     3060  -1.6397634  101.1564372    2.26981     1785.1       98.9     -353.1      1.9      3.0      1.7 2023  8 25 22  5 45.79999924  0.0   1
     3061  -1.6444157  101.1364014    2.65502     -444.3     -415.5       32.1      2.4      1.3      1.3 2023  8 25 22  7 34.09999847  0.0   1
     3062  -1.6429025  101.1417562    2.64196      151.1     -248.2       19.0      2.2      1.6      1.6 2023  8 25 22  9 17.42000008  0.0   1
     3063  -1.6429832  101.1448730    2.54063      498.2     -257.1      -82.3      2.9      1.5      1.4 2023  8 25 22  9 21.89999962  0.0   1
     3064  -1.6401094  101.1438883    3.00810      388.4       60.7      385.2      2.8      1.3      1.2 2023  8 25 22  9 33.65999985  0.0   1
     3065  -1.6326087  101.1671143    1.81922     2973.1      890.1     -803.7      4.4      5.0      7.2 2023  8 25 22  9 50.97999954  0.0   1
     3066  -1.6398060  101.1461670    2.70379      641.9       94.2       80.8      2.2      2.3      1.0 2023  8 25 22 11 54.90000153  0.0   1
     3067  -1.6410544  101.1516927    2.60194     1257.4      -43.8      -21.0      3.4      2.1      1.9 2023  8 25 22 12 15.19999981  0.0   1
     3068  -1.6366372  101.1541667    2.40386     1531.9      444.6     -219.1      2.1      2.5      1.6 2023  8 25 22 14 11.64000034  0.0   1
     3069  -1.6389877  101.1474284    2.49272      782.7      184.7     -130.2      2.2      1.8      1.2 2023  8 28 21 39 39.09999847  0.0   1
     3070  -1.6444393  101.1332031    2.54106     -800.8     -418.1      -81.9      3.9      1.8      1.7 2023  8 28 22  8 57.27999878  0.0   1
     3071  -1.6417798  101.1398193    2.76769      -64.7     -124.0      144.8      3.1      1.1      1.1 2023  8 29 14 22 51.02999878  0.0   1
     3072  -1.6414122  101.1392822    2.93601     -124.1      -83.4      313.1      5.3      1.7      1.2 2023  8 29 18 13 50.74000168  0.0   1
     3074  -1.6425721  101.1365153    2.63964     -431.6     -211.6       16.7      3.0      2.0      0.9 2023  8 30  1 31 17.67000008  0.0   1
     3075  -1.6408623  101.1268962    2.09162    -1502.7      -22.6     -531.3      8.4     14.0      7.8 2023  8 30  5 46 14.44999981  0.0   1
     3076  -1.6395746  101.1477051    2.59800      813.2      119.8      -24.9      2.6      1.2      1.0 2023  8 30  5 46 27.07999992  0.0   1
     3077  -1.6423033  101.1467448    2.41281      706.4     -181.9     -210.1      1.5      1.7      1.1 2023  8 30  5 47  3.69000006  0.0   1
     3078  -1.6418222  101.1444661    2.89620      452.7     -128.7      273.3      2.7      1.4      1.4 2023  8 30  5 47  5.53999996  0.0   1
     3079  -1.6428097  101.1265218    2.15502    -1544.3     -237.9     -467.9      5.3      4.9      4.7 2023  8 30  5 47 14.06000042  0.0   1
     3080  -1.6378848  101.1538493    2.68359     1497.2      306.7       60.6      3.9      3.7      3.3 2023  8 30  5 47 22.72999954  0.0   1
     3081  -1.6393848  101.1483236    2.59328      881.7      140.8      -29.7      1.8      1.1      0.9 2023  8 30  5 47 28.44000053  0.0   1
     3083  -1.6412646  101.1275391    1.43601    -1430.3      -67.1    -1186.9      7.7     12.0      8.2 2023  8 30  5 47 51.20000076  0.0   1
     3084  -1.6437124  101.1436035    2.70229      356.6     -337.7       79.3      4.0      2.0      1.9 2023  8 30  5 50 22.00000000  0.0   1
     3085  -1.6415549  101.1403727    2.68763       -2.6      -99.1       64.7      2.4      1.3      1.3 2023  8 30  5 50 28.25000000  0.0   1
     3086  -1.6427344  101.1491292    2.96388      971.5     -229.6      340.9      2.4      1.7      1.5 2023  8 30 14 17 58.83000183  0.0   1
     3087  -1.6461564  101.1400228    2.29805      -41.6     -608.0     -324.9      2.9      1.6      1.5 2023  8 30 14 22 58.09000015  0.0   1
     3088  -1.6418930  101.1419596    2.71283      173.8     -136.5       89.9      3.3      1.4      1.3 2023  8 30 14 35 52.65000153  0.0   1
     3094  -1.6433400  101.1380615    2.61165     -259.6     -296.5      -11.3      5.6      2.1      1.0 2023  9 13 15 18 58.20999908  0.0   1
     3095  -1.6391894  101.1491130    2.47446      969.8      162.4     -148.5      1.8      1.5      1.6 2023  9 14 16  1  7.05999994  0.0   1
     3096  -1.6379492  101.1481527    2.63483      863.4      299.5       11.9      2.6      1.8      1.1 2023  9 14 16  1 16.52000046  0.0   1
     3097  -1.6417926  101.1360921    2.78327     -479.0     -125.4      160.3      3.2      2.0      1.5 2023  9 14 16  1 24.82999992  0.0   1
     3098  -1.6409373  101.1374349    2.51844     -329.5      -30.9     -104.5      2.6      2.5      1.4 2023  9 14 16  3 59.18000031  0.0   1
     3099  -1.6384422  101.1484945    2.63197      901.2      245.0        9.0      1.6      1.8      1.4 2023  9 14 16  4  8.14000034  0.0   1
     3100  -1.6355826  101.1495280    2.99753     1016.3      561.2      374.6      4.6      7.4      2.7 2023  9 14 16  7 36.65999985  0.0   1
     3101  -1.6395329  101.1429687    2.60990      286.6      124.4      -13.0      1.9      1.2      1.1 2023  9 14 16  7 43.02999878  0.0   1
     3102  -1.6447690  101.1269450    1.97487    -1496.5     -454.5     -648.1      4.1      4.4      3.9 2023  9 14 16 10 57.36000061  0.0   1
     3103  -1.6362714  101.1313639    2.93120    -1005.5      485.1      308.3      2.8      3.5      1.9 2023  9 14 16 11 12.31000042  0.0   1
     3104  -1.6400514  101.1458252    2.63168      604.2       67.1        8.7      2.1      1.6      1.0 2023  9 14 16 11 17.97999954  0.0   1
     3105  -1.6420424  101.1432699    2.84241      320.0     -153.1      219.5      1.9      1.0      0.9 2023  9 14 16 23 25.43000031  0.0   1
     3106  -1.6416902  101.1421224    2.72918      191.7     -114.1      106.2      2.6      1.7      1.4 2023  9 14 16 23 33.90000153  0.0   1
     3107  -1.6415129  101.1408610    2.90206       51.7      -94.5      279.1      1.7      1.7      1.1 2023  9 14 16 23 52.75999832  0.0   1
     3108  -1.6405131  101.1403809    2.74453       -2.1       16.0      121.6      4.0      1.7      1.3 2023  9 14 16 23 59.08000183  0.0   1
     3109  -1.6418823  101.1402995    2.56940      -10.4     -135.4      -53.5      3.5      1.9      1.8 2023  9 14 16 24  4.69000006  0.0   1
     3110  -1.6420820  101.1418864    2.68766      165.4     -157.4       64.7      2.1      1.4      1.1 2023  9 14 16 24 13.52000046  0.0   1
     3111  -1.6419629  101.1433187    2.68767      325.3     -144.3       64.7      1.3      0.9      0.8 2023  9 14 16 24 25.40999985  0.0   1
     3112  -1.6403308  101.1465169    2.81205      681.4       36.2      189.1      1.2      1.9      1.3 2023  9 14 16 24 54.75000000  0.0   1
     3113  -1.6428041  101.1399007    2.82463      -55.6     -237.3      201.7      2.5      1.6      1.2 2023  9 14 16 24 59.38000107  0.0   1
     3114  -1.6411968  101.1448975    2.70411      500.9      -59.6       81.2      2.6      2.0      1.5 2023  9 14 16 25  6.48000002  0.0   1
     3115  -1.6405650  101.1461507    2.69754      640.1       10.3       74.6      2.2      1.6      1.4 2023  9 14 16 25 25.75000000  0.0   1
     3116  -1.6405071  101.1512044    2.44545     1202.7       16.7     -177.5      1.9      1.7      1.1 2023  9 14 16 25 28.45000076  0.0   1
     3117  -1.6489614  101.1266113    1.23748    -1533.9     -918.1    -1385.5      3.4      3.0      3.7 2023  9 14 16 25 34.34999847  0.0   1
     3118  -1.6453153  101.1377116    1.92236     -298.8     -515.0     -699.6      6.1      2.4      2.7 2023  9 14 16 25 42.66999817  0.0   1
     3119  -1.6402388  101.1382243    2.71309     -242.0       46.4       90.1      4.3      1.7      0.8 2023  9 14 16 25 48.11999893  0.0   1
     3120  -1.6420209  101.1381266    2.52004     -253.0     -150.7     -102.9      3.2      1.4      1.3 2023  9 14 16 25 56.81999969  0.0   1
     3121  -1.6406558  101.1436686    2.81566      363.6        0.3      192.7      1.5      1.7      1.3 2023  9 14 16 26  2.75999999  0.0   1
     3122  -1.6413419  101.1429036    2.81198      278.6      -75.6      189.0      1.9      1.0      0.9 2023  9 14 16 26 23.64999962  0.0   1
     3123  -1.6404911  101.1425374    2.94609      237.8       18.5      323.1      4.2      1.7      1.3 2023  9 14 16 26 34.95999908  0.0   1
     3124  -1.6410028  101.1458496    2.81338      607.0      -38.1      190.4      1.7      1.3      1.1 2023  9 14 16 26 48.50000000  0.0   1
     3125  -1.6442699  101.1394938    2.53223     -100.5     -399.4      -90.7      3.6      3.1      2.5 2023  9 14 16 27  6.15000010  0.0   1
     3126  -1.6420375  101.1472249    2.58215      759.8     -152.5      -40.8      1.6      1.2      1.1 2023  9 14 16 27 14.25000000  0.0   1
     3127  -1.6406652  101.1439779    2.67764      398.2       -0.8       54.7      1.9      1.8      1.3 2023  9 14 16 27 17.69000053  0.0   1
     3128  -1.6388833  101.1456868    2.65797      588.7      196.2       35.0      1.9      1.8      1.2 2023  9 14 16 27 22.95999908  0.0   1
     3129  -1.6368412  101.1489176    2.63316      948.2      422.1       10.2      2.9      2.3      2.0 2023  9 14 16 27 30.12000084  0.0   1
     3130  -1.6398412  101.1380941    3.03461     -256.2       90.3      411.7      4.7      2.3      1.1 2023  9 14 16 27 36.08000183  0.0   1
     3131  -1.6394786  101.1475423    2.70286      795.3      130.4       79.9      1.4      1.4      1.1 2023  9 14 16 28  5.15999985  0.0   1
     3132  -1.6422382  101.1448486    2.63082      495.5     -174.7        7.9      1.3      1.2      1.0 2023  9 14 16 28 10.97999954  0.0   1
     3133  -1.6413216  101.1386230    2.73506     -197.5      -73.4      112.1      4.8      1.6      0.9 2023  9 14 16 28 18.73999977  0.0   1
     3134  -1.6380091  101.1505941    2.12105     1134.7      292.9     -501.9      3.0      2.4      2.4 2023  9 14 16 28 27.96999931  0.0   1
     3135  -1.6428741  101.1462321    2.59181      648.9     -245.0      -31.1      2.6      2.0      1.6 2023  9 14 16 28 40.47999954  0.0   1
     3136  -1.6445615  101.1352702    2.42455     -570.4     -431.6     -198.4      3.3      1.8      1.8 2023  9 14 16 28 47.25999832  0.0   1
     3137  -1.6421669  101.1414469    2.77589      116.4     -166.8      152.9      3.0      2.1      1.9 2023  9 14 16 28 51.58000183  0.0   1
     3138  -1.6445212  101.1312826    2.31484    -1014.3     -427.1     -308.1      3.0      2.0      2.2 2023  9 14 16 29 41.08000183  0.0   1
     3139  -1.6405196  101.1314779    2.28152     -992.1       15.3     -341.4      4.6      3.1      3.2 2023  9 14 16 29 46.22999954  0.0   1
     3140  -1.6408563  101.1425863    2.82758      243.9      -21.9      204.6      2.1      1.2      1.0 2023  9 14 16 29 52.25999832  0.0   1
     3141  -1.6420783  101.1439372    2.77338      394.2     -157.0      150.4      1.3      1.1      0.7 2023  9 14 16 32  8.39999962  0.0   1
     3142  -1.6428696  101.1441243    2.61177      414.8     -244.5      -11.2      2.6      1.2      1.3 2023  9 14 16 32 17.73999977  0.0   1
     3143  -1.6383151  101.1552327    2.49721     1651.1      259.1     -125.7      2.5      2.6      2.1 2023  9 14 16 32 30.69000053  0.0   1
     3144  -1.6416725  101.1429036    2.79134      278.9     -112.2      168.4      2.0      0.9      1.0 2023  9 14 16 32 37.11000061  0.0   1
     3145  -1.6428108  101.1387207    2.91311     -186.6     -238.0      290.2      3.9      1.4      0.9 2023  9 14 16 32 59.11000061  0.0   1
     3146  -1.6389304  101.1486410    2.91976      916.9      191.1      296.8      2.0      2.3      0.9 2023  9 14 16 34 11.01000023  0.0   1
     3147  -1.6357697  101.1618408    2.11200     2386.2      540.5     -510.9      4.2      5.9      4.4 2023  9 14 16 34 40.43000031  0.0   1
     3148  -1.6412328  101.1493327    2.68070      994.6      -63.5       57.8      1.5      1.4      1.2 2023  9 14 16 34 47.56999969  0.0   1
     3149  -1.6398852  101.1519206    2.64369     1282.0       85.5       20.8      2.3      2.5      1.3 2023  9 14 16 34 58.79000092  0.0   1
     3150  -1.6462762  101.1274821    2.04591    -1437.5     -621.2     -577.0      4.5      4.5      4.1 2023  9 14 16 36 23.40999985  0.0   1
     3151  -1.6437794  101.1303630    2.40401    -1116.8     -345.1     -218.9      4.9      3.3      3.3 2023  9 14 16 38 46.27000046  0.0   1
     3152  -1.6378386  101.1504639    2.91072     1120.2      311.8      287.8      2.9      2.8      1.7 2023  9 14 16 39 22.14999962  0.0   1
     3153  -1.6403545  101.1450846    2.73260      521.3       33.6      109.7      2.0      1.3      1.0 2023  9 14 16 40 10.57999992  0.0   1
     3154  -1.6398048  101.1340088    2.73971     -710.7       94.4      116.8      3.2      2.6      1.3 2023  9 14 16 40 29.72999954  0.0   1
     3155  -1.6423894  101.1434652    2.77006      341.8     -191.4      147.1      2.2      1.5      1.2 2023  9 14 16 42 57.52000046  0.0   1
     3156  -1.6421336  101.1439372    2.67002      394.3     -163.1       47.1      1.8      1.5      1.0 2023  9 14 16 43 40.40999985  0.0   1
     3157  -1.6416495  101.1406657    2.81889       30.2     -109.6      195.9      2.9      1.2      0.9 2023  9 14 16 48 22.35000038  0.0   1
     3158  -1.6404691  101.1357259    2.85474     -519.9       20.9      231.8      2.6      1.7      1.3 2023  9 14 16 48 45.50999832  0.0   1
     3160  -1.6414487  101.1481445    2.73501      861.9      -87.4      112.1      1.4      1.2      0.8 2023  9 14 16 56  2.07999992  0.0   1
     3161  -1.6421326  101.1433268    2.80346      326.2     -163.0      180.5      2.2      1.5      1.1 2023  9 14 17  0 13.88000011  0.0   1
     3162  -1.6397751  101.1526286    2.18127     1361.4       97.7     -441.7      7.5      6.2      6.8 2023  9 14 17 16  3.20000005  0.0   1
     3163  -1.6414110  101.1432210    2.78848      314.5      -83.2      165.5      2.1      0.8      0.8 2023  9 14 17 16 12.60000038  0.0   1
     3164  -1.6429862  101.1360433    2.73382     -484.8     -257.4      110.9      3.6      1.6      1.0 2023  9 14 17 16 20.60000038  0.0   1
     3165  -1.6412949  101.1400716    2.88052      -36.4      -70.4      257.6      2.6      2.0      1.3 2023  9 14 17 22 43.41999817  0.0   1
     3166  -1.6409055  101.1406331    2.89214       26.1      -27.3      269.2      2.3      1.9      1.6 2023  9 14 17 23  1.67999995  0.0   1
     3167  -1.6429751  101.1428874    2.74076      277.5     -256.2      117.8      2.2      1.4      1.2 2023  9 14 17 23  3.44000006  0.0   1
     3168  -1.6403823  101.1393799    2.89550     -113.3       30.5      272.6      3.1      1.4      1.1 2023  9 14 17 23 38.47999954  0.0   1
     3169  -1.6420002  101.1368408    2.71862     -395.9     -148.4       95.7      4.1      2.5      1.8 2023  9 14 17 24 47.47999954  0.0   1
     3170  -1.6427170  101.1357992    2.45149     -511.4     -227.7     -171.5      2.7      1.6      1.2 2023  9 14 18  6 58.63999939  0.0   1
     3172  -1.6408335  101.1426188    2.72925      246.9      -19.4      106.3      3.9      1.7      1.6 2023  9 15 17 48 41.77999878  0.0   1
     3173  -1.6372388  101.1459717    2.97195      619.9      378.1      349.0      2.0      1.8      1.1 2023  9 15 17 50 48.40000153  0.0   1
     3174  -1.6384163  101.1506022    2.69937     1135.4      247.9       76.4      2.1      2.3      1.5 2023  9 15 17 51  9.39999962  0.0   1
     3175  -1.6409715  101.1438883    2.73310      388.6      -34.6      110.2      2.3      1.8      1.4 2023  9 18  5 36 41.97999954  0.0   1
     3176  -1.6400524  101.1424967    2.75941      233.4       67.0      136.5      3.5      1.6      1.5 2023  9 18 16 33 14.22000027  0.0   1
     3177  -1.6382670  101.1491699    2.88803      975.9      264.4      265.1      2.3      2.2      1.6 2023  9 19 22 37 53.88000107  0.0   1
     3178  -1.6396516  101.1422689    2.86501      208.4      111.3      242.1      2.4      1.4      1.2 2023  9 20 20 41 28.63999939  0.0   1
     3179  -1.6392176  101.1425293    2.84742      237.1      159.3      224.5      3.8      1.7      1.5 2023  9 21  3 26 18.59000015  0.0   1
     3180  -1.6383207  101.1429687    2.84790      286.6      258.5      225.0      3.1      1.6      1.2 2023  9 21  3 26 48.38999939  0.0   1
     3181  -1.6384070  101.1437826    2.90251      377.2      248.9      279.6      2.5      1.7      1.5 2023  9 21  3 26 59.63000107  0.0   1
     3182  -1.6444364  101.1342448    2.18069     -684.8     -417.8     -442.3      4.5      3.0      3.4 2023  9 21  3 27 59.75000000  0.0   1
     3183  -1.6414672  101.1441813    2.52701      421.2      -89.5      -95.9      2.1      1.5      1.5 2023  9 21  3 28  2.72000003  0.0   1
     3184  -1.6407698  101.1453613    2.73613      552.1      -12.4      113.2      1.3      1.1      0.9 2023  9 21  3 28 44.74000168  0.0   1
     3186  -1.6409403  101.1425537    3.01873      240.4      -31.2      395.8      3.2      1.4      1.3 2023  9 21  3 43  8.53999996  0.0   1
     3187  -1.6402971  101.1431315    2.81822      303.9       39.9      195.3      2.4      1.9      1.1 2023  9 21  3 43 36.95999908  0.0   1
     3188  -1.6417310  101.1404134    3.08066        2.1     -118.6      457.7      6.5      2.7      1.7 2023  9 21  3 44 35.31000137  0.0   1
     3189  -1.6391521  101.1388590    2.87780     -171.0      166.5      254.9      3.2      2.4      1.5 2023  9 21  3 45  0.40000001  0.0   1
     3190  -1.6412045  101.1424398    2.65642      227.7      -60.4       33.5      1.9      1.4      1.3 2023  9 21  3 46 23.75000000  0.0   1
     3191  -1.6411580  101.1453532    2.68132      551.5      -55.3       58.4      2.1      1.2      1.5 2023  9 21  3 47 35.90000153  0.0   1
     3192  -1.6385427  101.1485514    2.74396      907.6      233.9      121.0      1.9      2.5      1.7 2023  9 21  3 47 45.47000122  0.0   1
     3193  -1.6404322  101.1443522    2.71183      440.5       25.0       88.9      2.1      1.4      1.1 2023  9 21  3 50 10.31999969  0.0   1
     3194  -1.6379456  101.1441569    2.95812      418.0      300.0      335.2      2.2      1.7      0.9 2023  9 21  3 51 53.75000000  0.0   1
     3195  -1.6422595  101.1411051    2.78536       78.7     -177.1      162.4      2.4      1.3      1.4 2023  9 21  3 54 41.15999985  0.0   1
     3196  -1.6373812  101.1503581    2.72164     1108.7      362.3       98.7      2.6      2.5      1.9 2023  9 21  3 54 56.18999863  0.0   1
     3197  -1.6392768  101.1441650    2.90684      419.7      152.7      283.9      2.2      1.7      1.2 2023  9 21  3 55  2.20000005  0.0   1
     3198  -1.6365978  101.1503011    2.75521     1101.8      449.0      132.3      2.2      2.4      1.6 2023  9 21  3 57 10.92000008  0.0   1
     3200  -1.6407332  101.1675293    1.81776     3019.2       -8.3     -805.2      4.1      4.3      6.4 2023  9 21 18  0 24.65999985  0.0   1
     3202  -1.6442328  101.1401693    2.75593      -25.5     -395.3      133.0      4.3      1.4      1.2 2023  9 21 18  2 53.29999924  0.0   1
     3203  -1.6407649  101.1450033    2.60687      512.4      -11.8      -16.1      1.4      0.9      0.9 2023  9 21 18  3  1.86000001  0.0   1
     3204  -1.6421541  101.1464762    2.63192      676.5     -165.4        9.0      1.9      1.0      0.9 2023  9 21 18  3  6.84000015  0.0   1
     3206  -1.6404906  101.1477865    2.84100      822.2       18.5      218.1      2.7      2.5      1.3 2023  9 21 18  3 58.45999908  0.0   1
     3207  -1.6384120  101.1581136    2.09329     1971.1      248.4     -529.7      3.2      3.6      3.0 2023  9 21 18  4  4.84000015  0.0   1
     3208  -1.6409204  101.1440592    2.66433      407.9      -29.0       41.4      1.2      1.3      0.9 2023  9 21 18  4  8.68000031  0.0   1
     3209  -1.6404385  101.1501058    2.68311     1080.5       24.3       60.2      2.6      2.6      1.7 2023  9 21 18  5 31.94000053  0.0   1
     3210  -1.6429187  101.1426188    2.64234      247.2     -249.9       19.4      2.7      1.8      1.2 2023  9 21 18  5 48.38000107  0.0   1
     3211  -1.6484631  101.1250407    1.99494    -1709.0     -863.0     -628.0      3.2      2.8      3.1 2023  9 21 18  6 39.50000000  0.0   1
     3212  -1.6421425  101.1430257    2.93513      292.7     -164.1      312.2      1.9      1.7      1.3 2023  9 21 18 40 21.60000038  0.0   1
     3213  -1.6421871  101.1415853    2.75305      132.1     -169.1      130.1      3.4      2.2      1.8 2023  9 28  7  5  1.83000004  0.0   1
     3214  -1.6385128  101.1458577    2.87193      607.6      237.2      249.0      3.1      1.4      0.9 2023  9 28  7 39  3.82999992  0.0   1
     3215  -1.6426047  101.1429443    2.72516      283.1     -215.2      102.2      3.1      1.6      1.3 2023  9 28  7 40  2.51999998  0.0   1
     3216  -1.6407239  101.1471191    2.58682      748.2       -7.3      -36.1      2.1      1.6      0.8 2023  9 28  7 55 56.93999863  0.0   1
     3217  -1.6418563  101.1425456    2.73959      239.4     -132.5      116.6      1.3      0.7      0.6 2023  9 28  7 56  5.48999977  0.0   1
     3218  -1.6419275  101.1441813    2.72153      421.4     -140.3       98.6      1.2      1.0      0.7 2023  9 28  7 56 11.47999954  0.0   1
     3219  -1.6392521  101.1421794    3.04701      198.2      155.5      424.1      2.9      1.5      1.2 2023  9 28  7 57 46.27000046  0.0   1
     3220  -1.6419641  101.1436198    2.63139      358.4     -144.4        8.4      1.7      1.3      1.2 2023  9 28  7 59 35.90000153  0.0   1
     3221  -1.6421883  101.1390706    2.55229     -147.3     -169.2      -69.7      2.6      1.4      1.2 2023  9 28  8  1 35.72000122  0.0   1
     3222  -1.6399680  101.1473389    2.61778      772.1       76.3       -5.2      1.5      1.8      1.2 2023  9 28  8  2  3.35999990  0.0   1
     3223  -1.6414043  101.1432699    2.76928      319.6      -82.5      146.3      1.8      1.2      0.9 2023  9 28  8  2 40.31000137  0.0   1
     3224  -1.6409032  101.1466634    2.58873      697.4      -27.1      -34.2      2.2      1.0      0.9 2023  9 28  8  7 49.70999908  0.0   1
     3225  -1.6412078  101.1440348    2.75676      404.6      -60.8      133.8      1.5      0.9      0.9 2023  9 28  8 13  6.84000015  0.0   1
     3226  -1.6397689  101.1463623    2.72564      663.7       98.3      102.7      1.3      1.1      0.9 2023  9 28  8 15 50.84999847  0.0   1
     3227  -1.6399962  101.1457031    2.62526      590.8       73.2        2.3      2.1      1.4      1.1 2023  9 28  8 15 58.18999863  0.0   1
     3228  -1.6439969  101.1446126    2.70756      468.7     -369.2       84.6      3.2      2.1      1.3 2023  9 28  8 17  0.49000001  0.0   1
     3229  -1.6410515  101.1436849    2.70351      365.6      -43.5       80.6      2.0      1.1      0.9 2023  9 28  8 17 24.29000092  0.0   1
     3230  -1.6400976  101.1445638    2.82086      463.4       62.0      197.9      1.4      1.1      0.8 2023  9 28  8 19 49.29999924  0.0   1
     3231  -1.6420612  101.1401204    2.73834      -30.6     -155.1      115.4      3.2      1.2      1.1 2023  9 28  8 20 55.52000046  0.0   1
     3232  -1.6410212  101.1440918    2.78318      411.3      -40.1      160.2      1.3      0.8      0.8 2023  9 28  8 26 42.88000107  0.0   1
     3233  -1.6422935  101.1450439    2.72337      517.1     -180.8      100.4      1.6      1.1      1.3 2023  9 28  8 26 46.84000015  0.0   1
     3234  -1.6418959  101.1437663    2.80925      374.6     -136.9      186.3      2.1      1.4      1.2 2023  9 28  8 27  2.09999990  0.0   1
     3235  -1.6418419  101.1431396    2.62704      304.8     -130.9        4.1      1.6      1.2      0.9 2023  9 28  8 29 31.02000046  0.0   1
     3236  -1.6409964  101.1411621    2.77281       85.3      -37.4      149.9      4.4      1.0      1.0 2023  9 28  8 33 52.38000107  0.0   1
     3237  -1.6414998  101.1426921    2.74353      255.5      -93.1      120.6      2.1      1.5      1.2 2023  9 28  8 34 52.70000076  0.0   1
     3238  -1.6415272  101.1435547    2.79947      351.7      -96.1      176.5      2.6      0.9      0.9 2023  9 28  8 35 23.65999985  0.0   1
     3239  -1.6401001  101.1452230    2.66706      536.7       61.7       44.1      2.1      1.3      1.3 2023  9 28  8 35 37.04000092  0.0   1
     3240  -1.6419707  101.1422770    2.78666      209.2     -145.1      163.7      2.5      1.8      1.2 2023  9 28  8 36  6.26000023  0.0   1
     3241  -1.6412573  101.1430745    2.70581      297.6      -66.2       82.9      1.4      1.2      0.9 2023  9 28  8 36  9.26000023  0.0   1
     3242  -1.6430522  101.1459310    2.72357      615.8     -264.7      100.6      1.8      0.9      1.1 2023  9 28  8 36 18.69000053  0.0   1
     3243  -1.6418248  101.1393636    2.88144     -115.0     -129.0      258.5      2.7      1.6      1.1 2023  9 28  8 36 33.70999908  0.0   1
     3244  -1.6419656  101.1430827    2.72008      298.4     -144.6       97.1      1.5      1.4      1.1 2023  9 28  8 36 39.86999893  0.0   1
     3245  -1.6434498  101.1438232    2.52482      381.0     -308.7      -98.1      2.3      1.4      1.3 2023  9 28  8 37 37.74000168  0.0   1
     3246  -1.6416313  101.1430501    2.80654      295.4     -107.6      183.6      2.1      1.2      1.0 2023  9 28  8 37 40.75999832  0.0   1
     3247  -1.6413169  101.1434652    2.85358      341.4      -72.8      230.6      2.5      1.0      1.0 2023  9 28  8 38  9.71000004  0.0   1
     3248  -1.6415119  101.1436930    2.72882      367.1      -94.4      105.9      1.8      1.3      0.9 2023  9 28  8 39  3.31999993  0.0   1
     3249  -1.6423539  101.1435140    2.78332      346.6     -187.5      160.4      1.5      1.2      0.9 2023  9 28  8 39 16.25000000  0.0   1
     3250  -1.6431775  101.1388184    2.74138     -175.4     -278.6      118.4      5.9      2.3      1.5 2023  9 28  8 39 29.69000053  0.0   1
     3251  -1.6417636  101.1427653    2.85785      263.8     -122.2      234.9      2.0      1.3      1.1 2023  9 28  8 40 15.93999958  0.0   1
     3252  -1.6413685  101.1441569    2.74924      418.3      -78.5      126.3      1.5      0.7      0.7 2023  9 28  8 40 38.47999954  0.0   1
     3253  -1.6425261  101.1431641    2.72675      307.5     -206.5      103.8      1.4      1.3      1.1 2023  9 28  8 40 41.38000107  0.0   1
     3254  -1.6423538  101.1447103    2.82213      480.2     -187.5      199.2      1.7      1.5      1.1 2023  9 28  8 41  2.16000009  0.0   1
     3255  -1.6421258  101.1467041    2.62297      701.7     -162.3        0.0      1.9      1.6      1.3 2023  9 28  8 41 20.87999916  0.0   1
     3256  -1.6418162  101.1426514    2.79159      250.5     -128.0      168.7      1.6      1.4      1.1 2023  9 28  8 41 55.04999924  0.0   1
     3257  -1.6413523  101.1478841    2.79310      833.2      -76.7      170.2      2.2      1.6      1.4 2023  9 28  8 42 14.56999969  0.0   1
     3258  -1.6395977  101.1418945    2.82150      166.9      117.3      198.6      3.3      1.8      1.3 2023  9 28  8 42 19.54999924  0.0   1
     3259  -1.6437379  101.1457520    2.59905      595.5     -340.5      -23.9      2.2      1.6      1.4 2023  9 28  8 43 54.72999954  0.0   1
     3260  -1.6423672  101.1433187    2.67297      324.7     -189.0       50.0      2.8      1.5      1.3 2023  9 28  8 44 16.90999985  0.0   1
     3261  -1.6414434  101.1422607    2.90577      207.2      -86.8      282.8      1.9      1.3      0.9 2023  9 28  8 44 28.37999916  0.0   1
     3262  -1.6416180  101.1431478    2.84949      306.5     -106.1      226.5      1.5      0.9      0.7 2023  9 28  8 47 19.86000061  0.0   1
     3263  -1.6413246  101.1435140    2.72030      346.9      -73.7       97.4      2.1      1.5      1.1 2023  9 28  8 47 33.06999969  0.0   1
     3264  -1.6453766  101.1426921    2.57266      255.3     -521.7      -50.3      3.6      1.1      1.2 2023  9 28  8 51 42.25999832  0.0   1
     3265  -1.6420095  101.1393799    2.84864     -113.6     -149.4      225.7      2.6      1.6      1.1 2023  9 28  8 59 46.52999878  0.0   1
     3266  -1.6419055  101.1424479    2.70557      227.9     -137.9       82.6      2.0      0.9      0.7 2023  9 28  9  4 21.27000046  0.0   1
     3267  -1.6417433  101.1408936    2.78968       55.7     -120.0      166.7      4.5      1.2      0.9 2023  9 28  9  5 15.84000015  0.0   1
     3268  -1.6419534  101.1431803    2.78132      309.7     -143.2      158.4      1.4      1.0      0.7 2023  9 28  9 10 20.37000084  0.0   1
     3269  -1.6458894  101.1389567    2.57504     -160.0     -578.4      -47.9      7.5      2.9      2.0 2023  9 28  9 17 17.36000061  0.0   1
     3270  -1.6406067  101.1431152    2.79724      302.1        5.7      174.3      2.7      1.3      1.1 2023 10  5  7 35 44.90999985  0.0   1
     3271  -1.6107805  101.1296549    2.40077    -1195.7     3303.7     -222.2      2.8      2.9      2.2 2023 10  8  0 46  1.73000002  0.0   1
     3272  -1.6126307  101.1274251    2.31219    -1443.7     3099.1     -310.8      2.9      2.7      2.2 2023 10  8  0 46 50.84000015  0.0   1
     3273  -1.6383989  101.1433919    2.93706      333.5      249.8      314.1      2.6      1.8      1.4 2023 10  9 12  0 57.20999908  0.0   1
     3274  -1.6379906  101.1532715    2.60917     1432.5      295.0      -13.8      2.3      2.4      1.7 2023 10  9 13 10 28.75000000  0.0   1
     3275  -1.6430342  101.1480306    2.31599      849.5     -262.7     -307.0      2.1      1.4      1.5 2023 10 10  8 52 47.47999954  0.0   1
     3276  -1.6413066  101.1470052    2.84902      735.7      -71.7      226.1      1.9      1.7      1.3 2023 10 12  2  8 51.72999954  0.0   1
     3277  -1.6426057  101.1413981    2.52553      111.8     -215.3      -97.4      2.5      1.4      1.8 2023 10 12  2 25 53.88999939  0.0   1
     3278  -1.6462663  101.1445719    2.44461      465.0     -620.1     -178.3      4.1      1.7      2.0 2023 10 12  2 26 44.36999893  0.0   1
     3279  -1.6436701  101.1398763    2.76772      -57.5     -333.0      144.8      3.7      1.5      1.2 2023 10 12  7 33 35.72000122  0.0   1
     3280  -1.6395121  101.1412679    2.86224       97.0      126.7      239.3      2.9      1.7      0.9 2023 10 12  7 35 26.72999954  0.0   1
     3281  -1.6385981  101.1449951    2.92041      511.4      227.8      297.5      2.4      1.8      0.9 2023 10 12  7 44 21.15999985  0.0   1
     3282  -1.6423550  101.1410645    2.71083       74.1     -187.6       87.9      3.7      2.1      1.9 2023 10 14  8 24 30.54000092  0.0   1
     3283  -1.6440371  101.1437988    2.64785      378.5     -373.6       24.9      2.8      1.8      1.4 2023 10 14 10 32 46.22999954  0.0   1
     3284  -1.6418730  101.1425537    2.78723      240.4     -134.3      164.3      4.1      1.8      1.7 2023 10 14 16 31 41.02000046  0.0   1
     3285  -1.6425090  101.1397217    2.72275      -74.8     -204.6       99.8      2.7      1.3      1.0 2023 10 17  8 13 56.77000046  0.0   1
     3286  -1.6448732  101.1355794    2.80593     -536.4     -466.1      183.0      4.8      2.8      1.9 2023 10 17  9  1 32.40999985  0.0   1
     3288  -1.6430678  101.1506917    3.01455     1145.2     -266.4      391.6      2.9      3.1      2.5 2023 10 18 14 21 34.95000076  0.0   1
