     2719  -1.6444393  101.1411377    3.41720       82.8     -418.1      794.3    228.4    145.7    149.3 2023  1  3  3 43 21.02000046  0.0   1
     2720  -1.6398679  101.1479085    3.52075      835.7       87.4      897.8    206.3    164.7    129.7 2023  1  3  3 52  5.73000002  0.0   1
     2721  -1.6349040  101.1447184    2.78528      481.1      636.3      162.3    128.0     95.7    111.5 2023  1  3  3 52 21.03000069  0.0   1
     2722  -1.6414396  101.1357422    2.91938     -517.9      -86.4      296.4    164.1    107.2    104.9 2023  1  3  3 52 34.75000000  0.0   1
     2723  -1.6357366  101.1483398    2.83412      884.1      544.2      211.2    231.8    131.2    121.7 2023  1  3  4  2 20.45000076  0.0   1
     2724  -1.6365392  101.1459798    2.76752      621.5      455.5      144.6    120.1    118.9     91.3 2023  1  4 20 11 39.40000153  0.0   1
     2725  -1.6423272  101.1398682    2.81231      -58.7     -184.6      189.4    174.7    107.1    127.8 2023  1  4 20 16 15.53999996  0.0   1
     2726  -1.6445460  101.1351156    2.71978     -587.6     -429.9       96.8    235.3    125.1    156.9 2023  1  4 20 17  9.68000031  0.0   1
     2727  -1.6501605  101.1253825    2.25485    -1670.4    -1050.7     -368.1    331.7    204.8    350.7 2023  1  4 20 18 22.71999931  0.0   1
     2729  -1.6611726  101.1362386    2.97266     -462.4    -2268.4      349.7    466.1    136.6    171.2 2023  1 11 13 28 50.43999863  0.0   1
     2734  -1.6421548  101.1407227    3.21298       36.4     -165.5      590.0    271.8    167.9    149.5 2023  1 20 18 30  0.36000001  0.0   1
     2735  -1.6419501  101.1282471    3.11137    -1352.3     -142.9      488.4    182.9    124.7     85.7 2023  1 20 19 10 25.45999908  0.0   1
     2736  -1.6371951  101.1454102    2.61888      557.7      382.9       -4.1    101.0     98.6     95.3 2023  1 20 19 10 36.45999908  0.0   1
     2737  -1.6383876  101.1441976    2.50881      422.6      251.1     -114.1    132.4     99.0    104.5 2023  1 20 19 11 19.44000053  0.0   1
     2738  -1.6369934  101.1399658    3.23733      -48.3      405.2      614.4    203.9    156.2    112.1 2023  1 20 19 11 38.47999954  0.0   1
     2739  -1.6370767  101.1419027    2.59082      167.4      396.0      -32.1    146.3    105.7     92.6 2023  1 20 19 11 46.86000061  0.0   1
     2740  -1.6369778  101.1376383    2.59165     -306.8      407.0      -31.3    128.4     99.5     94.3 2023  1 20 19 12  2.07999992  0.0   1
     2741  -1.6365388  101.1419271    3.09283      169.9      455.5      469.9    144.6    114.2     99.7 2023  1 20 19 12 14.30000019  0.0   1
     2742  -1.6432318  101.1462809    2.67622      654.7     -284.6       53.3    282.9    138.5    142.3 2023  1 20 19 12 27.89999962  0.0   1
     2743  -1.6352762  101.1442627    2.96037      430.6      595.1      337.4    133.0    115.7     86.7 2023  1 20 19 12 41.43999863  0.0   1
     2744  -1.6337056  101.1447347    3.48258      482.8      768.8      859.6    205.9    145.4    103.0 2023  1 20 19 12 45.20000076  0.0   1
     2745  -1.6373363  101.1429443    3.43945      283.7      367.3      816.5    250.9    145.0    104.4 2023  1 20 19 12 58.77999878  0.0   1
     2746  -1.6427069  101.1440511    3.44237      406.9     -226.5      819.4    161.9    129.6    104.8 2023  1 20 19 13  8.81999969  0.0   1
     2747  -1.6429366  101.1378499    2.88761     -283.4     -251.9      264.7    188.6    110.4    103.8 2023  1 20 19 13 21.52000046  0.0   1
     2748  -1.6400434  101.1311849    2.75463    -1025.1       68.0      131.7    148.3    121.1     77.5 2023  1 20 19 13 50.47999954  0.0   1
     2749  -1.6432636  101.1273437    2.31702    -1452.6     -288.1     -305.9    276.7    191.5    283.1 2023  1 20 19 13 59.40000153  0.0   1
     2750  -1.6430899  101.1371663    1.91749     -359.9     -268.9     -705.5    330.7    158.2    146.7 2023  1 20 19 14 14.26000023  0.0   1
     2751  -1.6391074  101.1431396    3.33755      305.3      171.5      714.6    192.1    139.4    129.6 2023  1 20 19 14 47.25999832  0.0   1
     2752  -1.6476629  101.1464925    3.28493      678.4     -774.5      662.0    427.5    283.2    258.6 2023  1 20 19 14 50.77999878  0.0   1
     2753  -1.6362398  101.1415690    3.34443      130.1      488.6      721.5    206.8    172.2    101.5 2023  1 20 19 15  4.05999994  0.0   1
     2754  -1.6371894  101.1441895    2.83663      422.1      383.6      213.7    114.4    117.7    104.4 2023  1 20 19 15 37.75999832  0.0   1
     2755  -1.6347596  101.1438558    2.66670      385.0      652.2       43.8    113.6    103.2     86.6 2023  1 20 19 15 47.91999817  0.0   1
     2756  -1.6365271  101.1465983    2.82604      690.2      456.8      203.1    147.3    129.8    107.1 2023  1 20 19 16  4.34000015  0.0   1
     2757  -1.6430611  101.1390544    2.98651     -149.0     -265.7      363.6    273.6    147.4    137.0 2023  1 20 19 16 23.39999962  0.0   1
     2758  -1.6382637  101.1467448    3.04884      706.4      264.8      425.9    169.1    116.9    113.1 2023  1 20 19 16 33.02000046  0.0   1
     2759  -1.6372868  101.1443929    2.96062      445.1      372.8      337.7    108.0    138.4    100.5 2023  1 20 19 16 54.11999893  0.0   1
     2760  -1.6363045  101.1502441    3.04377     1096.0      481.4      420.8    120.8    119.3    133.1 2023  1 20 19 17 18.65999985  0.0   1
     2761  -1.6359404  101.1453044    3.06075      546.3      521.7      437.8    146.1     98.6    100.3 2023  1 20 19 17 23.44000053  0.0   1
     2762  -1.6380615  101.1439535    2.72196      395.5      287.1       99.0    198.9    109.4    136.3 2023  1 20 19 17 53.41999817  0.0   1
     2763  -1.6391899  101.1202148    1.48429    -2245.3      162.3    -1138.7    133.0    174.8    204.8 2023  1 20 19 17 59.56000137  0.0   1
     2764  -1.6317865  101.1531087    3.03411     1414.9      981.0      411.2    166.7    111.5    102.3 2023  1 20 19 18 19.47999954  0.0   1
     2765  -1.6469781  101.1545980    3.93798     1580.5     -698.8     1315.0    239.4     95.9    193.4 2023  1 20 19 18 31.20000076  0.0   1
     2766  -1.6403255  101.1381673    2.97541     -248.5       36.8      352.5    198.4    128.4    111.5 2023  1 20 19 18 39.00000000  0.0   1
     2767  -1.6404020  101.1403483    3.15834       -5.6       28.3      535.4    210.2    147.0    131.6 2023  1 20 19 20 12.10000038  0.0   1
     2768  -1.6399364  101.1390381    3.10566     -150.8       79.8      482.7    197.8    135.5    111.0 2023  1 20 19 20 39.81999969  0.0   1
     2769  -1.6425851  101.1412109    3.25722       90.5     -213.1      634.3    214.1    141.1    140.8 2023  1 20 19 21  7.40000010  0.0   1
     2770  -1.6394903  101.1439697    3.02667      397.5      129.1      403.7    143.4     99.1     89.1 2023  1 20 19 21 18.81999969  0.0   1
     2771  -1.6391705  101.1474365    2.88013      783.0      164.5      257.2    157.3    112.8     95.2 2023  1 20 19 21 59.91999817  0.0   1
     2772  -1.6419612  101.1468424    4.08401      717.3     -144.1     1461.1    199.6    177.3    124.7 2023  1 20 19 22 12.19999981  0.0   1
     2773  -1.6392368  101.1586263    2.46700     2028.5      157.2     -155.9    212.0    156.2    189.8 2023  1 20 19 22 39.93999863  0.0   1
     2774  -1.6411509  101.1383301    3.41885     -229.7      -54.5      795.9    212.6    142.6    119.5 2023  1 20 19 22 45.40000153  0.0   1
     2775  -1.6436139  101.1317383    2.85289     -963.1     -326.8      229.9    167.7    110.7     79.4 2023  1 20 19 23  1.05999994  0.0   1
     2776  -1.6463132  101.1502441    2.33860     1095.3     -625.3     -284.3    215.1     93.9    193.8 2023  1 20 19 23  6.86000013  0.0   1
     2777  -1.6409149  101.1379557    2.66588     -271.9      -28.4       42.9    172.4    107.7     97.4 2023  1 20 19 24 26.95999908  0.0   1
     2778  -1.6455640  101.1274495    2.54485    -1440.9     -542.5      -78.1    371.1    253.2    331.4 2023  1 20 19 24 30.94000053  0.0   1
     2779  -1.6475147  101.1489502    2.62124      951.7     -758.2       -1.7    233.9    165.6    147.6 2023  1 20 19 24 45.20000076  0.0   1
     2780  -1.6472274  101.1449544    2.04371      507.4     -726.4     -579.2    289.7    143.2    174.8 2023  1 20 19 24 52.18000031  0.0   1
     2782  -1.6374608  101.1486410    2.64863      917.6      353.5       25.7    136.7    113.3    111.8 2023  1 20 19 25 16.07999992  0.0   1
     2783  -1.6510071  101.1250732    1.70485    -1704.9    -1144.3     -918.1    305.4    210.6    371.5 2023  1 20 19 26 19.50000000  0.0   1
     2784  -1.6344630  101.1532796    2.84839     1433.3      685.0      225.4    253.1    197.9    178.8 2023  1 20 19 26 40.24000168  0.0   1
     2785  -1.6424292  101.1428548    3.99413      273.7     -195.8     1371.2    351.3    157.3    163.4 2023  1 20 19 26 53.72000122  0.0   1
     2786  -1.6439935  101.1399740    2.59138      -47.1     -368.8      -31.6    190.6    138.4    136.7 2023  1 20 19 28  3.14000010  0.0   1
     2787  -1.6410760  101.1420492    2.67355      183.9      -46.2       50.6    132.5     89.3     90.4 2023  1 20 19 28 27.34000015  0.0   1
     2788  -1.6393082  101.1450846    3.05747      521.2      149.3      434.5    121.9    111.9    114.8 2023  1 20 19 28 29.31999969  0.0   1
     2789  -1.6436006  101.1316732    2.34002     -970.5     -325.3     -282.9    220.9    157.3    214.7 2023  1 20 19 28 39.91999817  0.0   1
     2790  -1.6476992  101.1390462    3.24194     -150.4     -778.6      619.0    251.2    125.1    145.8 2023  1 20 19 29 12.73999977  0.0   1
     2791  -1.6434783  101.1415609    2.90497      129.2     -311.8      282.0    168.8    121.7    136.3 2023  1 20 19 29 38.18000031  0.0   1
     2792  -1.6424383  101.1484619    2.76249      897.3     -196.8      139.5    136.3    113.7    114.2 2023  1 20 19 30 28.65999985  0.0   1
     2793  -1.6406885  101.1431722    2.79073      308.6       -3.3      167.8    156.4    107.7    112.4 2023  1 20 19 30 43.77999878  0.0   1
     2794  -1.6488998  101.1297526    2.27634    -1184.4     -911.3     -346.6    227.6    139.3    195.9 2023  1 20 19 30 58.61999893  0.0   1
     2795  -1.6362300  101.1545329    2.18662     1573.4      489.6     -436.3    286.8    234.8    225.7 2023  1 20 19 31  4.38000011  0.0   1
     2796  -1.6450211  101.1352132    2.18961     -577.0     -482.4     -433.3    231.0     94.5    106.0 2023  1 20 19 31  9.84000015  0.0   1
     2797  -1.6442327  101.1431478    3.05591      305.9     -395.2      433.0    327.2    155.9    175.7 2023  1 20 19 31 49.70000076  0.0   1
     2798  -1.6409536  101.1498535    3.17929     1052.3      -32.7      556.3    159.6    108.3    124.8 2023  1 20 19 32  3.83999991  0.0   1
     2799  -1.6416000  101.1476644    2.66117      808.5     -104.1       38.2    130.2     94.9    126.4 2023  1 20 19 32  9.02000046  0.0   1
     2800  -1.6392312  101.1403402    2.89761       -6.1      157.8      274.7    122.6    116.0     98.9 2023  1 20 19 32 20.89999962  0.0   1
     2801  -1.6417193  101.1394287    2.79132     -107.8     -117.3      168.4    208.1     94.7     98.6 2023  1 20 19 32 52.88000107  0.0   1
     2802  -1.6410449  101.1431152    2.68205      302.4      -42.8       59.1    114.5    106.4    118.5 2023  1 20 19 32 59.25999832  0.0   1
     2803  -1.6416440  101.1415202    2.95245      124.5     -109.0      329.5    161.0    110.5     94.6 2023  1 20 19 33  9.80000019  0.0   1
     2804  -1.6470262  101.1348796    2.65342     -613.6     -704.1       30.5    432.3    178.9    124.9 2023  1 20 19 33 34.56000137  0.0   1
     2805  -1.6396488  101.1518066    2.92214     1269.6      111.6      299.2    119.2    113.2    119.9 2023  1 20 19 33 48.00000000  0.0   1
     2806  -1.6449073  101.1481934    3.10537      867.2     -469.8      482.4    168.0    112.0    129.7 2023  1 20 19 33 53.97999954  0.0   1
     2807  -1.6430751  101.1422445    2.70031      205.7     -267.2       77.4    174.8    136.5    135.2 2023  1 20 19 34 15.69999981  0.0   1
     2808  -1.6428458  101.1285319    1.74202    -1320.4     -241.9     -880.9    139.7    103.6    155.5 2023  1 20 19 34 33.22000122  0.0   1
     2809  -1.6491828  101.1334147    2.46878     -777.1     -942.6     -154.2    339.8    164.8    211.3 2023  1 20 19 34 48.20000076  0.0   1
     2810  -1.6419795  101.1402995    2.36201      -10.9     -146.1     -260.9    131.4    109.0    116.4 2023  1 20 19 34 58.11999893  0.0   1
     2811  -1.6426294  101.1416992    3.38386      145.3     -218.0      760.9    201.7    134.3    125.5 2023  1 20 19 35 21.10000038  0.0   1
     2812  -1.6443929  101.1375163    2.73048     -320.6     -413.0      107.5    144.2    118.3    127.0 2023  1 20 19 35 48.25999832  0.0   1
     2813  -1.6366707  101.1454753    2.79822      565.2      440.9      175.3    129.2    105.5    111.2 2023  1 20 19 36 32.65999985  0.0   1
     2814  -1.6407914  101.1434814    3.13474      343.6      -14.7      511.8    161.5    137.1    108.9 2023  1 20 19 36 50.90000153  0.0   1
     2815  -1.6376396  101.1425130    2.86962      235.1      333.8      246.7    221.2     97.2    111.6 2023  1 20 19 43 50.43999863  0.0   1
     2816  -1.6374081  101.1432292    3.34761      315.5      359.4      724.7    194.2    135.3     93.6 2023  1 20 19 43 54.97999954  0.0   1
     2817  -1.6384321  101.1437907    3.00464      377.7      246.1      381.7    173.9    141.2    118.1 2023  1 20 19 49 56.54000092  0.0   1
     2818  -1.6387328  101.1324219    3.27799     -887.8      212.9      655.0    191.5    116.9    116.9 2023  1 20 19 53 30.76000023  0.0   1
     2819  -1.6398834  101.1396891    2.87367      -78.7       85.7      250.7    148.0    120.2     95.8 2023  1 20 19 57 15.27999973  0.0   1
     2820  -1.6397606  101.1456624    2.64508      586.0       99.3       22.1    254.8    165.5    132.3 2023  1 20 19 57 23.65999985  0.0   1
     2821  -1.6354415  101.1461182    2.97541      637.0      576.8      352.5    224.9    180.5    112.6 2023  1 20 20 23  4.65999985  0.0   1
     2822  -1.6380152  101.1422607    3.10744      207.4      292.2      484.5    197.6    126.7    102.2 2023  1 21  1 56 37.25000000  0.0   1
     2823  -1.6452265  101.1477783    2.83854      821.5     -505.1      215.6    158.8    112.0    126.4 2023  1 30 17 30  4.76000023  0.0   1
     2824  -1.6466141  101.1365885    2.80509     -423.4     -658.6      182.1    194.5    105.0    120.3 2023  1 30 17 30 40.74000168  0.0   1
     2825  -1.6461072  101.1221110    1.94532    -2035.1     -602.5     -677.6    223.9    173.6    293.7 2023  2 18 22 35 10.69999981  0.0   1
     2826  -1.6462654  101.1428385    3.01798      272.1     -620.0      395.0    216.5     96.0    141.4 2023  2 18 22 38 25.92000008  0.0   1
     2827  -1.6458433  101.1367513    2.78748     -405.9     -573.3      164.5    148.7    106.8    117.0 2023  2 18 22 38 33.40000153  0.0   1
     2828  -1.6493563  101.1313232    2.11668    -1009.4     -961.8     -506.3    452.5    249.9    281.7 2023  2 18 22 39  5.48000002  0.0   1
     2829  -1.6444921  101.1311930    2.27400    -1024.1     -423.9     -348.9    197.9    122.6    162.3 2023  2 26 15 14 57.77000046  0.0   1
     2830  -1.6503789  101.1320801    2.12785     -925.4    -1074.9     -495.1    174.1    110.4    120.4 2023  2 27 22 34 11.93999958  0.0   1
     2831  -1.6426481  101.1434570    2.93805      340.6     -220.0      315.1    232.3    122.7    113.4 2023  2 27 22 34 17.97999954  0.0   1
     2832  -1.6519272  101.1335775    2.29337     -759.3    -1246.1     -329.6    199.8    143.6    162.3 2023  2 27 22 34 39.31999969  0.0   1
     2833  -1.6465781  101.1337891    2.66304     -735.2     -654.6       40.1    157.1     92.3     90.6 2023  2 27 22 34 42.22000122  0.0   1
     2834  -1.6392306  101.1400960    2.52224      -33.7      157.9     -100.7    142.6     80.6     98.3 2023  3  8  4 53 44.11000061  0.0   1
     2835  -1.6433378  101.1377523    2.98332     -293.9     -296.3      360.4    201.2    104.4    112.5 2023  3 12 23 29 24.12000084  0.0   1
     2836  -1.6419668  101.1369059    3.12832     -388.7     -144.7      505.4    219.7    113.6     95.3 2023  3 19 14 58 26.79999924  0.0   1
     2837  -1.6450125  101.1445068    3.08954      456.9     -481.5      466.6    161.9    111.0    114.4 2023  3 19 14 58 27.35000038  0.0   1
     2838  -1.6441626  101.1451579    2.96325      529.4     -387.5      340.3    140.8    111.8    127.1 2023  3 19 14 58 41.38999939  0.0   1
     2839  -1.6406492  101.1354574    3.20902     -549.5        1.0      586.1    165.5    117.0     96.6 2023  3 19 14 59  5.11999989  0.0   1
     2840  -1.6420067  101.1330160    3.04235     -821.0     -149.1      419.4    165.2    105.6     92.2 2023  3 19 15  0 56.34000015  0.0   1
     2841  -1.6416566  101.1456787    3.03008      587.8     -110.4      407.1    151.5    116.6    101.5 2023  3 19 15  7 48.63000107  0.0   1
     2842  -1.6378616  101.1468424    2.98517      717.6      309.2      362.2    131.5    112.6    100.2 2023  3 19 15  8  6.13999987  0.0   1
     2843  -1.6423032  101.1448161    2.65907      491.3     -181.9       36.1    165.7    101.7    136.7 2023  3 19 15  8 45.77000046  0.0   1
     2844  -1.6427123  101.1486979    2.42133      923.4     -227.1     -201.6    175.7     99.5    175.6 2023  3 19 15 10  1.89999998  0.0   1
     2845  -1.6398263  101.1444092    3.33850      446.5       92.0      715.6    208.6    142.8    116.6 2023  3 19 15 10 17.05999947  0.0   1
     2846  -1.6473965  101.1411702    3.24838       85.6     -745.1      625.4    309.4    136.9    143.6 2023  3 19 15 10 42.45999908  0.0   1
     2847  -1.6416828  101.1513184    3.63414     1215.6     -113.3     1011.2    130.8    189.5    138.7 2023  3 19 15 12  7.92000008  0.0   1
     2848  -1.6454685  101.1391602    3.19615     -137.9     -531.9      573.2    230.7    142.5    145.7 2023  3 19 15 12 41.66999817  0.0   1
     2849  -1.6440993  101.1427327    3.10099      260.0     -380.5      478.1    174.0    121.3    127.4 2023  3 19 15 13  3.02999997  0.0   1
     2850  -1.6468971  101.1411621    3.27781       85.5     -689.9      654.9    287.8    139.4    143.2 2023  3 19 15 13 29.22999954  0.0   1
     2851  -1.6486838  101.1414063    3.29386      111.9     -887.4      670.9    263.0    174.3    184.4 2023  3 19 15 14 14.53999996  0.0   1
     2852  -1.6440932  101.1284180    2.41264    -1332.7     -379.8     -210.3    133.6    128.4    107.4 2023  3 19 15 14 23.75000000  0.0   1
     2853  -1.6440598  101.1401855    2.62483      -23.6     -376.1        1.9    170.5     97.6    106.5 2023  3 19 15 17  0.95999998  0.0   1
     2854  -1.6448985  101.1410075    2.66822       68.3     -468.9       45.3    156.8    111.0    141.0 2023  3 19 15 17 15.43000031  0.0   1
     2855  -1.6431028  101.1386312    2.66416     -196.8     -270.3       41.2    299.1     98.6    123.2 2023  3 19 15 17 23.26000023  0.0   1
     2856  -1.6456281  101.1334554    2.92911     -772.5     -549.5      306.2    168.9    103.2     94.9 2023  3 19 15 17 27.55999947  0.0   1
     2857  -1.6431357  101.1357829    2.54218     -513.7     -273.9      -80.8    192.6    103.4    161.0 2023  3 19 15 17 37.34000015  0.0   1
     2858  -1.6451462  101.1441406    2.63046      416.6     -496.3        7.5    117.7    114.6    116.1 2023  3 30 10 37 55.43000031  0.0   1
     2859  -1.6428258  101.1460042    2.82905      624.2     -239.7      206.1    130.9    109.3    130.7 2023  3 30 10 38 31.47999954  0.0   1
     2860  -1.6459565  101.1348714    2.87522     -615.1     -585.9      252.3    416.5    220.7    188.1 2023  3 30 10 38 50.88000107  0.0   1
     2861  -1.6447926  101.1426758    3.23388      253.6     -457.2      610.9    219.3    133.1    133.6 2023  3 30 10 38 55.63999939  0.0   1
     2862  -1.6436101  101.1426921    2.42256      255.1     -326.4     -200.4    113.8    107.9    115.9 2023  3 30 10 39 42.11999893  0.0   1
     2863  -1.6434554  101.1382731    3.42454     -236.4     -309.3      801.6    194.7    110.6    103.7 2023  3 30 10 39 48.84999847  0.0   1
     2864  -1.6420606  101.1432210    2.66207      313.8     -155.1       39.1    105.8     75.8     97.8 2023  3 30 10 40  7.73999977  0.0   1
     2865  -1.6417985  101.1369303    2.74852     -386.0     -126.1      125.6    169.6     88.8    116.6 2023  3 30 10 40 14.48999977  0.0   1
     2866  -1.6402061  101.1370850    2.68140     -368.9       50.0       58.5    217.2     88.8     88.8 2023  3 30 10 40 28.92000008  0.0   1
     2867  -1.6461581  101.1394775    2.86603     -102.7     -608.1      243.1    153.3    111.3    126.8 2023  3 30 10 40 36.38999939  0.0   1
     2868  -1.6447066  101.1472493    2.40669      762.8     -447.7     -216.2    156.2    104.0    167.6 2023  3 30 10 40 42.43999863  0.0   1
     2869  -1.6541896  101.1329427    2.98058     -829.1    -1496.2      357.6    173.0     92.2    102.8 2023  3 30 10 41  9.31999969  0.0   1
     2870  -1.6407667  101.1402995    2.97816      -11.0      -12.0      355.2    184.4    108.4    100.9 2023  3 30 10 41 20.13999939  0.0   1
     2871  -1.6479510  101.1360840    3.11550     -480.3     -806.4      492.6    221.5    112.7    121.2 2023  3 30 10 41 29.93000031  0.0   1
     2872  -1.6452618  101.1324219    2.30408     -887.4     -509.0     -318.9    149.1    104.2    109.5 2023  3 30 10 42  3.19000006  0.0   1
     2873  -1.6434397  101.1412272    2.69796       92.4     -307.6       75.0    166.8     75.0    104.7 2023  3 30 10 42 11.61999989  0.0   1
     2874  -1.6423379  101.1401123    2.96913      -31.8     -185.7      346.2    182.7    119.1    122.1 2023  3 30 10 45 34.45999908  0.0   1
     2875  -1.6435735  101.1315755    2.99504     -981.5     -322.4      372.1    174.7    112.6     90.5 2023  3 30 10 49 11.32999992  0.0   1
     2877  -1.6434903  101.1421143    2.65719      190.7     -313.2       34.2    123.0     95.2    126.6 2023  4  4 21 16 12.35999966  0.0   1
     2878  -1.6436164  101.1389811    3.13004     -157.1     -327.1      507.1    256.6    124.4    117.1 2023  4  4 21 17 38.91999817  0.0   1
     2879  -1.6469879  101.1371338    2.40199     -363.0     -699.9     -220.9    516.0    159.7    219.2 2023  4  4 21 19 37.68000031  0.0   1
     2880  -1.6438726  101.1477214    2.77774      815.4     -355.4      154.8    115.4     83.1    120.0 2023  4  4 21 20  7.90000010  0.0   1
     2881  -1.6429531  101.1364665    2.51295     -437.5     -253.8     -110.0    147.0     91.5    120.2 2023  4  4 21 21 24.20000076  0.0   1
     2882  -1.6460593  101.1501383    2.32839     1084.3     -597.2     -294.6    140.7    140.9    163.2 2023  4  4 21 21 37.93999863  0.0   1
     2883  -1.6503624  101.1327962    2.37303     -845.9    -1073.0     -249.9    233.1    158.8    227.4 2023  4  4 21 21 52.75999832  0.0   1
     2884  -1.6498664  101.1398193    2.50762      -64.6    -1018.2     -115.3    629.1    118.8    131.1 2023  4  4 21 21 54.95999908  0.0   1
     2885  -1.6433992  101.1405355    3.35471       15.0     -303.1      731.8    197.4    131.8    148.6 2023  4  4 21 22  3.64000010  0.0   1
     2886  -1.6464853  101.1390625    2.69398     -148.2     -644.3       71.0    173.0    106.1    111.8 2023  4  7  6 28 12.28999996  0.0   1
     2889  -1.6017069  101.1214437    1.97364    -2109.3     4307.0     -649.3    645.5    594.9    509.0 2023  4 14  5 51 20.79999924  0.0   1
     2890  -1.6048279  101.1189128    2.13312    -2391.0     3961.9     -489.8    601.6    689.6    461.9 2023  4 14  5 51 25.79999924  0.0   1
     2893  -1.6394483  101.1417969    2.90435      156.2      133.8      281.4    413.7    209.8    192.3 2023  5 15 17 26 39.81999969  0.0   1
     2894  -1.6392056  101.1487630    2.88580      930.9      160.6      262.9    196.3    153.6    109.7 2023  5 15 17 32 30.39999962  0.0   1
     2895  -1.6490214  101.1395426    2.67987      -95.1     -924.8       56.9    239.7    181.1    182.4 2023  5 19 22 49 48.45999908  0.0   1
     2896  -1.6426590  101.1371338    3.08091     -363.5     -221.2      458.0    294.5    234.5    211.3 2023  5 19 22 54 49.02000046  0.0   1
     2897  -1.6405571  101.1403890    2.97503       -0.5       11.2      352.1    202.3    142.0    144.4 2023  5 19 22 54 53.54000092  0.0   1
     2901  -1.6428131  101.1316650    2.88410     -972.1     -238.3      261.2    208.5    118.9     88.9 2023  5 27 15 42  8.60000038  0.0   1
     2903  -1.6304028  101.1272542    2.06215    -1462.1     1134.0     -560.8    175.7    157.2     99.8 2023  5 28 18 49 16.21999931  0.0   1
     2905  -1.6480298  101.1224284    2.45790    -1999.5     -815.1     -165.0    197.6    117.7    137.8 2023  6  6  1 40 44.04000092  0.0   1
     2906  -1.6418524  101.1308024    2.14554    -1068.1     -132.0     -477.4    133.2    111.7    113.5 2023  6  6  1 42 24.76000023  0.0   1
     2907  -1.6444984  101.1310140    2.80229    -1044.1     -424.6      179.3    205.8    124.3     78.4 2023  6  6  1 48 22.26000023  0.0   1
     2908  -1.6415432  101.1439697    2.92463      397.2      -97.9      301.7    242.0    142.6    120.2 2023  6  6  1 48 43.06999969  0.0   1
     2909  -1.6449429  101.1473470    3.03101      773.4     -473.8      408.1    199.6    124.9    141.7 2023  6  6  1 51 12.57999992  0.0   1
     2910  -1.6463912  101.1463053    3.27804      657.5     -633.9      655.1    205.7    173.1    156.5 2023  6  6  1 51 15.86999989  0.0   1
     2911  -1.6461422  101.1389811    2.97288     -157.5     -606.4      349.9    221.9    108.2    119.5 2023  6  6  1 51 30.25000000  0.0   1
     2912  -1.6462475  101.1443197    3.36215      436.2     -618.0      739.2    192.8    132.7    138.4 2023  6  6  1 52 19.11000061  0.0   1
     2913  -1.6444275  101.1392171    3.14661     -131.5     -416.8      523.7    212.6    113.1    125.9 2023  6  6  1 52 40.33000183  0.0   1
     2914  -1.6426072  101.1415039    3.61915      122.7     -215.5      996.2    227.4    187.9    153.6 2023  6  6  1 52 50.29999924  0.0   1
     2915  -1.6471836  101.1320719    3.07458     -926.1     -721.5      451.6    183.2    102.6     93.1 2023  6  6  1 53 28.01000023  0.0   1
     2916  -1.6508686  101.1435303    2.80498      348.6    -1129.0      182.0    787.3    164.2    238.6 2023  6  6  1 54  5.28999996  0.0   1
     2917  -1.6472703  101.1427816    2.78215      265.8     -731.1      159.2    144.5    118.7    146.5 2023  6  6  1 54 28.88999939  0.0   1
     2918  -1.6429450  101.1249023    3.12547    -1724.1     -252.9      502.5    156.3    124.0    129.9 2023  6  6  1 54 37.52999878  0.0   1
     2919  -1.6444932  101.1565186    3.01837     1794.2     -424.1      395.4    227.8    170.0    165.4 2023  6  6  1 54 44.18999863  0.0   1
     2920  -1.6443170  101.1679036    0.71945     3060.7     -404.6    -1903.5    411.2    309.0    563.7 2023  6  6  1 54 53.20000076  0.0   1
     2921  -1.6466957  101.1232259    1.46662    -1910.7     -667.6    -1156.3    159.2    129.0    157.6 2023  6  6  1 55 12.25000000  0.0   1
     2922  -1.6425612  101.1337402    3.21700     -741.0     -210.4      594.1    254.0    151.2    131.6 2023  6  6  1 55 25.79999924  0.0   1
     2923  -1.6459109  101.1386068    2.79044     -199.5     -580.8      167.5    240.0     99.5    106.5 2023  6  6  1 55 44.54999924  0.0   1
     2924  -1.6434036  101.1367513    3.25011     -405.3     -303.6      627.2    205.8    122.7    117.7 2023  6  6  1 55 52.50999832  0.0   1
     2925  -1.6397338  101.1437012    3.02977      367.8      102.2      406.8    491.9    306.5    200.7 2023  6  6  1 56  1.14999998  0.0   1
     2926  -1.6446470  101.1465251    3.76668      682.2     -441.1     1143.7    214.0    181.6    153.8 2023  6  6  1 56  8.31999969  0.0   1
     2927  -1.6499664  101.1220052    0.91808    -2046.3    -1029.3    -1704.9    202.7    166.5    296.9 2023  6  6  1 56 16.76000023  0.0   1
     2928  -1.6431020  101.1394938    3.02353     -100.6     -270.2      400.6    220.7    119.6    119.9 2023  6  6  1 56 29.04999924  0.0   1
     2929  -1.6492282  101.1222005    1.62698    -2024.5     -947.6     -996.0    164.3    111.0    203.5 2023  6  6  1 56 36.79000092  0.0   1
     2930  -1.6404933  101.1432048    3.02270      312.0       18.2      399.8    162.5    102.7    110.2 2023  6  6  1 57 14.22000027  0.0   1
     2931  -1.6408824  101.1347331    2.84517     -630.0      -24.8      222.2    158.3    104.9     87.3 2023  6  6  1 57 25.55999947  0.0   1
     2932  -1.6388888  101.1435465    2.62403      350.1      195.7        1.1    114.9     92.0     96.9 2023  6  6  1 57 28.88999939  0.0   1
     2933  -1.6399808  101.1377197    2.54605     -297.8       74.9      -76.9    126.9     85.2     95.6 2023  6  6  1 57 37.61999893  0.0   1
     2934  -1.6428771  101.1371094    3.63320     -366.2     -245.4     1010.3    193.9    156.9    134.8 2023  6  6  1 57 45.38000107  0.0   1
     2935  -1.6346119  101.1346191    3.07035     -642.6      668.6      447.4    178.3    120.9     95.8 2023  6  6  1 58  3.48000002  0.0   1
     2936  -1.6453215  101.1354980    3.19676     -545.0     -515.6      573.8    283.8    120.0    104.5 2023  6  6  1 58 51.29000092  0.0   1
     2937  -1.6527943  101.1470215    2.30512      737.4    -1341.9     -317.8    163.6    129.9    223.4 2023  6  6  1 59  4.92000008  0.0   1
     2938  -1.6484119  101.1235677    2.21214    -1872.6     -857.4     -410.8    352.1    206.9    361.5 2023  6  6  2  0 18.29000092  0.0   1
     2939  -1.6392719  101.1411214    2.98212       80.4      153.3      359.2    163.7    123.6     86.6 2023  6  6  2  0 50.33000183  0.0   1
     2940  -1.6431051  101.1404541    2.99276        6.2     -270.6      369.8    158.4    102.1     98.4 2023  6  6  2  1 17.14999962  0.0   1
     2941  -1.6450860  101.1426351    2.88843      249.0     -489.6      265.5    212.0    157.4    140.3 2023  6  6  2  1 29.55999947  0.0   1
     2942  -1.6410324  101.1445394    2.85235      460.6      -41.4      229.4    137.6     92.8     92.7 2023  6  6  2  1 36.97999954  0.0   1
     2943  -1.6411641  101.1461344    2.08488      638.7      -55.9     -538.1    227.4    165.2    175.2 2023  6  6  2  1 54.45999908  0.0   1
     2944  -1.6391510  101.1345133    2.98077     -654.4      166.7      357.8    146.9    102.7     71.5 2023  6  6  2  2 19.39999962  0.0   1
     2945  -1.6461613  101.1388916    2.46494     -167.5     -608.5     -158.0    736.0    276.4    242.3 2023  6  6  2  3 32.54000092  0.0   1
     2946  -1.6474038  101.1438965    2.94306      389.0     -745.9      320.1    218.1    109.8    129.4 2023  6  6  2  5 16.29999924  0.0   1
     2947  -1.6310307  101.1449056    2.54570      502.1     1064.6      -77.2    164.7    138.8     84.6 2023  6  6  2 11 56.61000061  0.0   1
     2948  -1.6410797  101.1366536    3.07025     -416.3      -46.6      447.3    204.5    121.9    125.8 2023  6  6  2 57 14.14999962  0.0   1
     2949  -1.6405650  101.1435221    3.00014      347.7       10.3      377.2    168.3    109.8     97.5 2023  6  6  2 57 29.37000084  0.0   1
     2950  -1.6397854  101.1516846    2.85884     1255.9       96.5      235.9    162.6     92.3    125.1 2023  6  6  2 57 54.09999847  0.0   1
     2951  -1.6367382  101.1464925    1.86080      678.5      433.4     -762.1    155.8    132.2    131.0 2023  6  6  2 58  2.06999993  0.0   1
     2952  -1.6407869  101.1524089    1.98574     1336.2      -14.2     -637.2    202.4    140.0    213.7 2023  6  6  2 58 17.95000076  0.0   1
     2953  -1.6456430  101.1427002    2.59992      256.7     -551.2      -23.0    273.3     94.8    112.9 2023  6  6  2 58 41.36999893  0.0   1
     2954  -1.6440022  101.1475260    2.67732      793.1     -369.8       54.4    124.8     95.0    117.9 2023  6  6  2 59 47.00999832  0.0   1
     2955  -1.6432470  101.1342204    3.17035     -687.5     -286.3      547.4    299.0    179.5    215.9 2023  6  6 22 40 15.80000019  0.0   1
     2961  -1.6345678  101.1209717    2.56074    -2161.8      673.4      -62.2    420.1    448.3    223.9 2023  6 27 17 47  0.12000000  0.0   1
     2962  -1.6421660  101.1401204    2.52530      -31.2     -166.7      -97.6    164.6     86.6    102.2 2023  7  4 19 19 48.45999908  0.0   1
     2964  -1.6235238  101.1010498    0.72446    -4378.6     1894.6    -1898.5    377.8   1359.9    568.8 2023  7  5  0 17 41.68999863  0.0   1
     2967  -1.6438569  101.1132812    2.78079    -3017.6     -353.7      157.8    342.1    359.7    244.2 2023  7 14 23 38 10.26000023  0.0   1
     2968  -1.6414909  101.1347819    2.80663     -624.5      -92.1      183.7    198.6     97.5     84.1 2023  7 15  2  2 49.29000092  0.0   1
     2969  -1.6412960  101.1330485    2.75994     -818.1      -70.5      137.0    179.2    101.8     93.3 2023  7 15  2  5 39.86000061  0.0   1
     2972  -1.6389815  101.1346598    2.69095     -638.4      185.4       68.0    144.7     90.7     78.6 2023  7 15  9 27  6.65999985  0.0   1
     2973  -1.6398984  101.1427490    2.75807      261.9       84.0      135.1    120.9     83.2     87.6 2023  7 15  9 29 55.13999939  0.0   1
     2974  -1.6413432  101.1426758    2.62427      253.4      -75.7        1.3    112.3     90.8     95.7 2023  7 15  9 30  2.75999999  0.0   1
     2975  -1.6416757  101.1409342    2.73548       59.5     -112.5      112.5    137.2     87.6    106.3 2023  7 15  9 30 27.43000031  0.0   1
     2976  -1.6409050  101.1393473    2.50817     -116.9      -27.3     -114.8    144.0    109.4    116.9 2023  7 15  9 31 39.70999908  0.0   1
     2977  -1.6340832  101.1181234    1.87818    -2478.5      727.0     -744.8    245.7    207.5    248.2 2023  7 17 15  4 33.40000153  0.0   1
     2978  -1.6379279  101.1412679    2.61003       97.0      301.9      -12.9    108.3     76.0     95.7 2023  7 19  2  5 31.29000092  0.0   1
     2979  -1.6381812  101.1431803    3.29800      309.7      273.9      675.1    148.9    129.9    104.0 2023  7 19  2 18 47.72999954  0.0   1
     2980  -1.6442586  101.1376383    3.17182     -306.8     -398.1      548.9    229.9    113.7    120.1 2023  7 19  2 21  5.59999990  0.0   1
     2981  -1.6348072  101.1569173    2.73731     1838.4      647.0      114.4    156.1    137.6    138.8 2023  7 19  2 21  8.77999973  0.0   1
     2982  -1.6381201  101.1423258    3.15670      214.3      280.6      533.8    158.1    116.4    105.1 2023  7 19  2 59 40.54000092  0.0   1
     2983  -1.6382848  101.1417399    2.83053      149.1      262.4      207.6    131.5    102.3     73.0 2023  7 19  3  0  3.86999989  0.0   1
     2984  -1.6393970  101.1431722    2.41126      308.5      139.4     -211.7    199.0    105.7    115.0 2023  7 19  3  0 15.28999996  0.0   1
     2985  -1.6363656  101.1433512    2.57407      328.5      474.6      -48.9    116.2    172.4    141.2 2023  7 19  3  0 25.79000092  0.0   1
     2986  -1.6405849  101.1397217    3.21322      -75.5        8.1      590.3    194.1    145.0    119.1 2023  7 19  3  1  0.31999999  0.0   1
     2987  -1.6450441  101.1422119    2.75861      202.0     -485.0      135.7    128.3     91.2    100.8 2023  7 19  3  1 12.77000046  0.0   1
     2988  -1.6404004  101.1433268    2.48277      325.9       28.5     -140.2    132.3    103.6    123.2 2023  7 19  3  1 20.85000038  0.0   1
     2989  -1.6385235  101.1332031    3.04201     -800.9      236.0      419.1    160.1    111.3     86.1 2023  7 19  3  1 31.04999924  0.0   1
     2990  -1.6429778  101.1443929    2.73495      444.3     -256.5      112.0    191.4    170.2    147.4 2023  7 19  3  1 58.95000076  0.0   1
     2991  -1.6396319  101.1426514    3.31865      250.6      113.5      695.7    191.8    144.1    114.8 2023  7 19  3  2 24.22999954  0.0   1
     2992  -1.6407817  101.1357666    2.85963     -515.6      -13.6      236.7    188.7    107.2    110.2 2023  7 19  3  2 31.32999992  0.0   1
     2994  -1.6444761  101.1517090    2.72178     1258.4     -422.2       98.8    208.8    156.6    192.9 2023  7 19  3  3  5.17000008  0.0   1
     2995  -1.6424716  101.1413493    2.79603      106.2     -200.5      173.1    206.6    118.9    109.7 2023  7 19  3  3 49.45000076  0.0   1
     2996  -1.6362488  101.1448730    2.85963      498.2      487.6      236.7    132.4    130.1     86.5 2023  7 19  3  4 25.73999977  0.0   1
     2997  -1.6358175  101.1370443    2.75198     -372.7      535.3      129.0    168.0    111.5     80.7 2023  7 19  3  4 42.90000153  0.0   1
     2998  -1.6380442  101.1368815    3.06001     -391.4      289.0      437.1    208.3    125.2     97.4 2023  7 19  3  4 47.33000183  0.0   1
     2999  -1.6354006  101.1323568    3.33674     -894.7      581.3      713.8    183.9    126.4     99.0 2023  7 19  3  5 55.38999939  0.0   1
     3000  -1.6391029  101.1465739    2.61497      687.2      172.0       -8.0    145.5    128.3    128.0 2023  7 19  3  6 34.20999908  0.0   1
     3001  -1.6387417  101.1426676    2.66742      252.3      211.9       44.5    117.0    112.9    119.6 2023  7 19  3  7 18.03000069  0.0   1
     3002  -1.6452218  101.1413086    2.62773      101.6     -504.6        4.8    121.1    130.5    134.3 2023  7 19  3  7 20.17000008  0.0   1
     3003  -1.6364586  101.1492839    3.05644      989.0      464.4      433.5    132.8    130.3    107.7 2023  7 19  3  8 37.70999908  0.0   1
     3004  -1.6394658  101.1428548    3.02117      273.5      131.8      398.2    204.4    128.1     98.9 2023  7 19  3 10 29.87999916  0.0   1
     3005  -1.6377112  101.1436523    2.68375      362.1      325.9       60.8    112.3     91.8     93.3 2023  7 19  3 11  7.88000011  0.0   1
     3006  -1.6369544  101.1361898    2.87326     -468.5      409.5      250.3    153.0    108.4     78.0 2023  7 19  3 12 10.78999996  0.0   1
     3007  -1.6417006  101.1520426    2.98462     1295.5     -115.3      361.7    156.4    128.5    136.2 2023  7 19  3 14 29.62999916  0.0   1
     3008  -1.6399143  101.1468831    2.17075      721.3       82.3     -452.2    146.2    110.3    134.5 2023  7 19  3 14 38.36000061  0.0   1
     3009  -1.6404170  101.1390951    2.38761     -144.7       26.7     -235.3    145.6     91.1    106.3 2023  7 19  3 17 13.86999989  0.0   1
     3010  -1.6416265  101.1432048    2.77316      312.4     -107.1      150.2    270.9    167.2    144.6 2023  7 19  3 22  8.31999969  0.0   1
     3011  -1.6371578  101.1422282    2.76718      203.6      387.0      144.2    117.1     98.9     82.6 2023  7 19  3 23  0.50000000  0.0   1
     3012  -1.6399525  101.1439128    2.45140      391.0       78.0     -171.5    125.8     87.6    119.7 2023  7 19  3 23 19.36000061  0.0   1
     3013  -1.6414389  101.1402262    2.63293      -19.4      -86.3       10.0    121.9    103.1    120.3 2023  7 19  3 23 22.77000046  0.0   1
     3014  -1.6382637  101.1404297    2.87030        3.5      264.8      247.4    121.6    104.8     90.5 2023  7 19  3 23 38.40000153  0.0   1
     3015  -1.6391212  101.1414469    2.52978      116.5      169.9      -93.2    112.0     82.8    108.7 2023  7 19  3 24  8.73999977  0.0   1
     3016  -1.6385136  101.1383545    2.55853     -227.2      237.1      -64.4    159.7     87.5    105.1 2023  7 19  3 24 11.84000015  0.0   1
     3017  -1.6426636  101.1431234    2.94524      303.4     -221.7      322.3    151.1    104.7    101.7 2023  7 19  3 24 18.10000038  0.0   1
     3018  -1.6376404  101.1409587    2.55071       62.1      333.7      -72.2    148.0     85.8     92.8 2023  7 19  3 26 25.94000053  0.0   1
     3019  -1.6438309  101.1342204    2.69643     -687.4     -350.8       73.5    329.0    163.0    173.1 2023  7 19  3 26 54.45000076  0.0   1
     3020  -1.6415437  101.1406901    2.86783       32.7      -97.9      244.9    154.3    134.5    116.4 2023  7 19  3 28  6.32000017  0.0   1
     3021  -1.6346800  101.1406901    3.02054       32.8      661.0      397.6    193.5    151.8    103.3 2023  7 19  3 28 11.30000019  0.0   1
     3022  -1.6407572  101.1556803    2.55684     1700.4      -11.0      -66.1    164.7    154.3    146.2 2023  7 19  3 29  4.26999998  0.0   1
     3023  -1.6459002  101.1336914    2.52002     -746.3     -579.6     -102.9    150.0     93.2     88.9 2023  7 19  3 30 50.99000168  0.0   1
     3024  -1.6472504  101.1375488    2.53194     -317.3     -728.9      -91.0    199.9     89.0    105.2 2023  7 19  3 37 19.65999985  0.0   1
     3025  -1.6430276  101.1414307    2.88965      115.2     -262.0      266.7    247.0    116.5    112.2 2023  7 19  3 39 24.28000069  0.0   1
     3026  -1.6458207  101.1293213    2.47949    -1232.1     -570.8     -143.4    157.1    126.3    121.8 2023  7 19  3 48 22.11000061  0.0   1
     3027  -1.6394007  101.1352620    3.06542     -571.1      139.0      442.5    231.0    185.3    163.3 2023  7 19 19  1 51.08000183  0.0   1
     3028  -1.6430486  101.1338135    2.54363     -732.3     -264.3      -79.3    206.5     96.3    119.3 2023  7 20  1 15 46.22999954  0.0   1
     3029  -1.6417383  101.1323079    2.21563     -900.2     -119.4     -407.3    147.9     95.0    102.7 2023  7 20  1 16 25.07999992  0.0   1
     3030  -1.6394123  101.1247721    2.95483    -1738.6      137.8      331.9    185.1    113.8     98.3 2023  7 20  1 18 27.22999954  0.0   1
     3031  -1.6432941  101.1408610    2.43435       51.7     -291.5     -188.6    127.6    115.0    143.9 2023  7 20 16 59 18.79999924  0.0   1
     3032  -1.6399095  101.1364909    2.66579     -434.6       82.8       42.8    493.3    232.1    174.3 2023  7 21  6 50 53.00999832  0.0   1
     3033  -1.6529476  101.1327881    2.14385     -846.4    -1358.9     -479.1    188.2    110.4    167.4 2023  7 21 12 31 45.83000183  0.0   1
     3034  -1.6456497  101.1336182    2.63495     -754.6     -551.9       12.0    183.9     87.7    143.6 2023  7 23  3 56 19.47999954  0.0   1
     3037  -1.6410070  101.1386800    1.51677     -190.8      -38.6    -1106.2    178.4    148.8    207.2 2023  7 31 23 41 35.38000107  0.0   1
     3042  -1.6421555  101.1440674    3.43137      408.5     -165.6      808.4    263.6    155.6    131.9 2023  8 25 22  0  2.96000004  0.0   1
     3043  -1.6402451  101.1446859    2.92728      476.9       45.7      304.3    158.6    102.6     94.8 2023  8 25 22  1 20.63999939  0.0   1
     3044  -1.6536704  101.1319173    2.19203     -943.3    -1438.8     -430.9    193.4    112.1    198.0 2023  8 25 22  1 29.57999992  0.0   1
     3045  -1.6388467  101.1401693    2.50444      -25.2      200.3     -118.5    130.6     85.7     94.4 2023  8 25 22  1 39.70000076  0.0   1
     3046  -1.6394811  101.1438395    2.78271      382.7      130.2      159.8    155.9     98.9    106.2 2023  8 25 22  2 23.94000053  0.0   1
     3047  -1.6403650  101.1416016    2.79942      133.9       32.4      176.5    113.1     76.0     82.2 2023  8 25 22  2 28.13999939  0.0   1
     3048  -1.6422026  101.1465983    2.59943      690.0     -170.8      -23.5    132.2    134.6    142.2 2023  8 25 22  2 42.25999832  0.0   1
     3049  -1.6443670  101.1348063    2.42654     -621.7     -410.1     -196.4    237.0    108.2    120.2 2023  8 25 22  2 51.50000000  0.0   1
     3050  -1.6402500  101.1414958    2.88510      122.4       45.1      262.2    115.4     92.6     78.7 2023  8 25 22  2 58.43999863  0.0   1
     3051  -1.6412886  101.1516846    2.07971     1255.8      -69.7     -543.2   1741.1    379.2    618.0 2023  8 25 22  3 19.87999916  0.0   1
     3052  -1.6391544  101.1387288    2.70538     -185.5      166.3       82.4    164.4    115.4     97.6 2023  8 25 22  3 24.92000008  0.0   1
     3054  -1.6447996  101.1433350    2.69009      327.3     -457.9       67.1    160.0    101.2    115.1 2023  8 25 22  3 32.50000000  0.0   1
     3055  -1.6439130  101.1391846    3.12691     -134.7     -359.9      504.0    223.2    101.8    110.8 2023  8 25 22  3 45.52000046  0.0   1
     3056  -1.6476541  101.1240153    2.07318    -1823.0     -773.6     -549.8    153.6    129.3    188.2 2023  8 25 22  4 22.10000038  0.0   1
     3057  -1.6443808  101.1472819    3.27554      766.4     -411.6      652.6    172.3    110.4    119.4 2023  8 25 22  4 39.36000061  0.0   1
     3058  -1.6426678  101.1383464    3.28315     -227.8     -222.2      660.2    169.0    132.7    131.2 2023  8 25 22  4 42.74000168  0.0   1
     3059  -1.6398786  101.1510742    2.44509     1188.0       86.2     -177.8    136.0    113.8    128.0 2023  8 25 22  5 22.65999985  0.0   1
     3060  -1.6351481  101.1578288    2.37701     1939.4      609.3     -245.9    201.4    133.8    212.3 2023  8 25 22  5 45.79999924  0.0   1
     3061  -1.6396987  101.1321615    3.03791     -916.1      106.1      415.0    148.9     74.4     80.9 2023  8 25 22  7 34.09999847  0.0   1
     3062  -1.6420526  101.1416016    2.74807      133.9     -154.2      125.1    122.1     98.6    116.1 2023  8 25 22  9 17.42000008  0.0   1
     3063  -1.6434532  101.1428711    2.59269      275.5     -309.1      -30.3    133.3    114.1    126.1 2023  8 25 22  9 21.89999962  0.0   1
     3064  -1.6381738  101.1371908    3.26305     -356.9      274.7      640.1    166.8    157.9    114.2 2023  8 25 22  9 33.65999985  0.0   1
     3065  -1.6306156  101.1682454    1.14979     3098.5     1110.5    -1473.2    416.9    536.7    701.6 2023  8 25 22  9 50.97999954  0.0   1
     3066  -1.6442422  101.1537109    2.43959     1481.5     -396.3     -183.3    236.8    159.0    211.7 2023  8 25 22 11 54.90000153  0.0   1
     3067  -1.6406523  101.1543457    3.05971     1552.3        0.6      436.8    260.3    204.0    184.8 2023  8 25 22 12 15.19999981  0.0   1
     3068  -1.6417170  101.1574219    2.17932     1894.2     -117.1     -443.6    258.5    181.8    255.6 2023  8 25 22 14 11.64000034  0.0   1
     3069  -1.6434808  101.1405029    2.46834       12.2     -312.1     -154.6    336.5    211.2    183.7 2023  8 28 21 39 39.09999847  0.0   1
     3070  -1.6477051  101.1260579    2.31809    -1595.9     -779.2     -304.9    219.0    137.9    218.0 2023  8 28 22  8 57.27999878  0.0   1
     3071  -1.6363644  101.1405924    2.62979       21.8      474.8        6.8    124.8    106.1    103.9 2023  8 29 14 22 51.02999878  0.0   1
     3072  -1.6406843  101.1343750    2.96474     -669.8       -2.9      341.8    224.6    112.6     85.8 2023  8 29 18 13 50.74000168  0.0   1
     3074  -1.6451639  101.1458822    2.75107      610.6     -498.2      128.1    174.3    148.9    139.1 2023  8 30  1 31 17.67000008  0.0   1
     3075  -1.6432584  101.1347982    1.96224     -623.1     -287.5     -660.7    478.9    244.1    275.7 2023  8 30  5 46 14.44999981  0.0   1
     3076  -1.6380767  101.1457275    2.34680      593.4      285.4     -276.1    221.0    120.8    124.5 2023  8 30  5 46 27.07999992  0.0   1
     3077  -1.6421387  101.1455973    2.54298      578.2     -163.7      -80.0    250.3    142.3    134.1 2023  8 30  5 47  3.69000006  0.0   1
     3078  -1.6450301  101.1334798    2.57013     -769.7     -483.4      -52.8    156.1    105.9    108.0 2023  8 30  5 47  5.53999996  0.0   1
     3079  -1.6419001  101.1413818    2.56252      110.0     -137.3      -60.4    200.1     84.9    116.4 2023  8 30  5 47 14.06000042  0.0   1
     3080  -1.6446623  101.1519531    2.48718     1286.1     -442.8     -135.8    182.0    169.7    175.9 2023  8 30  5 47 22.72999954  0.0   1
     3081  -1.6417180  101.1418376    2.07050      160.5     -117.2     -552.4    149.0    161.0    162.1 2023  8 30  5 47 28.44000053  0.0   1
     3082  -1.6459615  101.1604818    0.41456     2234.6     -586.4    -2208.4    210.0    253.4    460.3 2023  8 30  5 47 37.99000168  0.0   1
     3083  -1.6423049  101.1313639    1.22676    -1005.4     -182.1    -1396.2    362.2    208.8    307.7 2023  8 30  5 47 51.20000076  0.0   1
     3084  -1.6440379  101.1448242    2.74617      492.3     -373.7      123.2    179.1     93.9    105.3 2023  8 30  5 50 22.00000000  0.0   1
     3085  -1.6411649  101.1407959    2.31224       44.4      -56.0     -310.7    194.5    143.7    121.0 2023  8 30  5 50 28.25000000  0.0   1
     3086  -1.6464617  101.1547852    3.38699     1601.1     -641.7      764.0    171.2    158.2    161.6 2023  8 30 14 17 58.83000183  0.0   1
     3087  -1.6391796  101.1508545    2.75694     1163.7      163.5      134.0    171.3    138.8    136.2 2023  8 30 14 22 58.09000015  0.0   1
     3088  -1.6437392  101.1376139    1.98114     -309.7     -340.7     -641.8    188.8    111.5    145.1 2023  8 30 14 35 52.65000153  0.0   1
     3094  -1.6414633  101.1389893    2.52679     -156.5      -89.0      -96.2    202.6    111.5    127.0 2023  9 13 15 18 58.20999908  0.0   1
     3095  -1.6421200  101.1462728    2.39720      653.9     -161.6     -225.7    161.6    115.0    146.5 2023  9 14 16  1  7.05999994  0.0   1
     3096  -1.6406188  101.1542318    2.46786     1539.4        4.4     -155.1    138.6     95.4    128.6 2023  9 14 16  1 16.52000046  0.0   1
     3097  -1.6448391  101.1413574    2.84438      107.2     -462.3      221.4    434.4    177.2    171.8 2023  9 14 16  1 24.82999992  0.0   1
     3098  -1.6534069  101.1424642    2.76466      229.9    -1409.7      141.7    287.9    204.8    225.6 2023  9 14 16  3 59.18000031  0.0   1
     3099  -1.6423384  101.1403646    2.58539       -3.7     -185.8      -37.6    112.4     77.1    111.6 2023  9 14 16  4  8.14000034  0.0   1
     3100  -1.6407884  101.1436198    3.26772      358.6      -14.4      644.8    225.5    152.4    121.2 2023  9 14 16  7 36.65999985  0.0   1
     3101  -1.6418037  101.1406657    2.59952       29.4     -126.7      -23.4    165.6     76.6     99.7 2023  9 14 16  7 43.02999878  0.0   1
     3102  -1.6443829  101.1267578    1.58679    -1518.0     -411.9    -1036.2    204.9    142.5    203.5 2023  9 14 16 10 57.36000061  0.0   1
     3103  -1.6447908  101.1466715    2.89427      698.2     -457.0      271.3    144.3     85.3    110.1 2023  9 14 16 11 12.31000042  0.0   1
     3104  -1.6474260  101.1521403    2.53372     1307.0     -748.3      -89.2    153.6    172.1    198.3 2023  9 14 16 11 17.97999954  0.0   1
     3105  -1.6420035  101.1398193    2.69899      -64.3     -148.8       76.0    150.2     67.7     99.1 2023  9 14 16 23 25.43000031  0.0   1
     3106  -1.6442394  101.1397461    2.86336      -72.7     -396.0      240.4    177.6     92.9    109.1 2023  9 14 16 23 33.90000153  0.0   1
     3107  -1.6453495  101.1398356    2.60634      -62.2     -518.7      -16.6    131.0    111.6    133.0 2023  9 14 16 23 52.75999832  0.0   1
     3108  -1.6451805  101.1362223    2.81988     -464.5     -500.1      196.9    225.4    106.7    117.0 2023  9 14 16 23 59.08000183  0.0   1
     3109  -1.6448970  101.1429932    2.99512      288.5     -468.7      372.2    199.2    102.3    133.8 2023  9 14 16 24  4.69000006  0.0   1
     3110  -1.6413712  101.1402832    2.45517      -12.2      -78.8     -167.8    138.5     73.5    103.6 2023  9 14 16 24 13.52000046  0.0   1
     3111  -1.6407407  101.1424805    2.51917      232.1       -9.1     -103.8    105.4     77.3    106.3 2023  9 14 16 24 25.40999985  0.0   1
     3112  -1.6444794  101.1399577    2.63362      -48.6     -422.5       10.7    160.8     99.8    105.9 2023  9 14 16 24 54.75000000  0.0   1
     3113  -1.6450900  101.1402018    2.73401      -21.5     -490.0      111.1    160.4     84.8    108.2 2023  9 14 16 24 59.38000107  0.0   1
     3114  -1.6429236  101.1383301    2.31526     -229.6     -250.5     -307.7    186.2     96.1    113.9 2023  9 14 16 25  6.48000002  0.0   1
     3115  -1.6398866  101.1459635    2.35483      619.1       85.3     -268.1    136.9    109.6    128.0 2023  9 14 16 25 25.75000000  0.0   1
     3116  -1.6429732  101.1459717    2.44066      620.6     -256.0     -182.3    128.0    126.1    132.7 2023  9 14 16 25 28.45000076  0.0   1
     3117  -1.6459243  101.1239014    1.99487    -1835.2     -582.3     -628.1    163.5    139.0    148.9 2023  9 14 16 25 34.34999847  0.0   1
     3118  -1.6472619  101.1288493    0.95451    -1285.0     -730.2    -1667.4    279.6    202.1    364.6 2023  9 14 16 25 42.66999817  0.0   1
     3119  -1.6434734  101.1403646    2.28919       -4.0     -311.3     -333.8    144.0    115.8    123.4 2023  9 14 16 25 48.11999893  0.0   1
     3120  -1.6394974  101.1376465    2.25994     -306.4      128.4     -363.0    151.1     88.4    104.7 2023  9 14 16 25 56.81999969  0.0   1
     3121  -1.6368650  101.1434326    2.58093      337.5      419.4      -42.0     95.5     85.4    102.6 2023  9 14 16 26  2.75999999  0.0   1
     3122  -1.6381423  101.1409993    2.71961       67.1      278.2       96.7    118.6     93.9     88.7 2023  9 14 16 26 23.64999962  0.0   1
     3123  -1.6407312  101.1495280    3.13058     1016.0       -8.1      507.6    143.6    114.9    136.7 2023  9 14 16 26 34.95999908  0.0   1
     3124  -1.6418043  101.1423258    2.86609      214.3     -126.7      243.1    157.3    144.0    138.9 2023  9 14 16 26 48.50000000  0.0   1
     3125  -1.6456587  101.1359538    1.90484     -494.6     -552.9     -718.1    374.7    186.7    243.4 2023  9 14 16 27  6.15000010  0.0   1
     3126  -1.6435599  101.1402913    2.46733      -11.5     -320.9     -155.6    170.3    120.2    115.5 2023  9 14 16 27 14.25000000  0.0   1
     3127  -1.6377932  101.1434814    2.37629      343.0      316.8     -246.7     99.6     74.2    103.5 2023  9 14 16 27 17.69000053  0.0   1
     3128  -1.6391567  101.1462565    2.07573      652.1      166.0     -547.2    126.2    123.3    134.4 2023  9 14 16 27 22.95999908  0.0   1
     3129  -1.6367134  101.1453613    2.50224      552.8      436.2     -120.7    141.6     85.6    123.7 2023  9 14 16 27 30.12000084  0.0   1
     3130  -1.6377055  101.1412028    2.98712       89.4      326.5      364.2    203.7    114.9    112.0 2023  9 14 16 27 36.08000183  0.0   1
     3131  -1.6365823  101.1507731    2.33557     1154.2      450.7     -287.4    163.2     92.8    141.1 2023  9 14 16 28  5.15999985  0.0   1
     3132  -1.6423795  101.1457845    2.38680      599.5     -190.3     -236.1    145.4    100.5    143.3 2023  9 14 16 28 10.97999954  0.0   1
     3133  -1.6414392  101.1429932    2.68582      288.9      -86.4       62.9    138.0     92.7     95.5 2023  9 14 16 28 18.73999977  0.0   1
     3134  -1.6431344  101.1535156    2.47748     1459.4     -273.8     -145.5    227.7    146.7    203.2 2023  9 14 16 28 27.96999931  0.0   1
     3135  -1.6418594  101.1464030    2.31146      668.0     -132.8     -311.5    179.5    108.6    152.7 2023  9 14 16 28 40.47999954  0.0   1
     3136  -1.6484172  101.1405273    2.01862       14.8     -857.9     -604.3    336.1    141.6    190.0 2023  9 14 16 28 47.25999832  0.0   1
     3137  -1.6444288  101.1402018    2.55176      -21.3     -416.9      -71.2    146.9    115.6    135.1 2023  9 14 16 28 51.58000183  0.0   1
     3138  -1.6472282  101.1251383    1.48996    -1697.7     -726.5    -1133.0    145.4    119.3    205.7 2023  9 14 16 29 41.08000183  0.0   1
     3139  -1.6418761  101.1439860    2.43492      399.2     -134.7     -188.0    128.9    111.3    123.4 2023  9 14 16 29 46.22999954  0.0   1
     3140  -1.6439131  101.1415283    2.60829      126.1     -359.9      -14.7    186.4    119.0    132.9 2023  9 14 16 29 52.25999832  0.0   1
     3141  -1.6417175  101.1454264    2.70193      559.8     -117.1       79.0    132.5     94.3    126.5 2023  9 14 16 32  8.39999962  0.0   1
     3142  -1.6405544  101.1435872    2.45733      355.3       11.5     -165.6    103.6     93.7    116.6 2023  9 14 16 32 17.73999977  0.0   1
     3143  -1.6363286  101.1569580    2.02069     1842.8      478.7     -602.3    136.7    145.3    165.3 2023  9 14 16 32 30.69000053  0.0   1
     3144  -1.6387502  101.1411133    2.62770       79.5      211.0        4.8    119.0     82.8     99.6 2023  9 14 16 32 37.11000061  0.0   1
     3145  -1.6416152  101.1307861    2.90044    -1069.3     -105.8      277.5    192.5    122.0     68.1 2023  9 14 16 32 59.11000061  0.0   1
     3146  -1.6356812  101.1542969    2.71199     1546.2      550.3       89.0    126.8     98.1    111.1 2023  9 14 16 34 11.01000023  0.0   1
     3147  -1.6419956  101.1588216    1.87308     2050.5     -147.9     -749.9    167.5    140.8    167.6 2023  9 14 16 34 40.43000031  0.0   1
     3148  -1.6389053  101.1432780    2.49186      320.5      193.8     -131.1    110.2     62.9    102.5 2023  9 14 16 34 47.56999969  0.0   1
     3149  -1.6386180  101.1576090    2.99027     1915.3      225.6      367.3    348.1    203.5    297.4 2023  9 14 16 34 58.79000092  0.0   1
     3150  -1.6474583  101.1305501    2.08046    -1095.8     -751.9     -542.5    202.5    134.1    122.9 2023  9 14 16 36 23.40999985  0.0   1
     3151  -1.6397800  101.1294434    2.30833    -1219.3       97.1     -314.6    230.0    104.8    170.5 2023  9 14 16 38 46.27000046  0.0   1
     3152  -1.6439129  101.1458984    3.33060      612.3     -359.9      707.7    223.6    116.8    135.6 2023  9 14 16 39 22.14999962  0.0   1
     3153  -1.6440146  101.1504557    2.52473     1119.2     -371.1      -98.2    166.3    111.0    138.9 2023  9 14 16 40 10.57999992  0.0   1
     3154  -1.6433437  101.1391276    2.34472     -141.5     -297.0     -278.2    262.4     84.0    108.8 2023  9 14 16 40 29.72999954  0.0   1
     3155  -1.6385943  101.1432536    2.97795      317.4      228.2      355.0    131.5    111.5    105.1 2023  9 14 16 42 57.52000046  0.0   1
     3156  -1.6425510  101.1438639    2.60925      385.9     -209.3      -13.7    179.8    131.5    142.8 2023  9 14 16 43 40.40999985  0.0   1
     3157  -1.6388440  101.1423177    2.64481      213.6      200.6       21.9    238.1    105.8    118.6 2023  9 14 16 48 22.35000038  0.0   1
     3158  -1.6430801  101.1485352    2.58665      905.3     -267.8      -36.3    182.4    136.6    156.6 2023  9 14 16 48 45.50999832  0.0   1
     3159  -1.6428214  101.1655273    0.44648     2795.9     -239.2    -2176.5    371.2    403.3   1025.0 2023  9 14 16 51 31.97999954  0.0   1
     3160  -1.6450743  101.1485352    2.62135      905.8     -488.3       -1.6    164.9    132.2    164.1 2023  9 14 16 56  2.07999992  0.0   1
     3161  -1.6411318  101.1453288    2.67683      549.1      -52.4       53.9    149.7    113.2    135.9 2023  9 14 17  0 13.88000011  0.0   1
     3162  -1.6332137  101.1450114    1.35040      513.3      823.2    -1272.5    292.1    244.5    194.0 2023  9 14 17 16  3.20000005  0.0   1
     3163  -1.6427911  101.1456950    2.58372      589.6     -235.8      -39.2    112.4    105.6    115.4 2023  9 14 17 16 12.60000038  0.0   1
     3164  -1.6440491  101.1360270    2.35771     -486.6     -374.9     -265.2    208.6     97.6    108.9 2023  9 14 17 16 20.60000038  0.0   1
     3165  -1.6420227  101.1360921    2.45806     -479.1     -150.9     -164.9    128.3     85.6    100.6 2023  9 14 17 22 43.41999817  0.0   1
     3166  -1.6439362  101.1377360    2.58255     -296.3     -362.5      -40.4    121.2     86.3    118.4 2023  9 14 17 23  1.67999995  0.0   1
     3167  -1.6461709  101.1395833    2.91331      -90.9     -609.6      290.4    145.2    137.6    154.4 2023  9 14 17 23  3.44000006  0.0   1
     3168  -1.6413442  101.1396484    2.72974      -83.5      -75.8      106.8    146.9     69.5     89.9 2023  9 14 17 23 38.47999954  0.0   1
     3169  -1.6446192  101.1365153    2.52192     -432.0     -438.0     -101.0    211.5     89.5    103.3 2023  9 14 17 24 47.47999954  0.0   1
     3170  -1.6424422  101.1363444    2.40242     -450.5     -197.3     -220.5    145.4     71.2    123.5 2023  9 14 18  6 58.63999939  0.0   1
     3172  -1.6426441  101.1417887    2.50897      155.1     -219.6     -114.0    238.4    129.6    130.2 2023  9 15 17 48 41.77999878  0.0   1
     3173  -1.6382559  101.1433757    2.78820      331.7      265.6      165.3    129.5    106.3    101.4 2023  9 15 17 50 48.40000153  0.0   1
     3174  -1.6451803  101.1388997    2.59483     -166.8     -500.0      -28.1    415.6    157.7    166.0 2023  9 15 17 51  9.39999962  0.0   1
     3175  -1.6364948  101.1414307    2.81595      115.3      460.4      193.0    102.4    152.2    115.1 2023  9 18  5 36 41.97999954  0.0   1
     3176  -1.6414396  101.1414469    2.82574      117.1      -86.4      202.8    142.3    116.7    122.2 2023  9 18 16 33 14.22000027  0.0   1
     3177  -1.6361645  101.1432536    3.40841      318.3      496.9      785.5    179.2    146.5    113.4 2023  9 19 22 37 53.88000107  0.0   1
     3178  -1.6405220  101.1428548    2.69671      273.2       15.1       73.8    123.0     80.8     86.2 2023  9 20 20 41 28.63999939  0.0   1
     3179  -1.6412041  101.1459147    2.70140      613.9      -60.4       78.5    169.7    137.3    150.4 2023  9 21  3 26 18.59000015  0.0   1
     3180  -1.6391172  101.1548258    2.71924     1605.1      170.4       96.3    138.9    109.3    141.2 2023  9 21  3 26 48.38999939  0.0   1
     3181  -1.6388866  101.1439860    3.15080      399.6      195.9      527.9    133.8    116.6    101.7 2023  9 21  3 26 59.63000107  0.0   1
     3182  -1.6437995  101.1261230    1.94364    -1588.7     -347.3     -679.3    344.4    189.3    424.7 2023  9 21  3 27 59.75000000  0.0   1
     3183  -1.6375042  101.1524333    2.62825     1339.6      348.7        5.3    139.8    208.9    172.7 2023  9 21  3 28  2.72000003  0.0   1
     3184  -1.6391825  101.1449870    2.81558      510.3      163.2      192.6    122.9    115.7    120.6 2023  9 21  3 28 44.74000168  0.0   1
     3185  -1.6430459  101.1184001    1.04146    -2447.9     -264.0    -1581.5    364.6    370.6    580.5 2023  9 21  3 37 14.60999966  0.0   1
     3186  -1.6456631  101.1446859    2.53323      477.1     -553.4      -89.7    180.7    148.7    142.1 2023  9 21  3 43  8.53999996  0.0   1
     3187  -1.6437386  101.1422852    2.51989      209.9     -340.6     -103.1    158.0    127.1    129.9 2023  9 21  3 43 36.95999908  0.0   1
     3188  -1.6417901  101.1421875    3.36993      199.6     -125.2      747.0    217.0    137.6    126.5 2023  9 21  3 44 35.31000137  0.0   1
     3189  -1.6394321  101.1413005    2.94850      100.3      135.6      325.6    242.5    132.9    103.3 2023  9 21  3 45  0.40000001  0.0   1
     3190  -1.6380904  101.1402913    2.61879      -11.9      283.9       -4.2    131.3    101.6     97.4 2023  9 21  3 46 23.75000000  0.0   1
     3191  -1.6408582  101.1438070    2.90921      379.0      -22.1      286.3    134.2    109.9     95.0 2023  9 21  3 47 35.90000153  0.0   1
     3192  -1.6391523  101.1468831    2.86629      722.1      166.5      243.3    145.3    163.9    118.6 2023  9 21  3 47 45.47000122  0.0   1
     3193  -1.6406322  101.1429281    2.80019      281.7        2.9      177.2    126.6    103.2     97.8 2023  9 21  3 50 10.31999969  0.0   1
     3194  -1.6343230  101.1400065    2.99136      -43.9      700.5      368.4    151.0    112.1     80.4 2023  9 21  3 51 53.75000000  0.0   1
     3195  -1.6372142  101.1428955    3.20315      277.8      380.8      580.2    170.2    149.6    119.4 2023  9 21  3 54 41.15999985  0.0   1
     3196  -1.6360860  101.1548421    2.93242     1606.9      505.6      309.5    211.0    153.4    136.5 2023  9 21  3 54 56.18999863  0.0   1
     3197  -1.6370717  101.1467204    3.12949      703.6      396.6      506.5    145.6    145.9    106.1 2023  9 21  3 55  2.20000005  0.0   1
     3198  -1.6396881  101.1470133    2.75548      736.5      107.3      132.5    118.7    115.7    107.8 2023  9 21  3 57 10.92000008  0.0   1
     3200  -1.6400864  101.1664795    1.86732     2902.4       63.2     -755.6    445.4    453.3    549.3 2023  9 21 18  0 24.65999985  0.0   1
     3202  -1.6432037  101.1457764    3.09355      598.3     -281.5      470.6    323.1    174.7    255.8 2023  9 21 18  2 53.29999924  0.0   1
     3203  -1.6409695  101.1408447    2.59363       49.6      -34.4      -29.3    126.2    112.0    119.8 2023  9 21 18  3  1.86000001  0.0   1
     3204  -1.6390864  101.1489095    2.53370      947.5      173.8      -89.2    164.3    107.5    120.4 2023  9 21 18  3  6.84000015  0.0   1
     3206  -1.6400778  101.1523031    2.67948     1324.7       64.2       56.5    269.3    159.8    202.1 2023  9 21 18  3 58.45999908  0.0   1
     3207  -1.6370140  101.1589193    1.79198     2061.4      403.0     -831.0    125.7    137.3    188.9 2023  9 21 18  4  4.84000015  0.0   1
     3208  -1.6412871  101.1435221    2.69389      347.7      -69.5       70.9    129.4    112.2    123.7 2023  9 21 18  4  8.68000031  0.0   1
     3209  -1.6451485  101.1403402    3.04475       -6.2     -496.5      421.8    266.1    133.0    147.8 2023  9 21 18  5 31.94000053  0.0   1
     3210  -1.6433474  101.1407471    2.89441       39.1     -297.4      271.5    251.8     81.0     99.4 2023  9 21 18  5 48.38000107  0.0   1
     3211  -1.6532158  101.1239502    2.18064    -1830.0    -1388.5     -442.3    154.1    121.1    173.6 2023  9 21 18  6 39.50000000  0.0   1
     3212  -1.6465701  101.1365072    3.04571     -432.9     -653.7      422.8    152.3    135.4    144.0 2023  9 21 18 40 21.60000038  0.0   1
     3213  -1.6395205  101.1521891    2.96377     1312.5      125.8      340.8    140.8    129.2    127.8 2023  9 28  7  5  1.83000004  0.0   1
     3214  -1.6376801  101.1459473    2.88029      617.3      329.3      257.3    122.2    104.6     97.8 2023  9 28  7 39  3.82999992  0.0   1
     3215  -1.6438485  101.1444092    2.65487      446.4     -352.8       31.9    134.0    118.0    122.4 2023  9 28  7 40  2.51999998  0.0   1
     3216  -1.6393459  101.1485026    2.58711      902.2      145.1      -35.8    133.1    109.7    123.4 2023  9 28  7 55 56.93999863  0.0   1
     3217  -1.6402672  101.1443766    2.64349      443.0       43.2       20.6    113.2     83.9    111.5 2023  9 28  7 56  5.48999977  0.0   1
     3218  -1.6455798  101.1465413    2.42588      683.3     -544.2     -197.1    104.8    145.1    152.9 2023  9 28  7 56 11.47999954  0.0   1
     3219  -1.6379682  101.1445068    3.33801      457.5      297.4      715.1    152.7    118.8    111.1 2023  9 28  7 57 46.27000046  0.0   1
     3220  -1.6434528  101.1479655    2.49955      841.7     -309.0     -123.4    261.6    164.6    187.8 2023  9 28  7 59 35.90000153  0.0   1
     3221  -1.6416818  101.1427002    2.44465      255.9     -113.2     -178.3    158.4    110.9    125.1 2023  9 28  8  1 35.72000122  0.0   1
     3222  -1.6382729  101.1469320    2.39750      726.9      263.8     -225.4    164.7    113.0    139.5 2023  9 28  8  2  3.35999990  0.0   1
     3223  -1.6412470  101.1461019    2.63793      635.0      -65.1       15.0    154.1    128.5    133.2 2023  9 28  8  2 40.31000137  0.0   1
     3224  -1.6395836  101.1475586    2.33591      796.9      118.8     -287.0    160.6     82.6    146.5 2023  9 28  8  7 49.70999908  0.0   1
     3225  -1.6421759  101.1456787    2.49571      587.9     -167.8     -127.2    143.9    108.1    140.2 2023  9 28  8 13  6.84000015  0.0   1
     3226  -1.6391562  101.1462565    2.50946      651.7      166.1     -113.5    149.2    107.5    122.6 2023  9 28  8 15 50.84999847  0.0   1
     3227  -1.6433451  101.1433268    2.43754      325.8     -297.1     -185.4    139.6    148.5    153.7 2023  9 28  8 15 58.18999863  0.0   1
     3228  -1.6432686  101.1468343    2.70152      716.3     -288.6       78.6    132.3     80.7    117.7 2023  9 28  8 17  0.49000001  0.0   1
     3229  -1.6389870  101.1458415    2.52179      605.5      184.8     -101.2    155.2     76.2    110.3 2023  9 28  8 17 24.29000092  0.0   1
     3230  -1.6413588  101.1447510    2.70428      484.1      -77.5       81.3    122.4     86.1    107.7 2023  9 28  8 19 49.29999924  0.0   1
     3231  -1.6412310  101.1410400    2.59001       71.9      -63.3      -32.9    186.2     81.3    100.5 2023  9 28  8 20 55.52000046  0.0   1
     3232  -1.6403554  101.1460775    2.60598      631.7       33.5      -17.0    141.5     90.7    121.4 2023  9 28  8 26 42.88000107  0.0   1
     3233  -1.6420982  101.1467529    2.47662      707.0     -159.2     -146.3    156.8     88.6    152.6 2023  9 28  8 26 46.84000015  0.0   1
     3234  -1.6414429  101.1437744    2.76288      376.0      -86.8      139.9    127.3     98.1    121.0 2023  9 28  8 27  2.09999990  0.0   1
     3235  -1.6429488  101.1455404    2.41135      572.2     -253.3     -211.6    296.0    179.2    160.1 2023  9 28  8 29 31.02000046  0.0   1
     3236  -1.6421009  101.1451904    2.50780      533.0     -159.5     -115.1    139.7    121.3    121.3 2023  9 28  8 33 52.38000107  0.0   1
     3237  -1.6414932  101.1423177    2.52444      213.9      -92.3      -98.5    110.0     91.8    114.1 2023  9 28  8 34 52.70000076  0.0   1
     3238  -1.6399766  101.1420410    2.74414      183.2       75.4      121.2    127.4     74.1     86.8 2023  9 28  8 35 23.65999985  0.0   1
     3239  -1.6383236  101.1457682    2.21461      597.5      258.1     -408.3    143.8     92.1    124.1 2023  9 28  8 35 37.04000092  0.0   1
     3240  -1.6420620  101.1410563    2.61795       73.6     -155.2       -5.0    154.7     90.8     99.9 2023  9 28  8 36  6.26000023  0.0   1
     3241  -1.6411748  101.1444336    2.53065      449.1      -57.1      -92.3    127.7     95.2    125.3 2023  9 28  8 36  9.26000023  0.0   1
     3242  -1.6437860  101.1457113    2.56526      591.4     -345.9      -57.7    147.4     91.4    139.0 2023  9 28  8 36 18.69000053  0.0   1
     3243  -1.6431334  101.1374023    2.88217     -332.9     -273.7      259.2    204.4     92.9     98.5 2023  9 28  8 36 33.70999908  0.0   1
     3244  -1.6460442  101.1423258    2.28899      214.7     -595.6     -334.0    144.9    116.8    159.4 2023  9 28  8 36 39.86999893  0.0   1
     3245  -1.6503464  101.1418294    2.36257      159.2    -1071.3     -260.4    234.0    218.2    240.1 2023  9 28  8 37 37.74000168  0.0   1
     3246  -1.6403837  101.1421794    2.70057      198.4       30.4       77.6    103.5     71.5     97.0 2023  9 28  8 37 40.75999832  0.0   1
     3247  -1.6410006  101.1417155    2.78722      146.4      -37.9      164.3    128.6     78.5     91.1 2023  9 28  8 38  9.71000004  0.0   1
     3248  -1.6381938  101.1455973    2.62169      578.4      272.5       -1.3    130.3    101.7    116.6 2023  9 28  8 39  3.31999993  0.0   1
     3249  -1.6415001  101.1422201    2.73885      203.0      -93.1      115.9    116.6     72.8     81.8 2023  9 28  8 39 16.25000000  0.0   1
     3250  -1.6406677  101.1415934    2.73545      133.3       -1.0      112.5    120.1    146.8    130.2 2023  9 28  8 39 29.69000053  0.0   1
     3251  -1.6405140  101.1418376    2.76762      160.6       15.9      144.7    146.7     98.8    112.0 2023  9 28  8 40 15.93999958  0.0   1
     3252  -1.6409126  101.1458822    2.65364      610.4      -28.1       30.7    143.5    108.3    122.1 2023  9 28  8 40 38.47999954  0.0   1
     3253  -1.6425824  101.1407633    2.74019       40.8     -212.8      117.2    117.3     87.3    108.6 2023  9 28  8 40 41.38000107  0.0   1
     3254  -1.6453813  101.1422282    2.69618      204.1     -522.3       73.2    156.2    112.0    139.7 2023  9 28  8 41  2.16000009  0.0   1
     3255  -1.6427598  101.1469645    2.59766      730.9     -232.4      -25.3    215.4    160.4    116.4 2023  9 28  8 41 20.87999916  0.0   1
     3256  -1.6395063  101.1414225    2.61309      113.8      127.4       -9.9    108.2     77.2    104.9 2023  9 28  8 41 55.04999924  0.0   1
     3257  -1.6390512  101.1470785    3.26347      743.2      177.7      640.5    159.4    119.2    112.5 2023  9 28  8 42 14.56999969  0.0   1
     3258  -1.6448854  101.1406331    2.75809       26.6     -467.4      135.2    156.7    100.0    119.1 2023  9 28  8 42 19.54999924  0.0   1
     3259  -1.6451178  101.1489502    2.38295      951.8     -493.1     -240.0     96.6    129.6    153.8 2023  9 28  8 43 54.72999954  0.0   1
     3260  -1.6490330  101.1447917    1.99970      488.8     -926.0     -623.2    171.6    135.2    184.8 2023  9 28  8 44 16.90999985  0.0   1
     3261  -1.6390879  101.1442708    2.96789      431.3      173.6      344.9    135.9    109.1    103.9 2023  9 28  8 44 28.37999916  0.0   1
     3262  -1.6402213  101.1412516    2.87223       94.9       48.3      249.3    138.3    105.7    102.7 2023  9 28  8 47 19.86000061  0.0   1
     3263  -1.6418574  101.1444417    2.58883      449.8     -132.6      -34.1    125.5     98.5    106.7 2023  9 28  8 47 33.06999969  0.0   1
     3264  -1.6429843  101.1404215    2.90397        2.5     -257.2      281.0    177.0    120.9    124.9 2023  9 28  8 51 42.25999832  0.0   1
     3265  -1.6430739  101.1400798    2.76058      -35.6     -267.1      137.6    159.1     90.7     86.9 2023  9 28  8 59 46.52999878  0.0   1
     3266  -1.6415015  101.1440186    2.53567      402.7      -93.2      -87.3    129.4     74.7    107.3 2023  9 28  9  4 21.27000046  0.0   1
     3267  -1.6428188  101.1416423    2.68435      138.3     -238.9       61.4    137.7     84.9    100.3 2023  9 28  9  5 15.84000015  0.0   1
     3268  -1.6419983  101.1455160    2.69315      570.0     -148.2       70.2    138.7     93.3    131.4 2023  9 28  9 10 20.37000084  0.0   1
     3269  -1.6439579  101.1333171    2.84739     -787.9     -364.9      224.4    176.7    110.2    105.3 2023  9 28  9 17 17.36000061  0.0   1
     3270  -1.6382214  101.1409587    2.69513       62.4      269.4       72.2    106.4     97.2    109.8 2023 10  5  7 35 44.90999985  0.0   1
     3271  -1.6127833  101.1353923    2.23968     -557.2     3082.2     -383.3    400.9    276.5    182.4 2023 10  8  0 46  1.73000002  0.0   1
     3272  -1.6130904  101.1321777    2.43507     -915.0     3048.3     -187.9    384.7    267.7    219.7 2023 10  8  0 46 50.84000015  0.0   1
     3273  -1.6364349  101.1360026    3.18755     -489.4      467.0      564.6    164.4    123.8     98.2 2023 10  9 12  0 57.20999908  0.0   1
     3274  -1.6361774  101.1590902    2.73590     2080.0      495.4      113.0    195.3    134.0    181.0 2023 10  9 13 10 28.75000000  0.0   1
     3275  -1.6416547  101.1462809    2.40221      654.4     -110.2     -220.7    172.6    140.4    146.5 2023 10 10  8 52 47.47999954  0.0   1
     3276  -1.6465240  101.1460042    3.06713      624.2     -648.6      444.2    150.4     89.8    124.9 2023 10 12  2  8 51.72999954  0.0   1
     3277  -1.6459620  101.1454264    2.47720      559.7     -586.5     -145.7    133.8    114.4    138.1 2023 10 12  2 25 53.88999939  0.0   1
     3278  -1.6518898  101.1431803    2.55641      309.9    -1241.9      -66.5    196.3    153.2    171.1 2023 10 12  2 26 44.36999893  0.0   1
     3279  -1.6458632  101.1396077    2.67046      -87.8     -575.5       47.5    159.3    110.4    117.4 2023 10 12  7 33 35.72000122  0.0   1
     3280  -1.6407996  101.1349609    2.83608     -605.2      -15.6      213.1    253.4    150.5    151.5 2023 10 12  7 35 26.72999954  0.0   1
     3281  -1.6367620  101.1436442    3.14027      361.0      430.8      517.3    146.4    116.1     95.4 2023 10 12  7 44 21.15999985  0.0   1
     3282  -1.6363417  101.1456136    3.26446      580.1      477.3      641.5    151.5    144.2    107.4 2023 10 14  8 24 30.54000092  0.0   1
     3283  -1.6369607  101.1453288    3.43736      548.3      408.8      814.4    146.4    135.5     98.2 2023 10 14 10 32 46.22999954  0.0   1
     3284  -1.6375085  101.1422445    2.92361      205.2      348.3      300.7    218.9    142.9    106.9 2023 10 14 16 31 41.02000046  0.0   1
     3285  -1.6400853  101.1373779    3.52326     -335.6       63.3      900.3    247.0    168.2    126.3 2023 10 17  8 13 56.77000046  0.0   1
     3286  -1.6413434  101.1261068    2.85319    -1590.2      -75.8      230.2    194.3    132.1    171.0 2023 10 17  9  1 32.40999985  0.0   1
     3288  -1.6376362  101.1352702    2.52153     -570.4      334.1     -101.4    545.1    298.2    338.8 2023 10 18 14 21 34.95000076  0.0   1
