     2719  -1.6444710  101.1418701    3.37233      163.5     -421.6      749.4     30.4     14.1     14.2 2023  1  3  3 43 21.02000046  0.0   1
     2720  -1.6400820  101.1474447    3.50184      784.4       63.7      878.9     22.8     15.2     14.0 2023  1  3  3 52  5.73000002  0.0   1
     2721  -1.6341841  101.1426595    2.84990      252.0      715.9      227.0     52.3     28.5     20.0 2023  1  3  3 52 21.03000069  0.0   1
     2722  -1.6415744  101.1359945    2.89091     -489.8     -101.3      268.0     20.3     13.2     11.6 2023  1  3  3 52 34.75000000  0.0   1
     2723  -1.6371391  101.1483317    2.80853      882.5      389.1      185.6     27.5     34.6     19.3 2023  1  3  4  2 20.45000076  0.0   1
     2724  -1.6368197  101.1459635    2.76109      619.5      424.4      138.1     14.0     14.2     10.5 2023  1  4 20 11 39.40000153  0.0   1
     2725  -1.6417099  101.1407389    2.86478       38.1     -116.3      241.8     29.2     14.3     14.3 2023  1  4 20 16 15.53999996  0.0   1
     2726  -1.6445900  101.1354736    2.71269     -548.1     -434.7       89.7     25.1     16.9     17.3 2023  1  4 20 17  9.68000031  0.0   1
     2727  -1.6502834  101.1242106    2.04188    -1800.7    -1064.3     -581.1     50.1     40.4     58.9 2023  1  4 20 18 22.71999931  0.0   1
     2729  -1.6612776  101.1360921    2.93945     -478.7    -2280.0      316.5     38.8     13.3     14.7 2023  1 11 13 28 50.43999863  0.0   1
     2734  -1.6426716  101.1402018    3.18130      -22.2     -222.6      558.4     26.7     20.5     21.2 2023  1 20 18 30  0.36000001  0.0   1
     2735  -1.6422523  101.1288981    3.12771    -1279.3     -176.3      504.8     25.1     19.0     12.1 2023  1 20 19 10 25.45999908  0.0   1
     2736  -1.6375692  101.1451497    2.62485      529.0      341.6        1.9     18.9     16.0     10.4 2023  1 20 19 10 36.45999908  0.0   1
     2737  -1.6384818  101.1442708    2.49823      430.9      240.7     -124.7     13.3     11.7      9.1 2023  1 20 19 11 19.44000053  0.0   1
     2738  -1.6375195  101.1398763    3.20160      -57.7      347.1      578.7     34.5     19.6     15.2 2023  1 20 19 11 38.47999954  0.0   1
     2739  -1.6367666  101.1425863    2.62367      243.5      430.3        0.7     24.3     19.1     12.4 2023  1 20 19 11 46.86000061  0.0   1
     2740  -1.6374376  101.1385254    2.57576     -208.4      356.1      -47.2     35.5     16.9     13.9 2023  1 20 19 12  2.07999992  0.0   1
     2741  -1.6365687  101.1421956    3.07113      199.8      452.2      448.2     21.5     16.2     11.2 2023  1 20 19 12 14.30000019  0.0   1
     2742  -1.6424662  101.1453044    2.72978      545.9     -199.9      106.8     32.8     24.6     20.3 2023  1 20 19 12 27.89999962  0.0   1
     2743  -1.6357657  101.1443848    2.94616      443.7      541.0      323.2     14.9     17.3     11.2 2023  1 20 19 12 41.43999863  0.0   1
     2744  -1.6346184  101.1443278    3.45819      437.6      667.8      835.2     28.6     23.3     13.5 2023  1 20 19 12 45.20000076  0.0   1
     2745  -1.6379302  101.1424967    3.40714      233.6      301.7      784.2     30.4     15.6     14.3 2023  1 20 19 12 58.77999878  0.0   1
     2746  -1.6427654  101.1436035    3.44072      357.0     -233.0      817.8     29.8     17.4     18.9 2023  1 20 19 13  8.81999969  0.0   1
     2747  -1.6425201  101.1402832    2.92034      -12.5     -205.9      297.4     35.8     21.1     15.6 2023  1 20 19 13 21.52000046  0.0   1
     2748  -1.6399910  101.1314372    2.75997     -996.7       73.8      137.0     15.9     13.1      9.4 2023  1 20 19 13 50.47999954  0.0   1
     2749  -1.6428300  101.1278158    2.43538    -1399.6     -240.2     -187.6     31.9     24.1     21.5 2023  1 20 19 13 59.40000153  0.0   1
     2750  -1.6437041  101.1389648    1.90406     -159.2     -336.8     -718.9     55.8     21.5     17.0 2023  1 20 19 14 14.26000023  0.0   1
     2751  -1.6387165  101.1438639    3.31605      386.2      214.7      693.1     27.5     21.3     12.8 2023  1 20 19 14 47.25999832  0.0   1
     2752  -1.6473691  101.1472575    3.25249      763.2     -742.1      629.5     26.0     18.7     17.9 2023  1 20 19 14 50.77999878  0.0   1
     2753  -1.6361422  101.1412191    3.34056       91.9      499.3      717.6     33.0     14.3     12.3 2023  1 20 19 15  4.05999994  0.0   1
     2754  -1.6374395  101.1438558    2.84600      385.3      355.9      223.1     20.9     13.8     10.5 2023  1 20 19 15 37.75999832  0.0   1
     2755  -1.6351093  101.1442220    2.65016      425.3      613.6       27.2     17.6     14.1     12.3 2023  1 20 19 15 47.91999817  0.0   1
     2756  -1.6365795  101.1461182    2.84877      637.0      451.0      225.8     20.8     11.5     10.0 2023  1 20 19 16  4.34000015  0.0   1
     2757  -1.6426613  101.1392090    3.02616     -132.3     -221.5      403.2     21.8     10.3     12.3 2023  1 20 19 16 23.39999962  0.0   1
     2758  -1.6381278  101.1471273    3.01028      748.9      279.8      387.3     23.7     14.8     12.6 2023  1 20 19 16 33.02000046  0.0   1
     2759  -1.6376598  101.1441976    2.94779      423.0      331.5      324.8     13.9     16.4     10.6 2023  1 20 19 16 54.11999893  0.0   1
     2760  -1.6360767  101.1504720    2.99690     1121.2      506.6      374.0     15.5     18.4     15.8 2023  1 20 19 17 18.65999985  0.0   1
     2761  -1.6360010  101.1452474    3.04309      539.6      515.0      420.1     14.9     13.7     11.4 2023  1 20 19 17 23.44000053  0.0   1
     2762  -1.6379915  101.1441569    2.74706      418.3      294.9      124.1     21.8      9.4     13.8 2023  1 20 19 17 53.41999817  0.0   1
     2763  -1.6387484  101.1198079    1.50499    -2291.3      211.2    -1117.9     24.4     32.7     29.9 2023  1 20 19 17 59.56000137  0.0   1
     2764  -1.6331949  101.1539225    3.02276     1505.1      825.3      399.8     25.5     35.2     20.3 2023  1 20 19 18 19.47999954  0.0   1
     2765  -1.6464572  101.1539225    3.97181     1504.8     -641.2     1348.9     36.7     28.6     22.1 2023  1 20 19 18 31.20000076  0.0   1
     2766  -1.6405406  101.1379639    2.94219     -271.0       13.0      319.2     25.1     11.1     12.9 2023  1 20 19 18 39.00000000  0.0   1
     2767  -1.6401943  101.1417806    3.12640      153.6       51.3      503.5     37.7     19.3     14.8 2023  1 20 19 20 12.10000038  0.0   1
     2768  -1.6402751  101.1391032    3.06707     -144.2       42.4      444.1     24.3     14.0     13.1 2023  1 20 19 20 39.81999969  0.0   1
     2769  -1.6426050  101.1419434    3.21347      172.5     -215.3      590.5     29.5     14.4     13.7 2023  1 20 19 21  7.40000010  0.0   1
     2770  -1.6398942  101.1428874    3.01086      276.8       84.5      387.9     33.3     15.6     14.0 2023  1 20 19 21 18.81999969  0.0   1
     2771  -1.6396657  101.1466227    2.86172      692.7      109.7      238.8     24.2     18.1     13.6 2023  1 20 19 21 59.91999817  0.0   1
     2772  -1.6427570  101.1474854    4.06773      788.4     -232.1     1444.8     30.8     19.5     21.5 2023  1 20 19 22 12.19999981  0.0   1
     2773  -1.6400703  101.1588542    2.35024     2053.5       65.0     -272.7     19.8     26.7     17.6 2023  1 20 19 22 39.93999863  0.0   1
     2774  -1.6413376  101.1383382    3.38260     -228.7      -75.1      759.7     29.2     12.9     14.8 2023  1 20 19 22 45.40000153  0.0   1
     2775  -1.6440449  101.1323161    2.83951     -899.1     -374.5      216.6     21.4     14.5      9.0 2023  1 20 19 23  1.05999994  0.0   1
     2776  -1.6464823  101.1496257    2.37055     1027.3     -644.0     -252.4     19.3     14.2     14.7 2023  1 20 19 23  6.86000013  0.0   1
     2777  -1.6405149  101.1389242    2.67418     -163.9       15.9       51.2     25.1     19.8     15.1 2023  1 20 19 24 26.95999908  0.0   1
     2778  -1.6456449  101.1285645    2.60758    -1316.3     -551.4      -15.4     49.6     30.8     40.2 2023  1 20 19 24 30.94000053  0.0   1
     2779  -1.6482235  101.1515055    2.66629     1235.9     -836.5       43.3     70.0     59.7     44.5 2023  1 20 19 24 45.20000076  0.0   1
     2780  -1.6473381  101.1436035    2.06591      356.4     -738.6     -557.0     34.3      7.9     15.7 2023  1 20 19 24 52.18000031  0.0   1
     2782  -1.6376592  101.1481527    2.63835      862.7      331.6       15.4     19.1     12.7      9.0 2023  1 20 19 25 16.07999992  0.0   1
     2783  -1.6509778  101.1255778    1.82619    -1649.0    -1141.1     -796.8     39.5     26.1     40.0 2023  1 20 19 26 19.50000000  0.0   1
     2784  -1.6338238  101.1540934    2.78615     1523.6      755.7      163.2     26.3     25.4     21.0 2023  1 20 19 26 40.24000168  0.0   1
     2785  -1.6442582  101.1476074    3.88143      802.6     -398.1     1258.5     55.6     43.5     31.8 2023  1 20 19 26 53.72000122  0.0   1
     2786  -1.6436284  101.1410889    2.64239       76.8     -328.4       19.4     34.5     11.1     15.2 2023  1 20 19 28  3.14000010  0.0   1
     2787  -1.6412510  101.1415771    2.65521      131.2      -65.5       32.3     29.0      9.3     11.2 2023  1 20 19 28 27.34000015  0.0   1
     2788  -1.6399261  101.1445638    3.02490      463.9       81.0      402.0     19.3     20.7     14.8 2023  1 20 19 28 29.31999969  0.0   1
     2789  -1.6434919  101.1324300    2.34984     -886.6     -313.3     -273.1     45.7     27.7     43.6 2023  1 20 19 28 39.91999817  0.0   1
     2790  -1.6478836  101.1389567    3.18892     -160.7     -798.9      566.0     25.3     12.1     15.0 2023  1 20 19 29 12.73999977  0.0   1
     2791  -1.6432194  101.1413493    2.94553      106.0     -283.2      322.6     21.4     10.2     13.2 2023  1 20 19 29 38.18000031  0.0   1
     2792  -1.6426136  101.1480876    2.73961      855.6     -216.2      116.7     16.2     13.6     10.6 2023  1 20 19 30 28.65999985  0.0   1
     2793  -1.6410474  101.1426432    2.77950      250.1      -43.0      156.6     22.4     15.2     11.9 2023  1 20 19 30 43.77999878  0.0   1
     2794  -1.6486219  101.1295736    2.33961    -1204.7     -880.6     -283.3     31.0     18.6     25.5 2023  1 20 19 30 58.61999893  0.0   1
     2795  -1.6336105  101.1552002    2.15096     1647.1      779.3     -472.0     16.1     55.1     22.9 2023  1 20 19 31  4.38000011  0.0   1
     2796  -1.6447814  101.1341390    2.20497     -696.5     -455.9     -418.0     38.3     17.8     15.9 2023  1 20 19 31  9.84000015  0.0   1
     2797  -1.6437543  101.1433512    3.08669      328.8     -342.3      463.7     16.5     13.2     14.7 2023  1 20 19 31 49.70000076  0.0   1
     2798  -1.6411718  101.1495036    3.15076     1013.0      -56.8      527.8     17.7     12.6     10.1 2023  1 20 19 32  3.83999991  0.0   1
     2799  -1.6424412  101.1468343    2.64974      716.2     -197.2       26.8     29.5     21.3     13.9 2023  1 20 19 32  9.02000046  0.0   1
     2800  -1.6393993  101.1401855    2.90592      -23.5      139.2      283.0     19.6     12.2     10.9 2023  1 20 19 32 20.89999962  0.0   1
     2801  -1.6417464  101.1388753    2.79178     -168.9     -120.3      168.8     29.3     11.3      9.0 2023  1 20 19 32 52.88000107  0.0   1
     2802  -1.6411116  101.1425863    2.71484      243.6      -50.1       91.9     27.9     10.9     13.2 2023  1 20 19 32 59.25999832  0.0   1
     2803  -1.6418006  101.1413330    2.93254      103.8     -126.3      309.6     24.3     11.5     10.1 2023  1 20 19 33  9.80000019  0.0   1
     2804  -1.6466203  101.1340088    2.69834     -710.8     -659.3       75.4     41.0     17.4     13.3 2023  1 20 19 33 34.56000137  0.0   1
     2805  -1.6396034  101.1523193    2.89442     1326.4      116.6      271.5     22.9     16.1     14.1 2023  1 20 19 33 48.00000000  0.0   1
     2806  -1.6450049  101.1478760    3.06438      832.0     -480.6      441.4     16.7     12.6     12.1 2023  1 20 19 33 53.97999954  0.0   1
     2807  -1.6423623  101.1432699    2.70005      319.8     -188.4       77.1     31.3     24.7     18.0 2023  1 20 19 34 15.69999981  0.0   1
     2808  -1.6430317  101.1281494    1.71220    -1362.7     -262.4     -910.7     15.7     13.2     14.6 2023  1 20 19 34 33.22000122  0.0   1
     2809  -1.6482704  101.1313558    2.44911    -1006.5     -841.7     -173.8     45.0     25.0     31.2 2023  1 20 19 34 48.20000076  0.0   1
     2810  -1.6417217  101.1409749    2.38923       64.7     -117.6     -233.7     20.9     18.4     15.0 2023  1 20 19 34 58.11999893  0.0   1
     2811  -1.6417934  101.1418701    3.39261      163.8     -125.5      769.7     38.2     28.1     19.4 2023  1 20 19 35 21.10000038  0.0   1
     2812  -1.6440024  101.1376383    2.76535     -306.9     -369.8      142.4     32.2     21.4     24.2 2023  1 20 19 35 48.25999832  0.0   1
     2813  -1.6369223  101.1451172    2.83918      525.5      413.1      216.2     19.1     14.2     11.2 2023  1 20 19 36 32.65999985  0.0   1
     2814  -1.6408761  101.1432373    3.11870      316.1      -24.1      495.8     23.5     12.1     13.3 2023  1 20 19 36 50.90000153  0.0   1
     2815  -1.6376466  101.1420247    2.90887      181.3      333.0      285.9     20.8      9.0     11.7 2023  1 20 19 43 50.43999863  0.0   1
     2816  -1.6378779  101.1428955    3.32172      277.9      307.4      698.8     23.5     15.4     12.8 2023  1 20 19 43 54.97999954  0.0   1
     2817  -1.6379495  101.1442790    3.00439      432.4      299.5      381.5     19.9     17.1     12.0 2023  1 20 19 49 56.54000092  0.0   1
     2818  -1.6391982  101.1356120    3.27811     -532.5      161.4      655.2     49.0     24.3     16.1 2023  1 20 19 53 30.76000023  0.0   1
     2819  -1.6399175  101.1397380    2.84788      -73.3       81.9      224.9     24.3     14.6     12.7 2023  1 20 19 57 15.27999973  0.0   1
     2820  -1.6396530  101.1449951    2.66265      511.8      111.1       39.7     22.6     12.0     12.2 2023  1 20 19 57 23.65999985  0.0   1
     2821  -1.6351988  101.1460612    2.97741      630.7      603.7      354.5     22.8     16.6     11.0 2023  1 20 20 23  4.65999985  0.0   1
     2822  -1.6380320  101.1423747    3.07524      220.0      290.4      452.3     29.3     13.8     12.9 2023  1 21  1 56 37.25000000  0.0   1
     2823  -1.6455261  101.1469320    2.82309      726.9     -538.3      200.1     20.2     14.2     11.6 2023  1 30 17 30  4.76000023  0.0   1
     2824  -1.6466387  101.1373698    2.80791     -337.0     -661.3      185.0     26.0     13.9     19.1 2023  1 30 17 30 40.74000168  0.0   1
     2825  -1.6468718  101.1236654    2.04537    -1861.5     -687.1     -577.6     33.0     29.3     35.4 2023  2 18 22 35 10.69999981  0.0   1
     2826  -1.6461257  101.1411133    3.05312       79.7     -604.6      430.2     53.0     15.6     22.3 2023  2 18 22 38 25.92000008  0.0   1
     2827  -1.6458542  101.1376790    2.79146     -302.3     -574.5      168.5     24.2     14.7     18.2 2023  2 18 22 38 33.40000153  0.0   1
     2828  -1.6484325  101.1311768    2.27483    -1025.8     -859.6     -348.1     48.3     23.6     22.7 2023  2 18 22 39  5.48000002  0.0   1
     2829  -1.6443099  101.1321533    2.34803     -916.9     -403.8     -274.9     20.4     13.9     16.5 2023  2 26 15 14 57.77000046  0.0   1
     2830  -1.6506222  101.1321859    2.11549     -913.6    -1101.8     -507.4     19.0     11.3     12.4 2023  2 27 22 34 11.93999958  0.0   1
     2831  -1.6430635  101.1431315    2.90141      303.9     -266.0      278.5     21.8     14.2     12.2 2023  2 27 22 34 17.97999954  0.0   1
     2832  -1.6521898  101.1331624    2.23596     -804.7    -1275.1     -387.0     25.1     12.7     14.3 2023  2 27 22 34 39.31999969  0.0   1
     2833  -1.6468847  101.1341146    2.64649     -698.8     -688.5       23.6     17.2     12.6      9.5 2023  2 27 22 34 42.22000122  0.0   1
     2834  -1.6394796  101.1409993    2.52146       66.7      130.3     -101.5     23.9     13.5     11.8 2023  3  8  4 53 44.11000061  0.0   1
     2835  -1.6438663  101.1385335    2.94753     -207.3     -354.7      324.6     29.3     15.5     13.3 2023  3 12 23 29 24.12000084  0.0   1
     2836  -1.6421570  101.1369303    3.10646     -385.7     -165.7      483.5     31.2     13.6     12.1 2023  3 19 14 58 26.79999924  0.0   1
     2837  -1.6447039  101.1443359    3.12913      438.4     -447.4      506.2     23.6     20.3     17.0 2023  3 19 14 58 27.35000038  0.0   1
     2838  -1.6436536  101.1452799    2.96905      543.3     -331.2      346.1     20.7     21.7     17.9 2023  3 19 14 58 41.38999939  0.0   1
     2839  -1.6415867  101.1396810    3.18532      -80.1     -102.7      562.4     60.8     24.6     18.4 2023  3 19 14 59  5.11999989  0.0   1
     2840  -1.6420504  101.1330892    3.02049     -813.0     -154.0      397.5     17.3     12.3      9.7 2023  3 19 15  0 56.34000015  0.0   1
     2841  -1.6415928  101.1458252    3.02438      604.4     -103.3      401.4     17.4     14.9     11.7 2023  3 19 15  7 48.63000107  0.0   1
     2842  -1.6380108  101.1473877    2.94715      778.0      292.7      324.2     17.7     12.7     11.9 2023  3 19 15  8  6.13999987  0.0   1
     2843  -1.6418559  101.1455973    2.70554      578.9     -132.4       82.6     28.4     12.0     15.5 2023  3 19 15  8 45.77000046  0.0   1
     2844  -1.6420831  101.1487223    2.52076      926.3     -157.6     -102.2     18.4     18.3     18.0 2023  3 19 15 10  1.89999998  0.0   1
     2845  -1.6399427  101.1442057    3.29925      424.0       79.1      676.3     23.3     12.5     13.7 2023  3 19 15 10 17.05999947  0.0   1
     2846  -1.6475249  101.1407471    3.20914       38.8     -759.3      586.2     29.8     12.3     14.7 2023  3 19 15 10 42.45999908  0.0   1
     2847  -1.6430013  101.1510173    3.58086     1181.8     -259.1      957.9     21.2     29.6     17.8 2023  3 19 15 12  7.92000008  0.0   1
     2848  -1.6452747  101.1389730    3.17704     -158.7     -510.5      554.1     40.3     22.8     19.4 2023  3 19 15 12 41.66999817  0.0   1
     2849  -1.6441387  101.1436279    3.06782      359.6     -384.8      444.9     33.7     12.8     12.5 2023  3 19 15 13  3.02999997  0.0   1
     2850  -1.6471245  101.1410889    3.23316       76.6     -715.0      610.2     26.3     14.1     14.9 2023  3 19 15 13 29.22999954  0.0   1
     2851  -1.6484491  101.1348145    3.24905     -621.7     -861.5      626.1     45.0     35.0     29.6 2023  3 19 15 14 14.53999996  0.0   1
     2852  -1.6444803  101.1287191    2.40572    -1299.1     -422.6     -217.2     15.3     13.3      9.8 2023  3 19 15 14 23.75000000  0.0   1
     2853  -1.6443272  101.1401611    2.60122      -26.2     -405.7      -21.7     17.4     11.3      8.4 2023  3 19 15 17  0.95999998  0.0   1
     2854  -1.6446016  101.1411214    2.72950       80.2     -436.0      106.6     14.1     10.9     13.8 2023  3 19 15 17 15.43000031  0.0   1
     2855  -1.6433633  101.1400472    2.67877      -38.6     -299.1       55.8     42.0     15.2     15.2 2023  3 19 15 17 23.26000023  0.0   1
     2856  -1.6457300  101.1347982    2.95297     -623.4     -560.8      330.0     32.5     13.9     14.0 2023  3 19 15 17 27.55999947  0.0   1
     2857  -1.6433024  101.1369548    2.60758     -382.8     -292.4      -15.4     24.8     12.0     14.5 2023  3 19 15 17 37.34000015  0.0   1
     2858  -1.6448652  101.1440348    2.65827      404.4     -465.2       35.3     17.1     20.0     16.0 2023  3 30 10 37 55.43000031  0.0   1
     2859  -1.6429618  101.1461914    2.78563      644.6     -254.7      162.7     15.1     12.2     10.5 2023  3 30 10 38 31.47999954  0.0   1
     2860  -1.6454514  101.1358968    2.95712     -501.1     -530.0      334.2     33.8     14.2     16.2 2023  3 30 10 38 50.88000107  0.0   1
     2861  -1.6450108  101.1428223    3.19733      270.2     -481.3      574.4     28.7     10.2     12.1 2023  3 30 10 38 55.63999939  0.0   1
     2862  -1.6435106  101.1428548    2.43941      273.4     -315.4     -183.5     14.0     13.3     11.7 2023  3 30 10 39 42.11999893  0.0   1
     2863  -1.6435375  101.1383301    3.40243     -229.8     -318.4      779.5     31.1     12.2     11.5 2023  3 30 10 39 48.84999847  0.0   1
     2864  -1.6422132  101.1432210    2.69363      314.2     -171.9       70.7     17.0     13.1     12.2 2023  3 30 10 40  7.73999977  0.0   1
     2865  -1.6421174  101.1391032    2.75824     -143.8     -161.4      135.3     47.7     17.1     14.9 2023  3 30 10 40 14.48999977  0.0   1
     2866  -1.6405848  101.1371012    2.66035     -366.7        8.1       37.4     18.9     15.4     11.5 2023  3 30 10 40 28.92000008  0.0   1
     2867  -1.6458575  101.1392415    2.87562     -129.0     -574.9      252.7     32.9     19.9     17.2 2023  3 30 10 40 36.38999939  0.0   1
     2868  -1.6443401  101.1475098    2.46772      791.2     -407.1     -155.2     17.0     13.1     14.7 2023  3 30 10 40 42.43999863  0.0   1
     2869  -1.6545598  101.1325358    2.90311     -874.9    -1537.2      280.2     34.1     19.5     31.9 2023  3 30 10 41  9.31999969  0.0   1
     2870  -1.6409265  101.1412272    2.95811       92.8      -29.7      335.2     24.7     10.9     10.4 2023  3 30 10 41 20.13999939  0.0   1
     2871  -1.6480450  101.1358805    3.08133     -502.9     -816.8      458.4     27.1     12.4     11.1 2023  3 30 10 41 29.93000031  0.0   1
     2872  -1.6454721  101.1323893    2.29422     -891.3     -532.3     -328.7     15.2     11.6      9.8 2023  3 30 10 42  3.19000006  0.0   1
     2873  -1.6434213  101.1418050    2.69253      156.6     -305.5       69.6     21.2     11.8      8.6 2023  3 30 10 42 11.61999989  0.0   1
     2874  -1.6413347  101.1393311    2.99392     -119.0      -74.8      371.0     32.6     32.0     17.9 2023  3 30 10 45 34.45999908  0.0   1
     2875  -1.6438132  101.1319743    2.97793     -937.4     -348.9      355.0     16.1     11.6      9.4 2023  3 30 10 49 11.32999992  0.0   1
     2877  -1.6433032  101.1424723    2.68911      230.8     -292.5       66.2     17.6     11.8     12.8 2023  4  4 21 16 12.35999966  0.0   1
     2878  -1.6436938  101.1394043    3.13218     -110.9     -335.7      509.2     31.6     14.5     13.3 2023  4  4 21 17 38.91999817  0.0   1
     2879  -1.6468782  101.1377848    2.35494     -290.8     -687.8     -268.0     41.8     22.6     25.1 2023  4  4 21 19 37.68000031  0.0   1
     2880  -1.6445310  101.1471273    2.75779      749.2     -428.2      134.8     23.1     20.7     11.7 2023  4  4 21 20  7.90000010  0.0   1
     2881  -1.6429741  101.1379069    2.55720     -277.5     -256.1      -65.7     39.5     15.5     14.6 2023  4  4 21 21 24.20000076  0.0   1
     2882  -1.6455908  101.1501465    2.40162     1084.7     -545.4     -221.3     15.6     15.1     14.8 2023  4  4 21 21 37.93999863  0.0   1
     2883  -1.6494410  101.1315104    2.35501     -988.5     -971.2     -267.9     45.6     26.3     42.5 2023  4  4 21 21 52.75999832  0.0   1
     2884  -1.6496272  101.1383382    2.55511     -229.0     -991.7      -67.8     49.4     22.3     16.5 2023  4  4 21 21 54.95999908  0.0   1
     2885  -1.6436487  101.1399333    3.29978      -51.8     -330.7      676.8     18.4     11.1     14.0 2023  4  4 21 22  3.64000010  0.0   1
     2886  -1.6464260  101.1395508    2.73725      -94.0     -637.8      114.3     20.0     15.5     16.0 2023  4  7  6 28 12.28999996  0.0   1
     2889  -1.6009855  101.1214844    1.91215    -2104.8     4386.8     -710.8     83.3     72.6     63.4 2023  4 14  5 51 20.79999924  0.0   1
     2890  -1.6049357  101.1195964    2.11503    -2315.0     3950.0     -507.9     79.5     84.6     59.6 2023  4 14  5 51 25.79999924  0.0   1
     2893  -1.6397022  101.1420573    2.88495      184.4      105.7      262.0     33.3     12.5     14.0 2023  5 15 17 26 39.81999969  0.0   1
     2894  -1.6395246  101.1482259    2.89389      871.2      125.3      270.9     13.6     11.3      9.5 2023  5 15 17 32 30.39999962  0.0   1
     2895  -1.6483035  101.1397298    2.76104      -74.5     -845.4      138.1     21.5     18.4     17.6 2023  5 19 22 49 48.45999908  0.0   1
     2896  -1.6433256  101.1401774    3.05457      -24.6     -294.9      431.6     67.7     35.1     23.7 2023  5 19 22 54 49.02000046  0.0   1
     2897  -1.6409754  101.1402669    2.93953      -14.6      -35.1      316.6     19.3     15.5     11.8 2023  5 19 22 54 53.54000092  0.0   1
     2901  -1.6434390  101.1322835    2.86835     -903.2     -307.5      245.4     33.6     20.5     15.5 2023  5 27 15 42  8.60000038  0.0   1
     2903  -1.6320077  101.1269694    2.03925    -1494.3      956.5     -583.7     41.0     37.3     27.1 2023  5 28 18 49 16.21999931  0.0   1
     2905  -1.6483348  101.1228841    2.49221    -1949.1     -848.8     -130.7     28.0     22.2     20.6 2023  6  6  1 40 44.04000092  0.0   1
     2906  -1.6419392  101.1308431    2.14861    -1062.7     -141.6     -474.3     13.3     10.9     10.1 2023  6  6  1 42 24.76000023  0.0   1
     2907  -1.6448624  101.1317790    2.79419     -959.1     -464.9      171.2     23.8     14.2      9.6 2023  6  6  1 48 22.26000023  0.0   1
     2908  -1.6417175  101.1435710    2.90585      353.2     -117.1      282.9     27.6     16.0     13.5 2023  6  6  1 48 43.06999969  0.0   1
     2909  -1.6451617  101.1467367    2.99759      705.6     -498.0      374.7     21.1     10.6     12.2 2023  6  6  1 51 12.57999992  0.0   1
     2910  -1.6463086  101.1449951    3.27912      511.3     -624.8      656.2     39.1     13.3     14.2 2023  6  6  1 51 15.86999989  0.0   1
     2911  -1.6457644  101.1382813    3.00830     -235.8     -564.6      385.4     33.5     21.3     19.7 2023  6  6  1 51 30.25000000  0.0   1
     2912  -1.6462933  101.1436117    3.36546      358.1     -623.1      742.5     28.5     13.5     14.3 2023  6  6  1 52 19.11000061  0.0   1
     2913  -1.6444714  101.1387858    3.14614     -179.5     -421.6      523.2     23.5     15.4     13.4 2023  6  6  1 52 40.33000183  0.0   1
     2914  -1.6430892  101.1420817    3.53123      187.6     -268.8      908.3     38.9     24.5     20.2 2023  6  6  1 52 50.29999924  0.0   1
     2915  -1.6474052  101.1324544    3.05298     -883.9     -746.0      430.0     15.8     11.7     11.6 2023  6  6  1 53 28.01000023  0.0   1
     2916  -1.6501097  101.1435303    2.94084      349.0    -1045.1      317.9     35.2     27.5     31.1 2023  6  6  1 54  5.28999996  0.0   1
     2917  -1.6469411  101.1424398    2.83709      227.2     -694.7      214.1     23.2     12.2     13.2 2023  6  6  1 54 28.88999939  0.0   1
     2918  -1.6435679  101.1260824    3.09470    -1592.4     -321.7      471.8     27.4     23.7     20.8 2023  6  6  1 54 37.52999878  0.0   1
     2919  -1.6451509  101.1548665    3.11821     1610.1     -496.8      495.3     26.5     18.0     16.0 2023  6  6  1 54 44.18999863  0.0   1
     2921  -1.6467716  101.1230713    1.48589    -1928.3     -676.0    -1137.1     24.1     22.0     27.8 2023  6  6  1 55 12.25000000  0.0   1
     2922  -1.6428626  101.1347168    3.17372     -632.1     -243.7      550.8     35.2     17.3     17.9 2023  6  6  1 55 25.79999924  0.0   1
     2923  -1.6460953  101.1385091    2.76558     -209.9     -601.2      142.6     23.9     11.2     10.4 2023  6  6  1 55 44.54999924  0.0   1
     2924  -1.6436724  101.1368001    3.21443     -400.6     -333.3      591.5     25.8     12.5     13.0 2023  6  6  1 55 52.50999832  0.0   1
     2925  -1.6398370  101.1392904    3.08372     -123.2       90.8      460.8     29.7     16.3     16.1 2023  6  6  1 56  1.14999998  0.0   1
     2926  -1.6456944  101.1465169    3.69181      680.8     -556.9     1068.9     19.8     27.0     17.5 2023  6  6  1 56  8.31999969  0.0   1
     2927  -1.6505543  101.1217611    0.67901    -2073.3    -1094.3    -1943.9     33.7     30.0     57.4 2023  6  6  1 56 16.76000023  0.0   1
     2928  -1.6432692  101.1406494    3.00453       28.3     -288.7      381.6     42.8     13.3     14.3 2023  6  6  1 56 29.04999924  0.0   1
     2929  -1.6489852  101.1224447    1.77331    -1997.9     -920.7     -849.6     25.3     22.5     31.8 2023  6  6  1 56 36.79000092  0.0   1
     2930  -1.6405954  101.1426758    3.01696      253.3        6.9      394.0     30.5     10.3     12.1 2023  6  6  1 57 14.22000027  0.0   1
     2931  -1.6414647  101.1367188    2.84371     -409.4      -89.2      220.8     39.6     15.5      9.8 2023  6  6  1 57 25.55999947  0.0   1
     2932  -1.6387938  101.1443929    2.61698      444.2      206.1       -6.0     29.6     16.8     12.3 2023  6  6  1 57 28.88999939  0.0   1
     2933  -1.6402796  101.1382650    2.55350     -237.4       41.9      -69.4     17.5     14.0     13.2 2023  6  6  1 57 37.61999893  0.0   1
     2934  -1.6435450  101.1387207    3.59408     -186.7     -319.2      971.1     34.8     20.2     16.8 2023  6  6  1 57 45.38000107  0.0   1
     2935  -1.6362259  101.1349772    3.02257     -603.1      490.1      399.6     49.1     34.1     23.9 2023  6  6  1 58  3.48000002  0.0   1
     2936  -1.6450263  101.1347331    3.16606     -630.3     -483.0      543.1     35.1     17.5     12.0 2023  6  6  1 58 51.29000092  0.0   1
     2937  -1.6520963  101.1455648    2.33505      575.0    -1264.8     -287.9     28.6     27.9     43.2 2023  6  6  1 59  4.92000008  0.0   1
     2938  -1.6480306  101.1224121    2.01842    -2001.0     -815.2     -604.5     58.8     56.7     69.0 2023  6  6  2  0 18.29000092  0.0   1
     2939  -1.6398571  101.1421794    2.94765      198.3       88.6      324.7     36.5     18.0     20.6 2023  6  6  2  0 50.33000183  0.0   1
     2940  -1.6434369  101.1404215    2.97401        3.1     -307.3      351.1     31.1     12.3     11.4 2023  6  6  2  1 17.14999962  0.0   1
     2941  -1.6446611  101.1418945    2.94466      166.6     -442.6      321.7     42.3     10.9     15.6 2023  6  6  2  1 29.55999947  0.0   1
     2942  -1.6414361  101.1436279    2.84679      359.8      -86.0      223.8     31.5     13.0     13.0 2023  6  6  2  1 36.97999954  0.0   1
     2943  -1.6397713  101.1478027    2.12093      824.1       98.1     -502.0     27.3     24.9     18.8 2023  6  6  2  1 54.45999908  0.0   1
     2944  -1.6399287  101.1363363    2.96575     -451.8       80.7      342.8     38.0     18.1     14.4 2023  6  6  2  2 19.39999962  0.0   1
     2945  -1.6461717  101.1371989    2.49539     -356.1     -609.6     -127.6     44.4     33.7     28.1 2023  6  6  2  3 32.54000092  0.0   1
     2946  -1.6475482  101.1438639    2.93615      385.9     -761.9      313.2     22.0     14.9     11.6 2023  6  6  2  5 16.29999924  0.0   1
     2947  -1.6318176  101.1443685    2.58988      442.2      977.5      -33.1     34.8     27.7     18.2 2023  6  6  2 11 56.61000061  0.0   1
     2948  -1.6411065  101.1392171    3.04516     -131.4      -49.6      422.2     41.5     18.5     16.9 2023  6  6  2 57 14.14999962  0.0   1
     2949  -1.6409150  101.1433431    2.98010      327.4      -28.4      357.2     15.4     13.5     10.2 2023  6  6  2 57 29.37000084  0.0   1
     2950  -1.6400915  101.1510417    2.84821     1184.3       62.7      225.3     24.8     14.3     13.7 2023  6  6  2 57 54.09999847  0.0   1
     2951  -1.6360790  101.1468018    1.85627      712.4      506.3     -766.7     21.0     27.1     15.9 2023  6  6  2 58  2.06999993  0.0   1
     2952  -1.6405067  101.1525798    1.96076     1355.4       16.7     -662.2     17.4     16.5     19.9 2023  6  6  2 58 17.95000076  0.0   1
     2953  -1.6459554  101.1440918    2.57595      411.1     -585.7      -47.0     46.1     16.6     17.0 2023  6  6  2 58 41.36999893  0.0   1
     2954  -1.6439740  101.1472819    2.67313      765.7     -366.6       50.2     17.4     10.1      9.7 2023  6  6  2 59 47.00999832  0.0   1
     2955  -1.6431337  101.1356364    3.14112     -529.4     -273.7      518.2     45.8     30.7     36.2 2023  6  6 22 40 15.80000019  0.0   1
     2962  -1.6423637  101.1397542    2.50836      -71.6     -188.6     -114.6     32.2     10.4      9.5 2023  7  4 19 19 48.45999908  0.0   1
     2967  -1.6429019  101.1109456    2.69952    -3277.4     -248.1       76.6     45.5     32.9     37.3 2023  7 14 23 38 10.26000023  0.0   1
     2968  -1.6419376  101.1366455    2.78307     -417.5     -141.5      160.1     38.8     13.0     19.8 2023  7 15  2  2 49.29000092  0.0   1
     2969  -1.6417899  101.1344320    2.75795     -663.6     -125.1      135.0     36.9     14.8     14.1 2023  7 15  2  5 39.86000061  0.0   1
     2972  -1.6390456  101.1347412    2.68441     -629.0      178.3       61.5     16.7     11.3      7.1 2023  7 15  9 27  6.65999985  0.0   1
     2973  -1.6404376  101.1430176    2.72170      291.5       24.4       98.8     19.5     19.8     13.8 2023  7 15  9 29 55.13999939  0.0   1
     2974  -1.6417355  101.1429118    2.60234      279.6     -119.1      -20.6     13.3     15.1     12.2 2023  7 15  9 30  2.75999999  0.0   1
     2975  -1.6417334  101.1407878    2.72516       43.2     -118.9      102.2     25.7     11.5     11.1 2023  7 15  9 30 27.43000031  0.0   1
     2976  -1.6410726  101.1396159    2.48725      -86.9      -45.8     -135.7     27.1     11.4     10.4 2023  7 15  9 31 39.70999908  0.0   1
     2977  -1.6347216  101.1185547    1.81556    -2430.7      656.4     -807.4     47.3     45.8     48.8 2023  7 17 15  4 33.40000153  0.0   1
     2978  -1.6378098  101.1424967    2.63095      233.3      315.0        8.0     28.9     14.9     13.1 2023  7 19  2  5 31.29000092  0.0   1
     2979  -1.6386347  101.1437174    3.24646      369.9      223.7      623.5     27.0     16.6     16.6 2023  7 19  2 18 47.72999954  0.0   1
     2980  -1.6443970  101.1373535    3.13835     -338.3     -413.4      515.4     36.5     11.7     11.6 2023  7 19  2 21  5.59999990  0.0   1
     2981  -1.6355998  101.1571452    2.68795     1864.0      559.3       65.0     14.4     27.6     12.2 2023  7 19  2 21  8.77999973  0.0   1
     2982  -1.6387712  101.1417969    3.13347      156.2      208.7      510.5     22.3     20.9     13.9 2023  7 19  2 59 40.54000092  0.0   1
     2983  -1.6384187  101.1420898    2.82759      188.7      247.6      204.7     19.1     11.3      9.5 2023  7 19  3  0  3.86999989  0.0   1
     2984  -1.6386880  101.1441650    2.45450      418.9      217.8     -168.4     25.4     25.4     17.0 2023  7 19  3  0 15.28999996  0.0   1
     2985  -1.6366506  101.1435791    2.57580      354.2      443.1      -47.1     22.2     18.8     15.9 2023  7 19  3  0 25.79000092  0.0   1
     2986  -1.6408583  101.1397624    3.17439      -71.0      -22.1      551.4     24.0     13.9     13.5 2023  7 19  3  1  0.31999999  0.0   1
     2987  -1.6449525  101.1431071    2.74679      301.2     -474.8      123.8     30.9     13.3     12.5 2023  7 19  3  1 12.77000046  0.0   1
     2988  -1.6402433  101.1427653    2.52836      263.8       45.9      -94.6     24.8     12.0     13.9 2023  7 19  3  1 20.85000038  0.0   1
     2989  -1.6385630  101.1334229    3.02665     -776.0      231.7      403.7     16.7     13.2      8.9 2023  7 19  3  1 31.04999924  0.0   1
     2990  -1.6418908  101.1449056    2.81312      501.8     -136.3      190.2     20.6     19.8     15.9 2023  7 19  3  1 58.95000076  0.0   1
     2991  -1.6402594  101.1422445    3.27312      205.7       44.1      650.2     24.8     18.7     15.9 2023  7 19  3  2 24.22999954  0.0   1
     2992  -1.6404388  101.1364746    2.84119     -436.3       24.3      218.2     21.6     19.9     15.2 2023  7 19  3  2 31.32999992  0.0   1
     2994  -1.6440543  101.1520426    2.71269     1296.1     -375.5       89.7     18.0     21.0     15.1 2023  7 19  3  3  5.17000008  0.0   1
     2995  -1.6426399  101.1410075    2.76208       67.5     -219.1      139.1     31.4     11.0     10.8 2023  7 19  3  3 49.45000076  0.0   1
     2996  -1.6368019  101.1446777    2.87287      476.7      426.4      249.9     21.4     17.1      8.7 2023  7 19  3  4 25.73999977  0.0   1
     2997  -1.6362640  101.1371257    2.73403     -364.2      485.9      111.1     21.9     16.6     10.0 2023  7 19  3  4 42.90000153  0.0   1
     2998  -1.6382627  101.1372640    3.04686     -348.5      264.9      423.9     26.0     12.5     12.0 2023  7 19  3  4 47.33000183  0.0   1
     2999  -1.6368376  101.1344564    3.30514     -661.3      422.5      682.2     51.1     33.9     18.5 2023  7 19  3  5 55.38999939  0.0   1
     3000  -1.6391008  101.1462402    2.65553      649.8      172.2       32.6     15.2     15.0     13.2 2023  7 19  3  6 34.20999908  0.0   1
     3001  -1.6389467  101.1426270    2.68588      247.8      189.2       62.9     15.3     13.4     12.8 2023  7 19  3  7 18.03000069  0.0   1
     3002  -1.6452552  101.1405436    2.67848       16.4     -508.3       55.5     31.5     12.9     15.6 2023  7 19  3  7 20.17000008  0.0   1
     3003  -1.6364081  101.1495768    3.04624     1021.6      470.0      423.3     23.8     14.8     11.0 2023  7 19  3  8 37.70999908  0.0   1
     3004  -1.6397378  101.1428548    2.98675      273.1      101.8      363.8     21.2     11.4     11.5 2023  7 19  3 10 29.87999916  0.0   1
     3005  -1.6380867  101.1437826    2.68718      376.8      284.3       64.2     15.4     13.7     11.0 2023  7 19  3 11  7.88000011  0.0   1
     3006  -1.6374176  101.1363037    2.85052     -455.1      358.3      227.6     22.2     16.5     10.4 2023  7 19  3 12 10.78999996  0.0   1
     3007  -1.6415597  101.1518555    2.96090     1275.2      -99.7      338.0     13.5     15.7     13.3 2023  7 19  3 14 29.62999916  0.0   1
     3008  -1.6395660  101.1469482    2.21273      729.2      120.8     -410.2     14.1     12.0     13.2 2023  7 19  3 14 38.36000061  0.0   1
     3009  -1.6408479  101.1392741    2.37711     -125.2      -21.0     -245.8     21.8     15.8     11.8 2023  7 19  3 17 13.86999989  0.0   1
     3010  -1.6412823  101.1435954    2.79132      355.5      -69.0      168.4     22.5     20.7     14.0 2023  7 19  3 22  8.31999969  0.0   1
     3011  -1.6377543  101.1425456    2.74150      238.7      321.1      118.6     17.6     19.4     12.1 2023  7 19  3 23  0.50000000  0.0   1
     3012  -1.6400002  101.1438151    2.47436      380.4       72.8     -148.6     10.9     10.9     12.7 2023  7 19  3 23 19.36000061  0.0   1
     3013  -1.6414698  101.1400553    2.67294      -38.0      -89.7       50.0     19.5     10.2     12.5 2023  7 19  3 23 22.77000046  0.0   1
     3014  -1.6384365  101.1406494    2.85291       28.4      245.7      230.0     25.4     13.5     10.2 2023  7 19  3 23 38.40000153  0.0   1
     3015  -1.6392516  101.1419027    2.55504      167.1      155.5      -67.9     21.5     11.5     12.6 2023  7 19  3 24  8.73999977  0.0   1
     3016  -1.6388116  101.1395426    2.57874      -95.3      204.2      -44.2     31.2     14.2     13.3 2023  7 19  3 24 11.84000015  0.0   1
     3017  -1.6428624  101.1426595    2.94307      251.4     -243.7      320.1     32.5     13.7     10.0 2023  7 19  3 24 18.10000038  0.0   1
     3018  -1.6378675  101.1408447    2.54922       49.8      308.6      -73.7     18.4     15.1     11.8 2023  7 19  3 26 25.94000053  0.0   1
     3019  -1.6428913  101.1348145    2.78881     -621.0     -246.9      165.9     35.4     20.2     19.0 2023  7 19  3 26 54.45000076  0.0   1
     3020  -1.6407692  101.1419434    2.88641      172.2      -12.3      263.5     29.6     26.9     17.4 2023  7 19  3 28  6.32000017  0.0   1
     3021  -1.6352423  101.1406738    2.99074       30.4      598.9      367.8     23.9     21.4     12.9 2023  7 19  3 28 11.30000019  0.0   1
     3022  -1.6403776  101.1553223    2.62356     1660.8       31.0        0.6     14.8     20.4     15.8 2023  7 19  3 29  4.26999998  0.0   1
     3023  -1.6460815  101.1335286    2.50576     -764.1     -599.7     -117.2     20.1     12.5     11.7 2023  7 19  3 30 50.99000168  0.0   1
     3024  -1.6475761  101.1374268    2.50889     -330.8     -764.9     -114.1     24.4     14.5     10.5 2023  7 19  3 37 19.65999985  0.0   1
     3025  -1.6433346  101.1410970    2.85412       77.7     -295.9      231.2     28.6     11.4     11.9 2023  7 19  3 39 24.28000069  0.0   1
     3026  -1.6452011  101.1284505    2.47162    -1329.3     -502.3     -151.3     29.9     25.3     19.2 2023  7 19  3 48 22.11000061  0.0   1
     3027  -1.6395430  101.1367920    3.08788     -400.7      123.3      464.9     39.8     16.1     15.2 2023  7 19 19  1 51.08000183  0.0   1
     3028  -1.6433336  101.1331868    2.54213     -802.4     -295.8      -80.8     43.9     15.1     15.5 2023  7 20  1 15 46.22999954  0.0   1
     3029  -1.6415162  101.1319499    2.25189     -940.3      -94.9     -371.0     26.1     16.0     15.0 2023  7 20  1 16 25.07999992  0.0   1
     3030  -1.6387604  101.1244059    2.96485    -1779.9      209.9      341.9     44.3     40.1     33.2 2023  7 20  1 18 27.22999954  0.0   1
     3031  -1.6431920  101.1406657    2.47900       30.1     -280.2     -143.9     19.1      9.3     13.4 2023  7 20 16 59 18.79999924  0.0   1
     3032  -1.6400148  101.1376221    2.67106     -308.9       71.1       48.1     33.7     15.3     13.0 2023  7 21  6 50 53.00999832  0.0   1
     3033  -1.6529205  101.1325033    2.17588     -878.2    -1355.9     -447.1     33.2     10.8     15.8 2023  7 21 12 31 45.83000183  0.0   1
     3034  -1.6457967  101.1345622    2.65347     -649.4     -568.2       30.5     29.4     13.4     15.5 2023  7 23  3 56 19.47999954  0.0   1
     3037  -1.6411575  101.1402588    1.52962      -15.1      -55.2    -1093.3     40.8     21.4     26.3 2023  7 31 23 41 35.38000107  0.0   1
     3042  -1.6427484  101.1434408    3.38256      338.4     -231.1      759.6     25.8     17.1     14.9 2023  8 25 22  0  2.96000004  0.0   1
     3043  -1.6403318  101.1440267    2.95293      404.0       36.1      330.0     30.3     12.1     13.8 2023  8 25 22  1 20.63999939  0.0   1
     3044  -1.6535353  101.1319580    2.28070     -939.2    -1423.9     -342.2     25.5     13.0     21.8 2023  8 25 22  1 29.57999992  0.0   1
     3045  -1.6388929  101.1416016    2.51078      134.2      195.2     -112.2     35.0     12.4     11.4 2023  8 25 22  1 39.70000076  0.0   1
     3046  -1.6391024  101.1400879    2.80285      -34.0      172.0      179.9     70.5     23.0     13.8 2023  8 25 22  2 23.94000053  0.0   1
     3047  -1.6407040  101.1422689    2.78937      208.3       -5.1      166.4     23.1     13.5     10.2 2023  8 25 22  2 28.13999939  0.0   1
     3048  -1.6413366  101.1475260    2.65672      793.1      -75.0       33.8     27.4     19.7     15.3 2023  8 25 22  2 42.25999832  0.0   1
     3049  -1.6438087  101.1359131    2.52116     -499.2     -348.4     -101.8     35.8     22.2     21.0 2023  8 25 22  2 51.50000000  0.0   1
     3050  -1.6405229  101.1424398    2.88653      226.9       15.0      263.6     26.6     12.2     10.1 2023  8 25 22  2 58.43999863  0.0   1
     3051  -1.6395527  101.1498454    1.82954     1051.0      122.2     -793.4     32.6     21.3     19.4 2023  8 25 22  3 19.87999916  0.0   1
     3052  -1.6392307  101.1386882    2.68618     -189.9      157.8       63.2     29.7     13.2      9.9 2023  8 25 22  3 24.92000008  0.0   1
     3054  -1.6451855  101.1441081    2.64436      413.3     -500.6       21.4     41.1     18.9     22.2 2023  8 25 22  3 32.50000000  0.0   1
     3055  -1.6438204  101.1392090    3.11497     -132.3     -349.7      492.0     31.0     14.7     13.5 2023  8 25 22  3 45.52000046  0.0   1
     3056  -1.6481790  101.1244954    2.10130    -1769.6     -831.6     -521.6     21.3     20.4     19.7 2023  8 25 22  4 22.10000038  0.0   1
     3057  -1.6445394  101.1469564    3.24565      730.2     -429.2      622.7     17.6     12.3     12.8 2023  8 25 22  4 39.36000061  0.0   1
     3058  -1.6429810  101.1382080    3.22187     -243.8     -256.8      598.9     29.1     10.9     16.0 2023  8 25 22  4 42.74000168  0.0   1
     3059  -1.6394426  101.1511963    2.48726     1201.7      134.4     -135.7     15.9     14.3     12.5 2023  8 25 22  5 22.65999985  0.0   1
     3060  -1.6356433  101.1573405    2.44297     1885.1      554.5     -180.0     34.3     23.8     28.7 2023  8 25 22  5 45.79999924  0.0   1
     3061  -1.6402284  101.1316243    2.99020     -976.3       47.5      367.3     40.9     19.8     34.2 2023  8 25 22  7 34.09999847  0.0   1
     3062  -1.6416609  101.1421712    2.78860      197.5     -110.9      165.7     23.7     15.1     16.1 2023  8 25 22  9 17.42000008  0.0   1
     3063  -1.6436726  101.1430664    2.59774      297.3     -333.3      -25.2     15.3     15.2     14.9 2023  8 25 22  9 21.89999962  0.0   1
     3064  -1.6388662  101.1394613    3.25771     -104.5      198.2      634.8     55.6     20.3     12.9 2023  8 25 22  9 33.65999985  0.0   1
     3065  -1.6300705  101.1685547    1.17157     3133.0     1170.7    -1451.4     51.2     67.4     86.2 2023  8 25 22  9 50.97999954  0.0   1
     3066  -1.6446974  101.1528646    2.45927     1387.4     -446.6     -163.7     20.7     18.8     15.3 2023  8 25 22 11 54.90000153  0.0   1
     3067  -1.6392267  101.1563232    2.98550     1772.4      158.3      362.6     52.0     30.1     35.5 2023  8 25 22 12 15.19999981  0.0   1
     3068  -1.6420329  101.1564290    2.27602     1783.5     -152.0     -346.9     36.5     22.4     31.9 2023  8 25 22 14 11.64000034  0.0   1
     3069  -1.6427803  101.1415771    2.48369      131.3     -234.7     -139.3     32.7     26.1     18.4 2023  8 28 21 39 39.09999847  0.0   1
     3070  -1.6473904  101.1262533    2.37769    -1573.5     -744.4     -245.2     23.1     15.0     20.3 2023  8 28 22  8 57.27999878  0.0   1
     3071  -1.6368931  101.1400391    2.63124      -39.7      416.3        8.3     22.5     20.8     15.0 2023  8 29 14 22 51.02999878  0.0   1
     3072  -1.6413310  101.1361572    2.96707     -471.9      -74.4      344.1     40.1     18.7     12.8 2023  8 29 18 13 50.74000168  0.0   1
     3074  -1.6446576  101.1462077    2.73969      646.4     -442.2      116.7     26.5     17.8     18.6 2023  8 30  1 31 17.67000008  0.0   1
     3075  -1.6438056  101.1326742    1.86891     -859.6     -348.0     -754.0     38.4     16.5     32.2 2023  8 30  5 46 14.44999981  0.0   1
     3076  -1.6385007  101.1448161    2.32772      491.3      238.6     -295.2     28.5     18.1     17.5 2023  8 30  5 46 27.07999992  0.0   1
     3077  -1.6422376  101.1450033    2.57385      512.7     -174.6      -49.1     16.0     10.5     10.8 2023  8 30  5 47  3.69000006  0.0   1
     3078  -1.6445104  101.1323079    2.58043     -900.2     -426.0      -42.5     39.5     23.4     18.8 2023  8 30  5 47  5.53999996  0.0   1
     3079  -1.6420097  101.1428223    2.57170      270.1     -149.5      -51.2     75.4     15.0     15.3 2023  8 30  5 47 14.06000042  0.0   1
     3080  -1.6443539  101.1523356    2.47866     1328.1     -408.6     -144.3     20.7     13.1     20.9 2023  8 30  5 47 22.72999954  0.0   1
     3081  -1.6410099  101.1436930    2.14153      366.4      -38.9     -481.4     36.5     22.0     21.0 2023  8 30  5 47 28.44000053  0.0   1
     3082  -1.6447678  101.1607666    0.70374     2266.4     -454.4    -1919.2     25.7     29.7     54.1 2023  8 30  5 47 37.99000168  0.0   1
     3083  -1.6430419  101.1301839    1.06432    -1136.6     -263.6    -1558.6     25.4     23.9     30.9 2023  8 30  5 47 51.20000076  0.0   1
     3084  -1.6443254  101.1437256    2.71254      370.8     -405.5       89.6     31.2     20.1     19.1 2023  8 30  5 50 22.00000000  0.0   1
     3085  -1.6412651  101.1401449    2.29804      -28.5      -67.1     -324.9     29.7     13.7     15.4 2023  8 30  5 50 28.25000000  0.0   1
     3086  -1.6460450  101.1552083    3.35158     1648.3     -595.6      728.6     31.4     20.3     18.4 2023  8 30 14 17 58.83000183  0.0   1
     3087  -1.6387777  101.1513672    2.73325     1220.7      207.9      110.3     20.0     15.7     10.9 2023  8 30 14 22 58.09000015  0.0   1
     3088  -1.6439297  101.1363932    2.03425     -445.6     -361.7     -588.7     43.4     17.4     15.8 2023  8 30 14 35 52.65000153  0.0   1
     3094  -1.6415367  101.1385661    2.50932     -204.0      -97.1     -113.6     36.0     13.5      9.6 2023  9 13 15 18 58.20999908  0.0   1
     3095  -1.6416064  101.1464762    2.44289      676.5     -104.9     -180.1     15.0     14.4     13.1 2023  9 14 16  1  7.05999994  0.0   1
     3096  -1.6407613  101.1542969    2.50610     1546.4      -11.4     -116.8     16.0     12.8     16.7 2023  9 14 16  1 16.52000046  0.0   1
     3097  -1.6447070  101.1414958    2.85562      122.5     -447.7      232.7     28.7     15.7     13.0 2023  9 14 16  1 24.82999992  0.0   1
     3098  -1.6538581  101.1358398    2.70214     -506.7    -1459.6       79.2     36.2     22.5     18.2 2023  9 14 16  3 59.18000031  0.0   1
     3099  -1.6422044  101.1414876    2.60528      121.6     -171.0      -17.7     29.1     10.8     13.5 2023  9 14 16  4  8.14000034  0.0   1
     3100  -1.6414920  101.1407064    3.28811       34.9      -92.2      665.2     62.8     34.0     27.2 2023  9 14 16  7 36.65999985  0.0   1
     3101  -1.6420058  101.1414388    2.60200      116.2     -149.0      -20.9     24.2     12.3     12.0 2023  9 14 16  7 43.02999878  0.0   1
     3102  -1.6447810  101.1264079    1.49266    -1557.0     -455.9    -1130.3     23.2     19.6     30.3 2023  9 14 16 10 57.36000061  0.0   1
     3103  -1.6453866  101.1405762    2.85858       20.1     -522.8      235.6     83.9     22.4     21.1 2023  9 14 16 11 12.31000042  0.0   1
     3104  -1.6474219  101.1524577    2.51598     1341.6     -747.9     -107.0     30.1     17.1     18.4 2023  9 14 16 11 17.97999954  0.0   1
     3105  -1.6422564  101.1402425    2.70034      -17.5     -176.7       77.4     18.5     12.9     11.5 2023  9 14 16 23 25.43000031  0.0   1
     3106  -1.6443821  101.1412272    2.81608       92.6     -411.8      193.1     36.0     12.4     15.6 2023  9 14 16 23 33.90000153  0.0   1
     3107  -1.6450120  101.1402751    2.68050      -13.8     -481.4       57.6     24.9     15.7     15.9 2023  9 14 16 23 52.75999832  0.0   1
     3108  -1.6452624  101.1355306    2.81065     -541.2     -509.1      187.7     36.9     13.9     12.6 2023  9 14 16 23 59.08000183  0.0   1
     3109  -1.6448424  101.1427490    3.00574      262.1     -462.7      382.8     24.8     14.1     12.3 2023  9 14 16 24  4.69000006  0.0   1
     3110  -1.6415314  101.1404053    2.46042        1.3      -96.6     -162.5     16.2     10.8     10.5 2023  9 14 16 24 13.52000046  0.0   1
     3111  -1.6409098  101.1425374    2.53021      238.0      -27.8      -92.7     17.4     11.4     11.9 2023  9 14 16 24 25.40999985  0.0   1
     3112  -1.6447913  101.1412679    2.60573       97.3     -457.0      -17.2     42.8     17.4     15.9 2023  9 14 16 24 54.75000000  0.0   1
     3113  -1.6449211  101.1393148    2.75844     -120.6     -471.4      135.5     34.3     12.7     13.3 2023  9 14 16 24 59.38000107  0.0   1
     3114  -1.6431248  101.1393066    2.32025     -121.1     -272.7     -302.7     24.4     14.1     13.6 2023  9 14 16 25  6.48000002  0.0   1
     3115  -1.6395892  101.1461833    2.38759      643.8      118.2     -235.3     12.5     10.7     13.1 2023  9 14 16 25 25.75000000  0.0   1
     3116  -1.6432384  101.1455973    2.44276      578.9     -285.3     -180.2     18.5     14.1     12.9 2023  9 14 16 25 28.45000076  0.0   1
     3117  -1.6450072  101.1223307    1.99103    -2010.7     -480.9     -631.9     32.7     37.5     36.5 2023  9 14 16 25 34.34999847  0.0   1
     3118  -1.6472905  101.1288167    0.98832    -1288.6     -733.4    -1633.6     36.9     28.2     43.1 2023  9 14 16 25 42.66999817  0.0   1
     3119  -1.6435170  101.1397380    2.29632      -73.7     -316.1     -326.6     40.8     14.3     12.5 2023  9 14 16 25 48.11999893  0.0   1
     3120  -1.6395545  101.1373861    2.25578     -335.3      122.0     -367.2     27.5     11.4      9.6 2023  9 14 16 25 56.81999969  0.0   1
     3121  -1.6371174  101.1437419    2.58188      372.4      391.5      -41.1     14.9     13.6     13.1 2023  9 14 16 26  2.75999999  0.0   1
     3122  -1.6386723  101.1415202    2.70504      124.7      219.6       82.1     22.9     18.1     13.0 2023  9 14 16 26 23.64999962  0.0   1
     3123  -1.6405145  101.1491130    3.13471      970.0       15.9      511.8     18.2     18.8     17.0 2023  9 14 16 26 34.95999908  0.0   1
     3124  -1.6413778  101.1428304    2.89955      270.4      -79.6      276.6     15.3     10.3     12.6 2023  9 14 16 26 48.50000000  0.0   1
     3125  -1.6454698  101.1365479    1.88455     -428.1     -532.0     -738.4     45.7     16.2     23.0 2023  9 14 16 27  6.15000010  0.0   1
     3126  -1.6436839  101.1427653    2.45937      263.5     -334.6     -163.6     52.9     11.3     14.1 2023  9 14 16 27 14.25000000  0.0   1
     3127  -1.6380904  101.1436686    2.36540      363.7      283.9     -257.5     16.0     13.7     14.8 2023  9 14 16 27 17.69000053  0.0   1
     3128  -1.6385634  101.1460286    2.12662      626.5      231.6     -496.3     18.9     18.5     19.0 2023  9 14 16 27 22.95999908  0.0   1
     3129  -1.6367616  101.1457520    2.44860      596.0      430.9     -174.3     20.9     13.4     13.4 2023  9 14 16 27 30.12000084  0.0   1
     3130  -1.6376375  101.1408122    2.97610       46.2      334.0      353.2     25.4     14.6     11.6 2023  9 14 16 27 36.08000183  0.0   1
     3131  -1.6366455  101.1507812    2.34023     1155.6      443.7     -282.7     10.4     14.4     13.7 2023  9 14 16 28  5.15999985  0.0   1
     3132  -1.6422593  101.1456217    2.43300      581.2     -177.0     -189.9     13.1      9.3     12.3 2023  9 14 16 28 10.97999954  0.0   1
     3133  -1.6412982  101.1423014    2.68795      212.2      -70.8       65.0     36.8     14.0     12.1 2023  9 14 16 28 18.73999977  0.0   1
     3134  -1.6434664  101.1522624    2.54455     1320.1     -310.5      -78.4     37.2     18.1     24.8 2023  9 14 16 28 27.96999931  0.0   1
     3135  -1.6417700  101.1464844    2.36240      677.0     -122.9     -260.5     14.4      9.1     12.6 2023  9 14 16 28 40.47999954  0.0   1
     3136  -1.6476756  101.1410075    2.05263       68.1     -775.9     -570.3     41.2     22.9     27.0 2023  9 14 16 28 47.25999832  0.0   1
     3137  -1.6439181  101.1404134    2.62193        2.2     -360.5       -1.0     20.0     16.9     18.5 2023  9 14 16 28 51.58000183  0.0   1
     3138  -1.6473267  101.1251953    1.52818    -1691.8     -737.4    -1094.8     20.5     17.9     25.3 2023  9 14 16 29 41.08000183  0.0   1
     3139  -1.6421385  101.1436198    2.45876      358.2     -163.7     -164.2     23.4     13.3     12.4 2023  9 14 16 29 46.22999954  0.0   1
     3140  -1.6437215  101.1423096    2.64574      212.9     -338.7       22.8     24.7      8.3     13.3 2023  9 14 16 29 52.25999832  0.0   1
     3141  -1.6412820  101.1456543    2.74682      585.2      -69.0      123.9     17.3     15.1     13.0 2023  9 14 16 32  8.39999962  0.0   1
     3142  -1.6406588  101.1436279    2.48453      359.6       -0.1     -138.4     12.2     11.5     12.8 2023  9 14 16 32 17.73999977  0.0   1
     3143  -1.6358905  101.1571370    2.04802     1862.5      527.2     -574.9     21.8     18.6     19.9 2023  9 14 16 32 30.69000053  0.0   1
     3144  -1.6389848  101.1416016    2.64463      133.9      185.0       21.7     17.2     12.2     11.3 2023  9 14 16 32 37.11000061  0.0   1
     3145  -1.6414190  101.1318766    2.92801     -948.2      -84.1      305.1     25.8     19.0     15.5 2023  9 14 16 32 59.11000061  0.0   1
     3146  -1.6362273  101.1536540    2.74986     1474.9      489.9      126.9     19.8     21.2     16.4 2023  9 14 16 34 11.01000023  0.0   1
     3147  -1.6414762  101.1594971    1.88140     2125.4      -90.4     -741.5     14.1     19.0     20.2 2023  9 14 16 34 40.43000031  0.0   1
     3148  -1.6392036  101.1430664    2.50965      296.9      160.8     -113.3     20.0     14.1     11.8 2023  9 14 16 34 47.56999969  0.0   1
     3149  -1.6387021  101.1567627    3.12999     1821.4      216.3      507.1     25.6     21.3     26.9 2023  9 14 16 34 58.79000092  0.0   1
     3150  -1.6474230  101.1303711    2.12478    -1115.6     -748.0     -498.2     30.1     13.4     29.0 2023  9 14 16 36 23.40999985  0.0   1
     3151  -1.6404330  101.1292236    2.22762    -1243.8       24.9     -395.3     32.8     23.2     30.6 2023  9 14 16 38 46.27000046  0.0   1
     3152  -1.6438398  101.1446533    3.30654      473.5     -351.8      683.6     31.4     10.3     14.0 2023  9 14 16 39 22.14999962  0.0   1
     3153  -1.6436924  101.1502604    2.58589     1097.4     -335.5      -37.1     13.6     10.1     12.4 2023  9 14 16 40 10.57999992  0.0   1
     3154  -1.6433748  101.1403809    2.39982       -2.2     -300.4     -223.1     35.8     16.4     20.0 2023  9 14 16 40 29.72999954  0.0   1
     3155  -1.6393107  101.1432780    2.94009      320.9      149.0      317.1     21.5     20.7     14.1 2023  9 14 16 42 57.52000046  0.0   1
     3156  -1.6422085  101.1439453    2.65075      394.5     -171.4       27.8     13.8     10.0     12.5 2023  9 14 16 43 40.40999985  0.0   1
     3157  -1.6383795  101.1423828    2.69389      220.6      252.0       70.9     31.0     20.3     14.7 2023  9 14 16 48 22.35000038  0.0   1
     3158  -1.6426298  101.1497803    2.55464     1044.4     -218.0      -68.3     29.9     19.3     19.8 2023  9 14 16 48 45.50999832  0.0   1
     3159  -1.6421237  101.1657145    0.54865     2816.8     -162.0    -2074.3     54.4     62.5    120.5 2023  9 14 16 51 31.97999954  0.0   1
     3160  -1.6450487  101.1478841    2.62968      833.3     -485.5        6.7     18.2      9.6     13.3 2023  9 14 16 56  2.07999992  0.0   1
     3161  -1.6409590  101.1452393    2.71581      538.8      -33.3       92.9     12.4     11.1     12.7 2023  9 14 17  0 13.88000011  0.0   1
     3162  -1.6333454  101.1455811    1.39061      576.7      808.6    -1232.3     23.9     19.0     18.9 2023  9 14 17 16  3.20000005  0.0   1
     3163  -1.6433105  101.1447591    2.57771      485.4     -293.3      -45.2     28.5     17.0     14.8 2023  9 14 17 16 12.60000038  0.0   1
     3164  -1.6439645  101.1373779    2.39675     -335.6     -365.6     -226.2     33.4     15.3     14.5 2023  9 14 17 16 20.60000038  0.0   1
     3165  -1.6423611  101.1364339    2.45173     -441.1     -188.3     -171.2     19.7     14.2     12.9 2023  9 14 17 22 43.41999817  0.0   1
     3166  -1.6440381  101.1387288    2.60355     -185.8     -373.7      -19.4     24.7     12.1     12.4 2023  9 14 17 23  1.67999995  0.0   1
     3167  -1.6464517  101.1396729    2.91870      -80.8     -640.6      295.8     21.0     19.6     18.9 2023  9 14 17 23  3.44000006  0.0   1
     3168  -1.6416217  101.1399170    2.72634      -53.0     -106.5      103.4     20.7     13.2      9.8 2023  9 14 17 23 38.47999954  0.0   1
     3169  -1.6448540  101.1370524    2.51206     -372.3     -464.0     -110.9     26.4     12.4     13.5 2023  9 14 17 24 47.47999954  0.0   1
     3170  -1.6425911  101.1361247    2.35849     -475.2     -213.7     -264.5     30.5     14.5     20.3 2023  9 14 18  6 58.63999939  0.0   1
     3172  -1.6422707  101.1420736    2.52969      186.8     -178.3      -93.3     22.2     14.8     15.7 2023  9 15 17 48 41.77999878  0.0   1
     3173  -1.6386143  101.1431234    2.81463      303.3      226.0      191.7     17.3     14.9     12.7 2023  9 15 17 50 48.40000153  0.0   1
     3174  -1.6449415  101.1388753    2.60556     -169.6     -473.6      -17.4     32.8     18.7     19.2 2023  9 15 17 51  9.39999962  0.0   1
     3175  -1.6359463  101.1417399    2.85393      149.0      521.0      231.0     19.4     23.1     14.5 2023  9 18  5 36 41.97999954  0.0   1
     3176  -1.6409738  101.1414958    2.86410      122.1      -34.9      241.2     23.6     12.7     13.1 2023  9 18 16 33 14.22000027  0.0   1
     3177  -1.6353409  101.1444580    3.41177      451.9      588.0      788.8     34.0     29.9     15.7 2023  9 19 22 37 53.88000107  0.0   1
     3178  -1.6407429  101.1419515    2.70845      172.6       -9.4       85.5     33.3     11.1     12.4 2023  9 20 20 41 28.63999939  0.0   1
     3179  -1.6409317  101.1451497    2.77587      529.2      -30.2      152.9     26.9     18.8     19.2 2023  9 21  3 26 18.59000015  0.0   1
     3180  -1.6394966  101.1549805    2.67236     1622.8      128.4       49.4     12.8     17.1     10.8 2023  9 21  3 26 48.38999939  0.0   1
     3181  -1.6386255  101.1449951    3.12470      511.3      224.8      501.8     28.9     17.8     13.6 2023  9 21  3 26 59.63000107  0.0   1
     3182  -1.6438175  101.1271159    2.09921    -1478.3     -349.3     -523.7     33.8     23.4     30.2 2023  9 21  3 27 59.75000000  0.0   1
     3183  -1.6373277  101.1521891    2.66511     1312.2      368.3       42.2     19.7     14.0     14.4 2023  9 21  3 28  2.72000003  0.0   1
     3184  -1.6389418  101.1451009    2.84291      523.3      189.8      220.0     15.1     11.0     11.0 2023  9 21  3 28 44.74000168  0.0   1
     3185  -1.6428595  101.1183838    1.17939    -2449.2     -243.4    -1443.6     46.6     46.9     67.2 2023  9 21  3 37 14.60999966  0.0   1
     3186  -1.6449916  101.1451335    2.59901      527.1     -479.2      -23.9     21.5     18.7     14.1 2023  9 21  3 43  8.53999996  0.0   1
     3187  -1.6430883  101.1429525    2.57441      284.4     -268.7      -48.5     26.3     17.1     15.0 2023  9 21  3 43 36.95999908  0.0   1
     3188  -1.6417066  101.1423665    3.32871      219.5     -115.9      705.8     33.3     16.9     14.1 2023  9 21  3 44 35.31000137  0.0   1
     3189  -1.6395163  101.1414714    2.92115      119.2      126.3      298.2     29.8     13.5     11.5 2023  9 21  3 45  0.40000001  0.0   1
     3190  -1.6382150  101.1402262    2.63364      -19.1      270.2       10.7     24.7     14.6     12.7 2023  9 21  3 46 23.75000000  0.0   1
     3191  -1.6401573  101.1451335    2.92331      527.4       55.4      300.4     29.3     21.8     15.5 2023  9 21  3 47 35.90000153  0.0   1
     3192  -1.6381485  101.1479329    2.89508      838.3      277.5      272.1     27.5     20.5     12.8 2023  9 21  3 47 45.47000122  0.0   1
     3193  -1.6405654  101.1427653    2.79983      263.8       10.3      176.9     22.4     14.0     10.5 2023  9 21  3 50 10.31999969  0.0   1
     3194  -1.6348619  101.1409098    2.96815       56.8      640.9      345.2     30.1     22.2     13.5 2023  9 21  3 51 53.75000000  0.0   1
     3195  -1.6371349  101.1440186    3.17637      403.3      389.6      553.4     31.0     21.5     13.2 2023  9 21  3 54 41.15999985  0.0   1
     3196  -1.6365702  101.1540771    2.96863     1521.9      452.0      345.7     13.1     13.5     13.9 2023  9 21  3 54 56.18999863  0.0   1
     3197  -1.6372293  101.1473877    3.10007      777.5      379.2      477.1     27.3     19.8     13.9 2023  9 21  3 55  2.20000005  0.0   1
     3198  -1.6393351  101.1485189    2.73674      903.3      146.3      113.8     34.0     20.3     12.8 2023  9 21  3 57 10.92000008  0.0   1
     3200  -1.6389084  101.1668783    1.62199     2946.2      193.5    -1001.0     36.5     39.2     62.7 2023  9 21 18  0 24.65999985  0.0   1
     3202  -1.6433702  101.1458984    3.09419      612.4     -299.9      471.2     29.7     14.3     17.6 2023  9 21 18  2 53.29999924  0.0   1
     3203  -1.6409107  101.1413086    2.61461      101.4      -27.9       -8.3     24.9     11.1     12.6 2023  9 21 18  3  1.86000001  0.0   1
     3204  -1.6391261  101.1488037    2.56531      935.4      169.4      -57.6     11.1      9.9     10.0 2023  9 21 18  3  6.84000015  0.0   1
     3206  -1.6407819  101.1499023    2.77391     1057.9      -13.7      151.0     34.0     18.4     20.8 2023  9 21 18  3 58.45999908  0.0   1
     3207  -1.6367240  101.1589193    1.82778     2061.3      435.0     -795.2     16.0     17.8     18.4 2023  9 21 18  4  4.84000015  0.0   1
     3208  -1.6410213  101.1434814    2.72095      343.4      -40.2       98.0     12.4      9.9     11.4 2023  9 21 18  4  8.68000031  0.0   1
     3209  -1.6452268  101.1420085    3.01934      179.3     -505.2      396.4     38.1     16.3     17.2 2023  9 21 18  5 31.94000053  0.0   1
     3210  -1.6435810  101.1404053    2.85738        1.1     -323.2      234.4     20.5     13.5     14.1 2023  9 21 18  5 48.38000107  0.0   1
     3211  -1.6535362  101.1241455    2.18348    -1808.6    -1424.0     -439.5     20.7     16.6     22.7 2023  9 21 18  6 39.50000000  0.0   1
     3212  -1.6462850  101.1370280    3.07400     -374.8     -622.2      451.1     27.6     13.6     14.9 2023  9 21 18 40 21.60000038  0.0   1
     3213  -1.6400763  101.1517985    2.91147     1268.3       64.3      288.5     18.1     18.5     13.9 2023  9 28  7  5  1.83000004  0.0   1
     3214  -1.6371496  101.1464518    2.86095      674.2      388.0      238.0     24.2     23.7     14.0 2023  9 28  7 39  3.82999992  0.0   1
     3215  -1.6432462  101.1444906    2.69208      455.1     -286.2       69.1     16.1     25.3     19.4 2023  9 28  7 40  2.51999998  0.0   1
     3216  -1.6391871  101.1484131    2.58230      892.3      162.7      -40.6     14.1     15.8     13.2 2023  9 28  7 55 56.93999863  0.0   1
     3217  -1.6402145  101.1441081    2.67154      413.4       49.1       48.6     18.3     10.5     11.3 2023  9 28  7 56  5.48999977  0.0   1
     3218  -1.6448278  101.1465983    2.53519      690.1     -461.1      -87.8     22.9     21.2     24.8 2023  9 28  7 56 11.47999954  0.0   1
     3219  -1.6381046  101.1443278    3.29263      437.8      282.4      669.7     19.5     13.1     14.6 2023  9 28  7 57 46.27000046  0.0   1
     3220  -1.6430588  101.1468913    2.58826      722.8     -265.4      -34.7     20.9     11.7     16.2 2023  9 28  7 59 35.90000153  0.0   1
     3221  -1.6413602  101.1427653    2.48733      263.1      -77.6     -135.6     15.0      9.6     12.6 2023  9 28  8  1 35.72000122  0.0   1
     3222  -1.6384154  101.1474528    2.41329      784.7      248.0     -209.7     20.6     13.5     15.9 2023  9 28  8  2  3.35999990  0.0   1
     3223  -1.6409849  101.1455973    2.69746      578.5      -36.1       74.5     21.7      8.4     13.5 2023  9 28  8  2 40.31000137  0.0   1
     3224  -1.6394433  101.1475016    2.37209      790.6      134.3     -250.8     11.4      9.6     12.4 2023  9 28  8  7 49.70999908  0.0   1
     3225  -1.6419158  101.1451416    2.57298      528.3     -139.1      -50.0     23.2     10.7     14.7 2023  9 28  8 13  6.84000015  0.0   1
     3226  -1.6390165  101.1467692    2.53670      708.8      181.5      -86.2     19.8     13.9     14.2 2023  9 28  8 15 50.84999847  0.0   1
     3227  -1.6425573  101.1438151    2.49879      380.3     -210.0     -124.2     19.9     17.4     16.9 2023  9 28  8 15 58.18999863  0.0   1
     3228  -1.6434521  101.1463460    2.70130      662.4     -308.9       78.4     16.4     14.7     13.0 2023  9 28  8 17  0.49000001  0.0   1
     3229  -1.6386501  101.1463298    2.51751      660.1      222.0     -105.4     19.8     14.7     11.5 2023  9 28  8 17 24.29000092  0.0   1
     3230  -1.6411503  101.1443197    2.72072      436.9      -54.4       97.8     20.3     17.4     13.2 2023  9 28  8 19 49.29999924  0.0   1
     3231  -1.6412922  101.1406657    2.59291       29.6      -70.1      -30.0     25.4     11.4      8.2 2023  9 28  8 20 55.52000046  0.0   1
     3232  -1.6403750  101.1457601    2.64459      596.5       31.3       21.7     17.4      9.7     11.1 2023  9 28  8 26 42.88000107  0.0   1
     3233  -1.6421191  101.1467041    2.53514      701.7     -161.5      -87.8     10.2      8.9     13.1 2023  9 28  8 26 46.84000015  0.0   1
     3234  -1.6414642  101.1437826    2.78275      376.9      -89.1      159.8     11.7     11.6     10.9 2023  9 28  8 27  2.09999990  0.0   1
     3235  -1.6428299  101.1446696    2.46937      475.8     -240.1     -153.6     23.7     12.7     14.3 2023  9 28  8 29 31.02000046  0.0   1
     3236  -1.6415178  101.1442952    2.54840      433.8      -95.0      -74.5     28.6     24.1     18.8 2023  9 28  8 33 52.38000107  0.0   1
     3237  -1.6414595  101.1421875    2.54977      199.6      -88.6      -73.2     22.8     11.1     11.7 2023  9 28  8 34 52.70000076  0.0   1
     3238  -1.6402850  101.1423828    2.73615      220.6       41.3      113.2     21.0     12.2      9.4 2023  9 28  8 35 23.65999985  0.0   1
     3239  -1.6382126  101.1460042    2.24248      624.1      270.4     -380.5     17.2      8.5     12.2 2023  9 28  8 35 37.04000092  0.0   1
     3240  -1.6428446  101.1405518    2.60920       17.0     -241.8      -13.7     26.8     20.6     13.8 2023  9 28  8 36  6.26000023  0.0   1
     3241  -1.6409636  101.1441650    2.56602      419.1      -33.8      -56.9     14.8     11.3     13.2 2023  9 28  8 36  9.26000023  0.0   1
     3242  -1.6438141  101.1454590    2.60706      563.4     -349.0      -15.9     14.7     10.9     12.5 2023  9 28  8 36 18.69000053  0.0   1
     3243  -1.6431344  101.1372314    2.87324     -352.6     -273.8      250.3     30.9     13.6     10.2 2023  9 28  8 36 33.70999908  0.0   1
     3244  -1.6455620  101.1423421    2.36812      216.8     -542.2     -254.8     16.4     14.5     18.1 2023  9 28  8 36 39.86999893  0.0   1
     3245  -1.6501264  101.1416423    2.36175      138.9    -1046.9     -261.2     23.5     16.1     21.5 2023  9 28  8 37 37.74000168  0.0   1
     3246  -1.6406642  101.1422607    2.69930      207.1       -0.7       76.4     14.9     14.2     11.3 2023  9 28  8 37 40.75999832  0.0   1
     3247  -1.6412678  101.1418376    2.77791      160.2      -67.4      155.0     17.9     14.5     11.1 2023  9 28  8 38  9.71000004  0.0   1
     3248  -1.6382922  101.1455404    2.64598      572.2      261.6       23.0     14.9     12.0     11.4 2023  9 28  8 39  3.31999993  0.0   1
     3249  -1.6413415  101.1420898    2.76152      188.3      -75.6      138.6     22.2     15.0     11.2 2023  9 28  8 39 16.25000000  0.0   1
     3250  -1.6411282  101.1397542    2.74627      -71.1      -52.0      123.3     39.2     19.7     16.2 2023  9 28  8 39 29.69000053  0.0   1
     3251  -1.6404616  101.1423421    2.78144      216.7       21.7      158.5     21.6      9.5     11.6 2023  9 28  8 40 15.93999958  0.0   1
     3252  -1.6407464  101.1453939    2.69498      556.2       -9.8       72.0     21.3      9.1     12.7 2023  9 28  8 40 38.47999954  0.0   1
     3253  -1.6424433  101.1406169    2.76364       24.6     -197.4      140.7     21.5     11.9     12.4 2023  9 28  8 40 41.38000107  0.0   1
     3254  -1.6449293  101.1423096    2.75271      213.2     -472.3      129.8     17.6     10.2     14.3 2023  9 28  8 41  2.16000009  0.0   1
     3255  -1.6427230  101.1461670    2.61273      642.2     -228.3      -10.2     21.3     14.2     12.5 2023  9 28  8 41 20.87999916  0.0   1
     3256  -1.6396511  101.1414795    2.63463      120.2      111.4       11.7     17.9     11.0     11.3 2023  9 28  8 41 55.04999924  0.0   1
     3257  -1.6393482  101.1461100    3.25294      635.4      144.9      630.0     25.8     19.2     15.8 2023  9 28  8 42 14.56999969  0.0   1
     3258  -1.6450072  101.1401204    2.73376      -30.7     -480.9      110.8     27.5     14.3     13.2 2023  9 28  8 42 19.54999924  0.0   1
     3259  -1.6445784  101.1489176    2.42674      947.7     -433.5     -196.2     20.1     18.4     19.7 2023  9 28  8 43 54.72999954  0.0   1
     3260  -1.6483827  101.1450358    2.10108      515.9     -854.1     -521.9     30.0     15.6     22.7 2023  9 28  8 44 16.90999985  0.0   1
     3261  -1.6393425  101.1441732    2.93693      420.6      145.5      314.0     15.9     13.3     11.5 2023  9 28  8 44 28.37999916  0.0   1
     3262  -1.6402067  101.1417074    2.87946      145.7       49.9      256.5     18.4     10.6     10.3 2023  9 28  8 47 19.86000061  0.0   1
     3263  -1.6414168  101.1440104    2.63278      402.2      -83.9        9.8     31.9     22.5     16.6 2023  9 28  8 47 33.06999969  0.0   1
     3264  -1.6431693  101.1402262    2.86459      -19.3     -277.7      241.6     28.4     10.7     12.5 2023  9 28  8 51 42.25999832  0.0   1
     3265  -1.6429715  101.1410970    2.75867       78.3     -255.8      135.7     25.6     14.4     11.2 2023  9 28  8 59 46.52999878  0.0   1
     3266  -1.6416243  101.1437826    2.54216      377.0     -106.8      -80.8     21.8     11.5     10.2 2023  9 28  9  4 21.27000046  0.0   1
     3267  -1.6427546  101.1418132    2.67774      157.9     -231.8       54.8     21.2     12.9     10.6 2023  9 28  9  5 15.84000015  0.0   1
     3268  -1.6418112  101.1452230    2.74660      536.7     -127.5      123.7     16.1      9.4     12.7 2023  9 28  9 10 20.37000084  0.0   1
     3269  -1.6443775  101.1340576    2.80874     -705.3     -411.3      185.8     28.5     15.6     12.0 2023  9 28  9 17 17.36000061  0.0   1
     3270  -1.6379960  101.1416097    2.70993      135.0      294.4       87.0     24.4     12.0     12.2 2023 10  5  7 35 44.90999985  0.0   1
     3271  -1.6130332  101.1349284    2.22670     -608.8     3054.6     -396.2     48.8     50.0     43.7 2023 10  8  0 46  1.73000002  0.0   1
     3272  -1.6127803  101.1311686    2.44368    -1026.6     3082.6     -179.3     65.3     52.0     43.8 2023 10  8  0 46 50.84000015  0.0   1
     3273  -1.6369495  101.1372070    3.16852     -354.6      410.1      545.6     38.2     19.3     14.9 2023 10  9 12  0 57.20999908  0.0   1
     3274  -1.6363873  101.1581706    2.81753     1977.5      472.2      194.6     25.0     15.7     20.9 2023 10  9 13 10 28.75000000  0.0   1
     3275  -1.6413841  101.1460612    2.46506      630.2      -80.3     -157.9     18.4      9.9     13.4 2023 10 10  8 52 47.47999954  0.0   1
     3276  -1.6471176  101.1451986    3.07867      534.4     -714.2      455.7     31.7     20.9     17.6 2023 10 12  2  8 51.72999954  0.0   1
     3277  -1.6457972  101.1455322    2.47445      571.1     -568.2     -148.5     14.3     11.6     13.4 2023 10 12  2 25 53.88999939  0.0   1
     3278  -1.6513975  101.1441488    2.54722      417.5    -1187.5      -75.7     45.4     20.9     19.1 2023 10 12  2 26 44.36999893  0.0   1
     3279  -1.6454866  101.1408529    2.68400       51.1     -533.9       61.1     46.6     19.2     16.8 2023 10 12  7 33 35.72000122  0.0   1
     3280  -1.6402632  101.1355632    2.83790     -537.5       43.7      215.0     33.4     28.4     23.1 2023 10 12  7 35 26.72999954  0.0   1
     3281  -1.6368988  101.1433512    3.11730      329.0      415.7      494.4     23.5     13.4     14.4 2023 10 12  7 44 21.15999985  0.0   1
     3282  -1.6369307  101.1455241    3.21780      570.3      412.2      594.9     21.9     17.4     16.2 2023 10 14  8 24 30.54000092  0.0   1
     3283  -1.6377134  101.1454671    3.41117      564.5      325.6      788.2     24.2     19.6     13.1 2023 10 14 10 32 46.22999954  0.0   1
     3284  -1.6386965  101.1406901    2.88864       33.0      216.9      265.7     36.7     28.6     16.2 2023 10 14 16 31 41.02000046  0.0   1
     3285  -1.6403090  101.1378743    3.48867     -280.3       38.6      865.7     44.0     16.3     13.7 2023 10 17  8 13 56.77000046  0.0   1
     3286  -1.6414134  101.1271077    2.88909    -1479.0      -83.5      266.1     20.5     17.3     11.4 2023 10 17  9  1 32.40999985  0.0   1
     3288  -1.6389100  101.1353027    2.68593     -566.5      193.3       63.0     74.5     31.5     32.9 2023 10 18 14 21 34.95000076  0.0   1
