     2719  -1.6433225  101.1408122    3.54317       46.5     -294.6      920.2    303.8    200.2    175.5 2023  1  3  3 43 21.02000046  0.0   1
     2720  -1.6381323  101.1509277    3.56791     1172.0      279.3      945.0    224.5    230.6    167.7 2023  1  3  3 52  5.73000002  0.0   1
     2721  -1.6342336  101.1443848    2.94727      444.1      710.4      324.3    310.8    173.7    160.7 2023  1  3  3 52 21.03000069  0.0   1
     2722  -1.6401332  101.1357585    2.99915     -516.2       58.1      376.2    260.0    155.5    125.2 2023  1  3  3 52 34.75000000  0.0   1
     2723  -1.6379761  101.1386149    2.93707     -198.5      296.6      314.1    346.7    284.2    207.8 2023  1  3  4  2 20.45000076  0.0   1
     2724  -1.6358382  101.1459961    2.75000      623.3      533.0      127.1    157.6    135.2     99.0 2023  1  4 20 11 39.40000153  0.0   1
     2725  -1.6434944  101.1418457    2.58541      161.4     -313.6      -37.5    265.0    128.3    163.8 2023  1  4 20 16 15.53999996  0.0   1
     2726  -1.6433538  101.1358561    2.97718     -505.3     -298.1      354.2    308.7    154.9    156.9 2023  1  4 20 17  9.68000031  0.0   1
     2727  -1.6487090  101.1255290    3.36605    -1654.1     -890.2      743.1    533.4    289.5    241.0 2023  1  4 20 18 22.71999931  0.0   1
     2729  -1.6592979  101.1311361    3.26523    -1030.9    -2061.1      642.3    322.3    189.1    196.9 2023  1 11 13 28 50.43999863  0.0   1
     2734  -1.6434710  101.1351237    2.99815     -586.9     -311.0      375.2    263.2    133.0    193.2 2023  1 20 18 30  0.36000001  0.0   1
     2735  -1.6417793  101.1269043    3.06738    -1501.9     -124.0      444.4    218.9    135.4    127.7 2023  1 20 19 10 25.45999908  0.0   1
     2736  -1.6371976  101.1444743    2.58283      453.8      382.6      -40.1    178.0    127.7    106.3 2023  1 20 19 10 36.45999908  0.0   1
     2737  -1.6377570  101.1430420    2.57328      294.6      320.8      -49.7    255.3    147.7    105.5 2023  1 20 19 11 19.44000053  0.0   1
     2738  -1.6363021  101.1390299    3.28329     -152.4      481.7      660.3    374.0    193.9    138.3 2023  1 20 19 11 38.47999954  0.0   1
     2739  -1.6366090  101.1427246    2.52611      259.1      447.7      -96.8    214.4    135.3     95.9 2023  1 20 19 11 46.86000061  0.0   1
     2740  -1.6365222  101.1370524    2.60267     -372.4      457.3      -20.3    268.7    119.1    108.9 2023  1 20 19 12  2.07999992  0.0   1
     2741  -1.6362338  101.1406657    3.15559       29.8      489.2      532.6    227.6    139.0     97.4 2023  1 20 19 12 14.30000019  0.0   1
     2742  -1.6422194  101.1445964    3.03597      466.9     -172.6      413.0    572.1    384.5    194.7 2023  1 20 19 12 27.89999962  0.0   1
     2743  -1.6350445  101.1436279    2.94880      359.3      620.7      325.9    169.9    153.4    102.4 2023  1 20 19 12 41.43999863  0.0   1
     2744  -1.6332148  101.1441650    3.53912      418.9      823.0      916.2    374.1    241.6    152.8 2023  1 20 19 12 45.20000076  0.0   1
     2745  -1.6365949  101.1424561    3.50939      228.7      449.3      886.4    230.1    216.8    160.2 2023  1 20 19 12 58.77999878  0.0   1
     2746  -1.6412268  101.1455566    3.40368      574.0      -62.9      780.7    176.0    156.4    135.5 2023  1 20 19 13  8.81999969  0.0   1
     2747  -1.6426774  101.1356608    2.84246     -526.7     -223.3      219.5    289.6    135.0    103.3 2023  1 20 19 13 21.52000046  0.0   1
     2748  -1.6389737  101.1301514    2.75314    -1139.9      186.3      130.2    173.3    174.8     98.3 2023  1 20 19 13 50.47999954  0.0   1
     2749  -1.6432640  101.1217204    1.69304    -2077.9     -288.1     -929.9    355.5    225.2    508.6 2023  1 20 19 13 59.40000153  0.0   1
     2750  -1.6400876  101.1397135    2.02208      -76.5       63.1     -600.9    554.3    342.8    240.3 2023  1 20 19 14 14.26000023  0.0   1
     2751  -1.6374480  101.1448079    3.48057      491.1      355.0      857.6    232.1    198.3    147.8 2023  1 20 19 14 47.25999832  0.0   1
     2752  -1.6543901  101.1491862    4.52811      978.2    -1518.4     1905.2    411.6    295.5    779.5 2023  1 20 19 14 50.77999878  0.0   1
     2753  -1.6368989  101.1391357    3.30200     -140.4      415.7      679.1    456.8    235.0    155.3 2023  1 20 19 15  4.05999994  0.0   1
     2754  -1.6379615  101.1441243    2.75816      415.1      298.2      135.2    132.1    166.9    124.1 2023  1 20 19 15 37.75999832  0.0   1
     2755  -1.6346799  101.1428060    2.64097      268.4      661.0       18.0    176.6    146.4    111.5 2023  1 20 19 15 47.91999817  0.0   1
     2756  -1.6375153  101.1469238    2.72538      726.5      347.5      102.4    129.3    178.3    129.9 2023  1 20 19 16  4.34000015  0.0   1
     2757  -1.6451235  101.1378174    2.73947     -286.9     -493.7      116.5    313.8    169.6    174.6 2023  1 20 19 16 23.39999962  0.0   1
     2758  -1.6374011  101.1466227    3.17978      692.4      360.1      556.8    227.7    150.0    127.8 2023  1 20 19 16 33.02000046  0.0   1
     2759  -1.6378599  101.1437663    2.92178      374.7      309.4      298.8    193.7    193.2    129.7 2023  1 20 19 16 54.11999893  0.0   1
     2760  -1.6351866  101.1489014    3.22181      946.4      605.0      598.9    265.8    175.1    139.5 2023  1 20 19 17 18.65999985  0.0   1
     2761  -1.6358194  101.1440430    3.19686      405.7      535.0      573.9    305.0    202.1    145.4 2023  1 20 19 17 23.44000053  0.0   1
     2762  -1.6389261  101.1459635    2.47995      619.6      191.5     -143.0    188.1    116.6    158.2 2023  1 20 19 17 53.41999817  0.0   1
     2763  -1.6377075  101.1205485    1.73640    -2209.0      326.3     -886.5    164.4    272.9    212.7 2023  1 20 19 17 59.56000137  0.0   1
     2764  -1.6327109  101.1508219    3.10953     1160.3      878.8      486.6    281.0    240.5    179.7 2023  1 20 19 18 19.47999954  0.0   1
     2765  -1.6481703  101.1530762    4.30252     1410.8     -830.7     1679.6    489.6    230.3    209.8 2023  1 20 19 18 31.20000076  0.0   1
     2766  -1.6392228  101.1378499    3.03568     -283.1      158.7      412.7    278.6    164.7    128.7 2023  1 20 19 18 39.00000000  0.0   1
     2767  -1.6387966  101.1408936    3.27291       54.8      205.8      650.0    255.5    177.7    139.7 2023  1 20 19 20 12.10000038  0.0   1
     2768  -1.6392162  101.1378092    3.15852     -288.1      159.4      535.6    324.2    174.1    131.4 2023  1 20 19 20 39.81999969  0.0   1
     2769  -1.6412496  101.1414063    3.38928      112.1      -65.4      766.3    273.2    190.5    159.3 2023  1 20 19 21  7.40000010  0.0   1
     2770  -1.6390306  101.1424723    3.11721      230.6      180.0      494.3    202.8    154.9    127.1 2023  1 20 19 21 18.81999969  0.0   1
     2771  -1.6384109  101.1466309    2.94769      694.0      248.5      324.7    231.9    145.2    115.3 2023  1 20 19 21 59.91999817  0.0   1
     2772  -1.6431796  101.1448812    4.10514      499.1     -278.8     1482.2    331.9    262.3    186.2 2023  1 20 19 22 12.19999981  0.0   1
     2773  -1.6381668  101.1554199    2.80118     1671.3      275.5      178.2    366.0    162.7    146.1 2023  1 20 19 22 39.93999863  0.0   1
     2774  -1.6404821  101.1366943    3.46266     -412.0       19.5      839.7    350.2    191.9    147.5 2023  1 20 19 22 45.40000153  0.0   1
     2775  -1.6427138  101.1305339    2.88449    -1097.4     -227.3      261.5    234.1    181.5    103.3 2023  1 20 19 23  1.05999994  0.0   1
     2776  -1.6457361  101.1499186    2.30109     1059.3     -561.5     -321.9    320.9    160.7    212.1 2023  1 20 19 23  6.86000013  0.0   1
     2777  -1.6393943  101.1383382    2.76411     -229.4      139.8      141.2    191.4    162.4    112.5 2023  1 20 19 24 26.95999908  0.0   1
     2778  -1.6506433  101.1243408    2.63628    -1786.3    -1104.1       13.3    536.2    274.2    862.4 2023  1 20 19 24 30.94000053  0.0   1
     2779  -1.6490434  101.1332438    2.95401     -796.3     -927.2      331.1    449.1    460.3    346.9 2023  1 20 19 24 45.20000076  0.0   1
     2780  -1.6452579  101.1476562    2.24723      808.1     -508.6     -375.7    455.7    225.3    211.4 2023  1 20 19 24 52.18000031  0.0   1
     2782  -1.6368326  101.1478760    2.76195      831.9      423.0      139.0    208.3    151.8    121.6 2023  1 20 19 25 16.07999992  0.0   1
     2783  -1.6498805  101.1230387    1.53113    -1931.8    -1019.7    -1091.8    256.0    173.1    343.4 2023  1 20 19 26 19.50000000  0.0   1
     2784  -1.6346710  101.1502848    3.11707     1100.1      662.0      494.1    292.1    260.5    197.0 2023  1 20 19 26 40.24000168  0.0   1
     2785  -1.6441849  101.1461670    3.86313      641.8     -390.0     1240.2    237.6    234.0    218.5 2023  1 20 19 26 53.72000122  0.0   1
     2786  -1.6455916  101.1421224    2.41500      192.3     -545.5     -207.9    267.1    162.7    177.7 2023  1 20 19 28  3.14000010  0.0   1
     2787  -1.6401222  101.1414063    2.73571      112.7       59.3      112.8    163.7    128.9     90.2 2023  1 20 19 28 27.34000015  0.0   1
     2788  -1.6399171  101.1446452    3.11020      472.7       81.9      487.3    212.2    182.1    148.6 2023  1 20 19 28 29.31999969  0.0   1
     2789  -1.6416094  101.1326660    2.82058     -860.6     -105.2      197.6    337.1    240.7    172.5 2023  1 20 19 28 39.91999817  0.0   1
     2790  -1.6470243  101.1390218    3.37842     -153.3     -703.9      755.5    345.0    166.3    178.0 2023  1 20 19 29 12.73999977  0.0   1
     2791  -1.6447492  101.1407389    2.66004       37.7     -452.4       37.1    249.6    140.5    160.9 2023  1 20 19 29 38.18000031  0.0   1
     2792  -1.6412974  101.1478109    2.88630      825.1      -70.7      263.4    225.4    147.7    127.2 2023  1 20 19 30 28.65999985  0.0   1
     2793  -1.6399389  101.1456299    2.86856      582.0       79.5      245.6    171.2    163.7    128.1 2023  1 20 19 30 43.77999878  0.0   1
     2794  -1.6476528  101.1274251    2.09176    -1443.1     -773.4     -531.2    238.8    161.7    234.1 2023  1 20 19 30 58.61999893  0.0   1
     2795  -1.6363856  101.1515137    2.58982     1236.7      472.4      -33.1    304.5    321.6    208.1 2023  1 20 19 31  4.38000011  0.0   1
     2796  -1.6441148  101.1318441    2.17166     -951.4     -382.2     -451.3    263.1    206.2    168.8 2023  1 20 19 31  9.84000015  0.0   1
     2797  -1.6459446  101.1436930    2.86016      366.9     -584.5      237.2    252.2    141.7    150.8 2023  1 20 19 31 49.70000076  0.0   1
     2798  -1.6401044  101.1493896    3.33401     1000.8       61.2      711.1    188.5    170.1    143.9 2023  1 20 19 32  3.83999991  0.0   1
     2799  -1.6411584  101.1472575    2.81368      763.4      -55.3      190.7    215.0    122.6    135.8 2023  1 20 19 32  9.02000046  0.0   1
     2800  -1.6400623  101.1396566    2.77703      -82.1       65.9      154.1    230.0    145.1    133.2 2023  1 20 19 32 20.89999962  0.0   1
     2801  -1.6416855  101.1371501    2.81342     -361.3     -113.6      190.5    298.2    134.5     98.2 2023  1 20 19 32 52.88000107  0.0   1
     2802  -1.6422237  101.1429118    2.54412      279.9     -173.1      -78.8    173.7    122.3    126.1 2023  1 20 19 32 59.25999832  0.0   1
     2803  -1.6408635  101.1406331    2.98198       26.3      -22.7      359.0    179.7    149.3    115.0 2023  1 20 19 33  9.80000019  0.0   1
     2804  -1.6469251  101.1300456    2.50892    -1152.0     -693.0     -114.0    223.8    128.9    199.6 2023  1 20 19 33 34.56000137  0.0   1
     2805  -1.6385719  101.1518392    3.04359     1273.0      230.7      420.6    144.8    187.0    133.2 2023  1 20 19 33 48.00000000  0.0   1
     2806  -1.6438873  101.1482178    3.27289      870.7     -357.1      649.9    255.9    146.8    149.1 2023  1 20 19 33 53.97999954  0.0   1
     2807  -1.6411331  101.1441732    2.91763      419.9      -52.5      294.7    204.6    197.1    146.5 2023  1 20 19 34 15.69999981  0.0   1
     2808  -1.6417211  101.1289225    1.89529    -1276.8     -117.5     -727.7    170.8    138.3    175.2 2023  1 20 19 34 33.22000122  0.0   1
     2809  -1.6473911  101.1330973    2.98339     -812.6     -744.5      360.4    405.7    282.2    224.3 2023  1 20 19 34 48.20000076  0.0   1
     2810  -1.6409786  101.1399414    2.44617      -50.5      -35.4     -176.8    200.9    199.8    157.6 2023  1 20 19 34 58.11999893  0.0   1
     2811  -1.6407408  101.1417562    3.55734      151.3       -9.1      934.4    231.0    196.0    160.2 2023  1 20 19 35 21.10000038  0.0   1
     2812  -1.6424422  101.1377035    2.92657     -299.9     -197.3      303.6    264.9    175.7    147.0 2023  1 20 19 35 48.25999832  0.0   1
     2813  -1.6369652  101.1454264    2.61503      559.5      408.4       -7.9    125.3    146.5    135.2 2023  1 20 19 36 32.65999985  0.0   1
     2814  -1.6400784  101.1441406    3.15392      416.6       64.1      531.0    255.1    176.1    142.6 2023  1 20 19 36 50.90000153  0.0   1
     2815  -1.6380009  101.1444743    2.66808      453.6      293.8       45.1    249.3    138.1    173.8 2023  1 20 19 43 50.43999863  0.0   1
     2816  -1.6371782  101.1416748    3.35086      141.8      384.8      727.9    261.4    208.2    153.5 2023  1 20 19 43 54.97999954  0.0   1
     2817  -1.6401712  101.1447266    2.92562      482.0       53.8      302.7    250.0    172.8    159.9 2023  1 20 19 49 56.54000092  0.0   1
     2818  -1.6379773  101.1318929    3.35871     -946.7      296.4      735.8    383.4    197.2    164.9 2023  1 20 19 53 30.76000023  0.0   1
     2819  -1.6384595  101.1392334    2.94099     -129.8      243.1      318.0    301.3    160.2    115.1 2023  1 20 19 57 15.27999973  0.0   1
     2820  -1.6380979  101.1509196    2.58754     1171.2      283.1      -35.4    222.6    212.6    181.9 2023  1 20 19 57 23.65999985  0.0   1
     2821  -1.6335846  101.1502686    2.97624     1098.8      782.2      353.3    191.0    172.1    105.7 2023  1 20 20 23  4.65999985  0.0   1
     2822  -1.6367561  101.1416911    3.20563      144.1      431.5      582.7    289.7    211.1    147.5 2023  1 21  1 56 37.25000000  0.0   1
     2823  -1.6440379  101.1478516    2.97774      829.3     -373.7      354.8    216.3    140.8    131.5 2023  1 30 17 30  4.76000023  0.0   1
     2824  -1.6449546  101.1361003    2.95264     -478.5     -475.1      329.7    312.4    165.1    139.5 2023  1 30 17 30 40.74000168  0.0   1
     2825  -1.6462874  101.1200033    1.49016    -2269.6     -622.5    -1132.8    289.7    213.8    417.0 2023  2 18 22 35 10.69999981  0.0   1
     2826  -1.6454885  101.1431722    3.28218      309.0     -534.1      659.2    287.1    157.6    181.4 2023  2 18 22 38 25.92000008  0.0   1
     2827  -1.6442221  101.1364990    2.91833     -434.0     -394.1      295.4    209.8    152.2    135.0 2023  2 18 22 38 33.40000153  0.0   1
     2828  -1.6490125  101.1238444    1.47373    -1842.2     -923.8    -1149.2    347.5    258.7    680.1 2023  2 18 22 39  5.48000002  0.0   1
     2829  -1.6438545  101.1278239    2.06173    -1398.7     -353.4     -561.2    215.1    175.1    224.0 2023  2 26 15 14 57.77000046  0.0   1
     2830  -1.6486238  101.1302572    2.20086    -1128.4     -880.8     -422.1    210.2    160.4    156.4 2023  2 27 22 34 11.93999958  0.0   1
     2831  -1.6418391  101.1427002    3.01800      256.1     -130.6      395.1    234.1    169.4    130.8 2023  2 27 22 34 17.97999954  0.0   1
     2832  -1.6491762  101.1312337    2.53309    -1019.8     -941.9      -89.8    230.7    191.4    171.6 2023  2 27 22 34 39.31999969  0.0   1
     2833  -1.6454521  101.1323405    2.70550     -896.8     -530.1       82.6    241.4    155.5    122.0 2023  2 27 22 34 42.22000122  0.0   1
     2834  -1.6390305  101.1392497    2.47038     -128.0      180.0     -152.6    227.8    100.9    108.9 2023  3  8  4 53 44.11000061  0.0   1
     2835  -1.6425233  101.1363688    3.03395     -448.2     -206.2      411.0    339.4    162.0    133.2 2023  3 12 23 29 24.12000084  0.0   1
     2836  -1.6413255  101.1337158    3.08841     -743.8      -73.8      465.5    241.4    160.0    112.3 2023  3 19 14 58 26.79999924  0.0   1
     2837  -1.6442708  101.1428711    3.20542      275.6     -399.5      582.5    299.9    159.8    133.6 2023  3 19 14 58 27.35000038  0.0   1
     2838  -1.6425783  101.1438965    3.17399      389.3     -212.3      551.0    227.6    191.8    151.7 2023  3 19 14 58 41.38999939  0.0   1
     2839  -1.6397751  101.1344401    3.18981     -662.8       97.6      566.9    335.5    159.3    119.9 2023  3 19 14 59  5.11999989  0.0   1
     2840  -1.6408075  101.1312581    3.09471    -1017.2      -16.5      471.8    189.6    169.4    100.3 2023  3 19 15  0 56.34000015  0.0   1
     2841  -1.6412604  101.1444906    3.04695      455.8      -66.6      424.0    206.4    155.6    125.9 2023  3 19 15  7 48.63000107  0.0   1
     2842  -1.6384151  101.1450684    3.04763      519.9      248.0      424.7    290.3    198.8    156.3 2023  3 19 15  8  6.13999987  0.0   1
     2843  -1.6432138  101.1460286    2.37900      627.0     -282.6     -243.9    172.5    110.4    160.6 2023  3 19 15  8 45.77000046  0.0   1
     2844  -1.6431166  101.1494141    2.10854     1003.4     -271.8     -514.4    189.2    120.1    178.2 2023  3 19 15 10  1.89999998  0.0   1
     2845  -1.6384443  101.1439535    3.45620      395.8      244.8      833.3    299.3    194.8    154.4 2023  3 19 15 10 17.05999947  0.0   1
     2846  -1.6467487  101.1395020    3.32695      -99.4     -673.5      704.0    345.2    175.2    165.0 2023  3 19 15 10 42.45999908  0.0   1
     2847  -1.6427372  101.1500244    3.71412     1071.2     -229.9     1091.2    264.1    264.5    190.1 2023  3 19 15 12  7.92000008  0.0   1
     2848  -1.6433955  101.1379476    3.39869     -272.5     -302.7      775.7    252.7    175.9    151.3 2023  3 19 15 12 41.66999817  0.0   1
     2849  -1.6431750  101.1411296    3.18145       81.3     -278.3      558.5    196.4    160.6    139.5 2023  3 19 15 13  3.02999997  0.0   1
     2850  -1.6463095  101.1397705    3.35584      -69.8     -624.9      732.9    369.4    176.4    164.7 2023  3 19 15 13 29.22999954  0.0   1
     2851  -1.6461328  101.1401042    3.74775      -33.0     -605.3     1124.8    407.8    311.8    159.0 2023  3 19 15 14 14.53999996  0.0   1
     2852  -1.6427675  101.1280518    2.45767    -1374.0     -233.2     -165.3    186.4    191.0    137.2 2023  3 19 15 14 23.75000000  0.0   1
     2853  -1.6430177  101.1392334    2.70317     -129.3     -260.9       80.2    234.0    120.3    104.0 2023  3 19 15 17  0.95999998  0.0   1
     2854  -1.6453986  101.1424072    2.45473      223.3     -524.2     -168.2    222.0    131.3    160.9 2023  3 19 15 17 15.43000031  0.0   1
     2855  -1.6432424  101.1361328    2.44636     -474.6     -285.7     -176.6    273.6    116.5    145.3 2023  3 19 15 17 23.26000023  0.0   1
     2856  -1.6447748  101.1322754    2.89452     -903.8     -455.2      271.6    273.9    163.3     95.9 2023  3 19 15 17 27.55999947  0.0   1
     2857  -1.6419579  101.1347493    2.20573     -628.4     -143.7     -417.2    257.2    147.9    175.6 2023  3 19 15 17 37.34000015  0.0   1
     2858  -1.6432541  101.1430827    2.77937      298.9     -287.0      156.4    233.4    199.5    137.7 2023  3 30 10 37 55.43000031  0.0   1
     2859  -1.6417789  101.1458333    2.97991      604.8     -123.9      357.0    195.5    170.2    146.1 2023  3 30 10 38 31.47999954  0.0   1
     2860  -1.6463025  101.1271566    2.54465    -1473.5     -624.1      -78.3    295.3    195.9    303.7 2023  3 30 10 38 50.88000107  0.0   1
     2861  -1.6437803  101.1415446    3.32457      127.9     -345.2      701.6    269.5    180.8    153.4 2023  3 30 10 38 55.63999939  0.0   1
     2862  -1.6427358  101.1417887    2.49706      155.2     -229.7     -125.9    225.7    166.4    133.4 2023  3 30 10 39 42.11999893  0.0   1
     2863  -1.6432668  101.1366048    3.47186     -421.7     -288.4      848.9    223.8    138.8    109.8 2023  3 30 10 39 48.84999847  0.0   1
     2864  -1.6414880  101.1418620    2.62088      162.7      -91.8       -2.1    218.3    123.0    107.9 2023  3 30 10 40  7.73999977  0.0   1
     2865  -1.6420654  101.1372884    2.58163     -345.5     -155.6      -41.3    256.7    103.2    132.4 2023  3 30 10 40 14.48999977  0.0   1
     2866  -1.6397663  101.1358805    2.70356     -502.8       98.6       80.6    204.9    121.6    100.9 2023  3 30 10 40 28.92000008  0.0   1
     2867  -1.6447779  101.1387777    3.07196     -180.6     -455.5      449.0    208.9    171.5    156.3 2023  3 30 10 40 36.38999939  0.0   1
     2868  -1.6449691  101.1480794    2.12833      855.2     -476.7     -494.6    191.5    114.7    192.1 2023  3 30 10 40 42.43999863  0.0   1
     2869  -1.6539453  101.1318441    3.12114     -951.6    -1469.2      498.2    431.7    128.4    162.1 2023  3 30 10 41  9.31999969  0.0   1
     2870  -1.6404185  101.1386475    3.03822     -194.8       26.5      415.3    212.7    138.7    117.4 2023  3 30 10 41 20.13999939  0.0   1
     2871  -1.6464417  101.1337158    3.20992     -743.4     -639.5      587.0    240.6    163.4    136.2 2023  3 30 10 41 29.93000031  0.0   1
     2872  -1.6438501  101.1314535    2.35026     -995.0     -352.9     -272.7    180.7    155.3    137.2 2023  3 30 10 42  3.19000006  0.0   1
     2873  -1.6428079  101.1395915    2.77352      -89.7     -237.7      150.6    217.4    111.5    104.3 2023  3 30 10 42 11.61999989  0.0   1
     2874  -1.6407581  101.1381999    3.14628     -244.1      -11.0      523.3    228.7    233.5    133.1 2023  3 30 10 45 34.45999908  0.0   1
     2875  -1.6427748  101.1305827    3.05266    -1092.4     -234.1      429.7    244.4    186.9    113.9 2023  3 30 10 49 11.32999992  0.0   1
     2877  -1.6424995  101.1420329    2.57987      182.1     -203.6      -43.1    161.4    150.0    137.2 2023  4  4 21 16 12.35999966  0.0   1
     2878  -1.6424454  101.1374349    3.10599     -329.7     -197.6      483.1    304.6    158.0    127.8 2023  4  4 21 17 38.91999817  0.0   1
     2879  -1.6444795  101.1438802    2.83405      387.4     -422.5      211.1    302.1    263.3    140.3 2023  4  4 21 19 37.68000031  0.0   1
     2880  -1.6433290  101.1471029    2.86880      745.9     -295.3      245.9    282.3    139.1    116.9 2023  4  4 21 20  7.90000010  0.0   1
     2881  -1.6421700  101.1360514    2.39643     -483.4     -167.2     -226.5    289.6    122.9    131.8 2023  4  4 21 21 24.20000076  0.0   1
     2882  -1.6468658  101.1499023    2.06715     1057.4     -686.4     -555.8    183.6    155.6    202.7 2023  4  4 21 21 37.93999863  0.0   1
     2883  -1.6478493  101.1339600    3.09053     -716.4     -795.2      467.6    361.5    274.7    227.3 2023  4  4 21 21 52.75999832  0.0   1
     2884  -1.6484356  101.1327555    2.39225     -849.9     -860.0     -230.7    255.1    157.8    199.4 2023  4  4 21 21 54.95999908  0.0   1
     2885  -1.6421946  101.1433268    3.50942      325.6     -169.9      886.5    255.3    175.5    170.2 2023  4  4 21 22  3.64000010  0.0   1
     2886  -1.6449551  101.1362549    2.55844     -460.9     -475.1      -64.5    287.2    154.0    143.9 2023  4  7  6 28 12.28999996  0.0   1
     2889  -1.6034601  101.1218424    2.06125    -2064.9     4113.1     -561.7   1050.8    717.3    597.9 2023  4 14  5 51 20.79999924  0.0   1
     2890  -1.6061446  101.1181152    2.40504    -2479.4     3816.3     -217.9   1015.5    687.9    433.6 2023  4 14  5 51 25.79999924  0.0   1
     2893  -1.6375263  101.1497477    2.88964     1040.7      346.3      266.7    264.3    171.7    175.2 2023  5 15 17 26 39.81999969  0.0   1
     2894  -1.6378871  101.1523193    2.81648     1326.4      306.4      193.5    206.9    152.3    137.8 2023  5 15 17 32 30.39999962  0.0   1
     2895  -1.6509743  101.1396810    2.30356      -79.9    -1140.7     -319.4    334.8    151.3    232.2 2023  5 19 22 49 48.45999908  0.0   1
     2896  -1.6382875  101.1482992    3.13441      879.2      262.1      511.5    337.8    264.8    206.0 2023  5 19 22 54 49.02000046  0.0   1
     2897  -1.6392106  101.1433838    3.09871      332.0      160.1      475.8    246.2    187.3    162.2 2023  5 19 22 54 53.54000092  0.0   1
     2900  -1.6461689  101.1624919    1.50712     2458.6     -609.3    -1115.8    332.8    293.6    319.2 2023  5 27 15 41 24.02000046  0.0   1
     2901  -1.6427419  101.1305257    2.84772    -1098.3     -230.4      224.8    430.0    186.0    101.5 2023  5 27 15 42  8.60000038  0.0   1
     2903  -1.6281525  101.1344076    2.27138     -666.7     1382.8     -351.6    381.0    393.4    279.8 2023  5 28 18 49 16.21999931  0.0   1
     2905  -1.6475957  101.1218750    2.39492    -2060.9     -767.1     -228.0    249.7    140.4    188.3 2023  6  6  1 40 44.04000092  0.0   1
     2906  -1.6406705  101.1301921    2.17380    -1135.9       -1.4     -449.1    143.0    150.9    138.8 2023  6  6  1 42 24.76000023  0.0   1
     2907  -1.6435029  101.1301107    2.82962    -1144.3     -314.5      206.7    264.3    162.8    105.1 2023  6  6  1 48 22.26000023  0.0   1
     2908  -1.6429638  101.1378906    2.92678     -279.0     -254.9      303.8    385.5    219.0    182.4 2023  6  6  1 48 43.06999969  0.0   1
     2909  -1.6441191  101.1468750    3.18361      721.2     -382.7      560.7    308.2    175.7    149.9 2023  6  6  1 51 12.57999992  0.0   1
     2910  -1.6484323  101.1386393    3.33616     -195.9     -859.6      713.2    287.5    157.8    183.4 2023  6  6  1 51 15.86999989  0.0   1
     2911  -1.6449777  101.1372070    3.11865     -355.2     -477.6      495.7    293.5    147.5    124.8 2023  6  6  1 51 30.25000000  0.0   1
     2912  -1.6463988  101.1419596    3.39648      173.5     -634.8      773.5    369.6    193.2    182.9 2023  6  6  1 52 19.11000061  0.0   1
     2913  -1.6442580  101.1372233    3.24326     -353.6     -398.0      620.3    364.6    155.8    142.4 2023  6  6  1 52 40.33000183  0.0   1
     2914  -1.6453580  101.1382161    3.58231     -243.1     -519.7      959.4    339.4    244.0    256.5 2023  6  6  1 52 50.29999924  0.0   1
     2915  -1.6463960  101.1303304    3.10990    -1119.7     -634.5      487.0    270.1    168.2    107.3 2023  6  6  1 53 28.01000023  0.0   1
     2916  -1.6510211  101.1297201    2.57877    -1188.3    -1145.9      -44.2    330.2    259.3    336.6 2023  6  6  1 54  5.28999996  0.0   1
     2917  -1.6478480  101.1431803    2.54181      309.8     -795.0      -81.1    224.6    139.1    168.9 2023  6  6  1 54 28.88999939  0.0   1
     2918  -1.6408755  101.1247314    3.32478    -1743.5      -24.0      701.8    174.9    193.3    152.8 2023  6  6  1 54 37.52999878  0.0   1
     2919  -1.6435116  101.1599691    2.82196     2178.1     -315.5      199.0    251.9    187.6    203.4 2023  6  6  1 54 44.18999863  0.0   1
     2920  -1.6430079  101.1671387    2.86976     2975.3     -259.8      246.8    482.9    379.2    296.4 2023  6  6  1 54 53.20000076  0.0   1
     2921  -1.6452808  101.1239176    1.64114    -1834.2     -511.1     -981.8    223.9    175.0    232.0 2023  6  6  1 55 12.25000000  0.0   1
     2922  -1.6443502  101.1313721    3.14184    -1004.0     -408.2      518.9    409.5    192.1    205.2 2023  6  6  1 55 25.79999924  0.0   1
     2923  -1.6448514  101.1370687    2.85418     -370.6     -463.7      231.2    251.9    135.3    119.5 2023  6  6  1 55 44.54999924  0.0   1
     2924  -1.6428132  101.1347168    3.28385     -632.0     -238.3      660.9    283.5    173.5    133.7 2023  6  6  1 55 52.50999832  0.0   1
     2925  -1.6375751  101.1561035    2.69635     1747.9      340.9       73.4    374.0    298.6    369.7 2023  6  6  1 56  1.14999998  0.0   1
     2926  -1.6454227  101.1451009    3.83392      523.5     -526.8     1211.0    315.2    250.5    200.5 2023  6  6  1 56  8.31999969  0.0   1
     2927  -1.6482502  101.1239421    1.70630    -1830.7     -839.5     -916.6    305.9    228.3    277.0 2023  6  6  1 56 16.76000023  0.0   1
     2928  -1.6435099  101.1373535    2.96102     -338.8     -315.3      338.1    256.5    153.4    134.1 2023  6  6  1 56 29.04999924  0.0   1
     2929  -1.6487743  101.1225749    1.75488    -1983.4     -897.4     -868.1    307.1    192.2    213.6 2023  6  6  1 56 36.79000092  0.0   1
     2930  -1.6408723  101.1411865    3.12707       88.1      -23.7      504.1    262.6    168.8    141.0 2023  6  6  1 57 14.22000027  0.0   1
     2931  -1.6404981  101.1335612    2.83230     -760.7       17.7      209.4    248.2    130.0     95.9 2023  6  6  1 57 25.55999947  0.0   1
     2932  -1.6388535  101.1421468    2.68594      194.3      199.6       63.0    288.0    142.0    107.6 2023  6  6  1 57 28.88999939  0.0   1
     2933  -1.6394849  101.1367025    2.59401     -411.3      129.7      -28.9    239.7    118.0    107.4 2023  6  6  1 57 37.61999893  0.0   1
     2934  -1.6433211  101.1350911    3.60087     -590.0     -294.4      977.9    376.9    216.7    182.3 2023  6  6  1 57 45.38000107  0.0   1
     2935  -1.6344907  101.1355876    3.10379     -535.2      682.0      480.8    387.8    185.1    180.2 2023  6  6  1 58  3.48000002  0.0   1
     2936  -1.6447495  101.1327393    3.29219     -852.2     -452.4      669.2    307.2    227.3     92.1 2023  6  6  1 58 51.29000092  0.0   1
     2937  -1.6501223  101.1487874    3.29590      934.0    -1046.5      673.0    597.3    345.4    248.2 2023  6  6  1 59  4.92000008  0.0   1
     2938  -1.6470383  101.1470378    3.13606      739.3     -705.5      513.1    502.6    309.7    447.9 2023  6  6  2  0 18.29000092  0.0   1
     2939  -1.6392942  101.1398844    2.92629      -56.7      150.8      303.3    271.6    177.6    105.9 2023  6  6  2  0 50.33000183  0.0   1
     2940  -1.6426225  101.1389160    2.97697     -164.4     -217.2      354.0    220.9    140.6    103.7 2023  6  6  2  1 17.14999962  0.0   1
     2941  -1.6474004  101.1390544    2.64124     -149.2     -745.5       18.3    236.7    188.2    195.7 2023  6  6  2  1 29.55999947  0.0   1
     2942  -1.6406405  101.1430257    2.93128      292.2        2.0      308.3    228.8    141.4    107.0 2023  6  6  2  1 36.97999954  0.0   1
     2943  -1.6450625  101.1426595    2.14666      251.7     -487.0     -476.3    340.9    175.2    333.1 2023  6  6  2  1 54.45999908  0.0   1
     2944  -1.6388807  101.1333903    2.93533     -779.5      196.5      312.4    333.5    157.5    102.5 2023  6  6  2  2 19.39999962  0.0   1
     2945  -1.6461694  101.1550456    2.38311     1630.2     -609.4     -239.8    378.7    515.0    496.5 2023  6  6  2  3 32.54000092  0.0   1
     2946  -1.6475690  101.1426595    3.06176      251.9     -764.2      438.8    348.7    119.4    146.7 2023  6  6  2  5 16.29999924  0.0   1
     2947  -1.6324050  101.1410807    2.52356       76.4      912.6      -99.4    376.9    246.6    158.5 2023  6  6  2 11 56.61000061  0.0   1
     2948  -1.6407645  101.1356364    3.21573     -530.2      -11.8      592.8    277.8    143.2    145.9 2023  6  6  2 57 14.14999962  0.0   1
     2949  -1.6403600  101.1418864    3.04124      165.5       33.0      418.3    234.4    173.5    130.9 2023  6  6  2 57 29.37000084  0.0   1
     2950  -1.6393967  101.1506999    3.10105     1146.1      139.5      478.1    343.1    211.5    181.2 2023  6  6  2 57 54.09999847  0.0   1
     2951  -1.6361780  101.1457601    2.00778      596.6      495.4     -615.2    248.6    263.4    158.6 2023  6  6  2 58  2.06999993  0.0   1
     2952  -1.6424179  101.1516357    2.10657     1250.2     -194.6     -516.4    233.4    171.2    319.1 2023  6  6  2 58 17.95000076  0.0   1
     2953  -1.6446125  101.1435384    2.55903      349.9     -437.2      -63.9    272.0    118.1    115.3 2023  6  6  2 58 41.36999893  0.0   1
     2954  -1.6431964  101.1470215    2.82612      736.7     -280.7      203.2    268.8    160.8    164.1 2023  6  6  2 59 47.00999832  0.0   1
     2955  -1.6398404  101.1422363    3.65094      204.6       90.4     1028.0    324.4    284.5    135.7 2023  6  6 22 40 15.80000019  0.0   1
     2961  -1.6293315  101.1278239    3.21589    -1399.2     1252.4      592.9    594.1    551.4    850.6 2023  6 27 17 47  0.12000000  0.0   1
     2962  -1.6412759  101.1385173    2.57385     -209.1      -68.3      -49.1    192.9    123.9    103.4 2023  7  4 19 19 48.45999908  0.0   1
     2964  -1.6177489  101.1062093    2.83341    -3804.2     2533.2      210.5    460.0    758.5    455.5 2023  7  5  0 17 41.68999863  0.0   1
     2967  -1.6491085  101.1254964    3.23979    -1658.3     -934.4      616.9    585.7    214.9    355.7 2023  7 14 23 38 10.26000023  0.0   1
     2968  -1.6408677  101.1337158    2.77505     -743.0      -23.2      152.1    304.6    126.1     79.8 2023  7 15  2  2 49.29000092  0.0   1
     2969  -1.6417133  101.1318685    2.65593     -949.4     -116.7       33.0    276.9    139.1    133.2 2023  7 15  2  5 39.86000061  0.0   1
     2971  -1.5966190  101.1353516    0.67626     -561.5     4869.6    -1946.7    805.3    821.6    957.8 2023  7 15  4 36 18.90999985  0.0   1
     2972  -1.6380465  101.1336182    2.70373     -754.1      288.8       80.8    225.7    163.7     84.8 2023  7 15  9 27  6.65999985  0.0   1
     2973  -1.6399756  101.1415527    2.77549      128.2       75.5      152.5    198.5    119.9    100.8 2023  7 15  9 29 55.13999939  0.0   1
     2974  -1.6406456  101.1422689    2.69445      208.1        1.4       71.5    168.2    133.6    108.5 2023  7 15  9 30  2.75999999  0.0   1
     2975  -1.6424294  101.1399007    2.74547      -55.5     -195.8      122.5    174.2    111.4    118.9 2023  7 15  9 30 27.43000031  0.0   1
     2976  -1.6396423  101.1398275    2.60229      -63.6      112.3      -20.7    222.6    142.2    124.5 2023  7 15  9 31 39.70999908  0.0   1
     2977  -1.6355199  101.1200765    2.22703    -2260.8      568.2     -395.9    499.4    213.4    236.9 2023  7 17 15  4 33.40000153  0.0   1
     2978  -1.6377628  101.1415039    2.52708      123.4      320.1      -95.9    180.0     94.6    105.9 2023  7 19  2  5 31.29000092  0.0   1
     2979  -1.6381555  101.1419352    3.30751      170.7      276.7      684.6    207.2    204.7    152.1 2023  7 19  2 18 47.72999954  0.0   1
     2980  -1.6432527  101.1356364    3.22011     -529.4     -286.9      597.2    281.5    159.4    130.2 2023  7 19  2 21  5.59999990  0.0   1
     2981  -1.6343383  101.1550130    2.92107     1626.4      698.8      298.1    211.8    161.1    184.1 2023  7 19  2 21  8.77999973  0.0   1
     2982  -1.6371404  101.1419027    3.30786      167.4      389.0      684.9    249.8    188.5    143.8 2023  7 19  2 59 40.54000092  0.0   1
     2983  -1.6375571  101.1415527    2.79107      128.8      342.9      168.1    185.1    127.3    107.1 2023  7 19  3  0  3.86999989  0.0   1
     2984  -1.6402042  101.1399170    2.46280      -53.8       50.2     -160.1    305.7    168.8    138.7 2023  7 19  3  0 15.28999996  0.0   1
     2985  -1.6381449  101.1434977    2.38453      345.5      277.9     -238.4    138.5    163.8    162.9 2023  7 19  3  0 25.79000092  0.0   1
     2986  -1.6398687  101.1385417    3.26712     -206.8       87.3      644.2    332.6    181.9    139.8 2023  7 19  3  1  0.31999999  0.0   1
     2987  -1.6437599  101.1409912    2.85184       66.1     -343.0      228.9    196.7    145.7    111.7 2023  7 19  3  1 12.77000046  0.0   1
     2988  -1.6410756  101.1439046    2.32182      390.7      -46.2     -301.1    167.9    138.3    129.7 2023  7 19  3  1 20.85000038  0.0   1
     2989  -1.6374072  101.1320068    3.07342     -933.2      359.5      450.5    220.2    179.7    107.6 2023  7 19  3  1 31.04999924  0.0   1
     2990  -1.6456238  101.1436768    2.42610      365.4     -549.1     -196.8    257.4    198.7    195.9 2023  7 19  3  1 58.95000076  0.0   1
     2991  -1.6390615  101.1416992    3.39100      144.5      176.5      768.1    268.4    203.5    148.4 2023  7 19  3  2 24.22999954  0.0   1
     2992  -1.6408292  101.1335368    2.92801     -763.4      -18.9      305.1    212.4    143.5    124.8 2023  7 19  3  2 31.32999992  0.0   1
     2994  -1.6475657  101.1434896    2.91767      344.3     -763.8      294.7    333.3    187.6    207.8 2023  7 19  3  3  5.17000008  0.0   1
     2995  -1.6409317  101.1405518    2.90983       16.8      -30.2      286.9    278.4    150.4    114.7 2023  7 19  3  3 49.45000076  0.0   1
     2996  -1.6364150  101.1429036    2.79250      278.7      469.2      169.6    206.5    187.0    130.0 2023  7 19  3  4 25.73999977  0.0   1
     2997  -1.6351521  101.1363607    2.76886     -449.2      608.8      145.9    263.7    176.5     88.0 2023  7 19  3  4 42.90000153  0.0   1
     2998  -1.6370074  101.1368083    3.10004     -399.2      403.7      477.1    308.7    161.8    128.5 2023  7 19  3  4 47.33000183  0.0   1
     2999  -1.6351762  101.1320801    3.40937     -925.7      606.2      786.4    437.1    189.5    162.6 2023  7 19  3  5 55.38999939  0.0   1
     3000  -1.6404221  101.1475667    2.39272      797.4       26.1     -230.2    154.6    145.5    153.6 2023  7 19  3  6 34.20999908  0.0   1
     3001  -1.6400258  101.1428385    2.53046      271.2       69.9      -92.5    147.9    134.6    132.0 2023  7 19  3  7 18.03000069  0.0   1
     3002  -1.6470655  101.1413330    2.42127      104.2     -708.5     -201.7    226.3    159.1    152.8 2023  7 19  3  7 20.17000008  0.0   1
     3003  -1.6354960  101.1505046    3.09623     1124.3      570.8      473.3    159.7    216.4    122.0 2023  7 19  3  8 37.70999908  0.0   1
     3004  -1.6386131  101.1422689    3.08847      207.9      226.1      465.5    206.3    185.7    141.4 2023  7 19  3 10 29.87999916  0.0   1
     3005  -1.6375011  101.1429525    2.65569      284.2      349.1       32.7    156.9    104.7     88.5 2023  7 19  3 11  7.88000011  0.0   1
     3006  -1.6362212  101.1353190    2.89475     -565.5      490.6      271.8    283.2    192.8    101.2 2023  7 19  3 12 10.78999996  0.0   1
     3007  -1.6408984  101.1513753    3.24469     1221.2      -26.6      621.7    333.5    201.5    168.8 2023  7 19  3 14 29.62999916  0.0   1
     3008  -1.6410024  101.1474202    1.91844      781.6      -38.1     -704.5    158.7    119.1    156.3 2023  7 19  3 14 38.36000061  0.0   1
     3009  -1.6396372  101.1385579    2.41096     -204.5      112.9     -212.0    179.4    114.4    106.2 2023  7 19  3 17 13.86999989  0.0   1
     3010  -1.6388874  101.1478923    2.80927      834.0      195.8      186.3    229.7    257.4    156.0 2023  7 19  3 22  8.31999969  0.0   1
     3011  -1.6371412  101.1413737    2.76797      108.4      388.9      145.0    201.4    141.9    102.4 2023  7 19  3 23  0.50000000  0.0   1
     3012  -1.6403311  101.1444499    2.29439      450.7       36.2     -328.5    149.1    127.8    125.9 2023  7 19  3 23 19.36000061  0.0   1
     3013  -1.6423397  101.1400553    2.43687      -37.6     -185.9     -186.1    163.3    115.7    134.1 2023  7 19  3 23 22.77000046  0.0   1
     3014  -1.6377518  101.1391602    2.90969     -137.3      321.4      286.7    194.0    157.8    104.7 2023  7 19  3 23 38.40000153  0.0   1
     3015  -1.6391644  101.1410075    2.40116       67.9      165.2     -221.8    168.1    112.6    126.7 2023  7 19  3 24  8.73999977  0.0   1
     3016  -1.6383195  101.1383301    2.44759     -229.6      258.6     -175.4    234.0    111.0    125.3 2023  7 19  3 24 11.84000015  0.0   1
     3017  -1.6428281  101.1415365    2.96666      126.4     -239.9      343.7    228.1    147.9    115.0 2023  7 19  3 24 18.10000038  0.0   1
     3018  -1.6373764  101.1393311    2.52170     -118.9      362.9     -101.2    244.8    118.1     97.7 2023  7 19  3 26 25.94000053  0.0   1
     3019  -1.6440839  101.1274577    2.39720    -1440.1     -378.8     -225.7    260.6    186.6    288.2 2023  7 19  3 26 54.45000076  0.0   1
     3020  -1.6396084  101.1434896    3.01996      344.2      116.1      397.0    213.3    205.4    121.6 2023  7 19  3 28  6.32000017  0.0   1
     3021  -1.6339918  101.1399414    3.06621      -50.9      737.1      443.3    337.7    199.5    136.1 2023  7 19  3 28 11.30000019  0.0   1
     3022  -1.6397218  101.1563314    2.54891     1773.4      103.5      -74.0    150.9    182.0    149.9 2023  7 19  3 29  4.26999998  0.0   1
     3023  -1.6446465  101.1322510    2.54488     -906.6     -441.0      -78.1    222.2    158.4    125.1 2023  7 19  3 30 50.99000168  0.0   1
     3024  -1.6460878  101.1361735    2.60738     -469.7     -600.4      -15.6    198.2    126.5    118.5 2023  7 19  3 37 19.65999985  0.0   1
     3025  -1.6421557  101.1404134    2.95496        2.1     -165.6      332.0    229.8    150.5    125.0 2023  7 19  3 39 24.28000069  0.0   1
     3026  -1.6433334  101.1279215    2.65980    -1388.6     -295.8       36.9    182.8    229.2    137.3 2023  7 19  3 48 22.11000061  0.0   1
     3027  -1.6422187  101.1366862    2.91485     -412.9     -172.5      291.9    353.4    195.2    211.2 2023  7 19 19  1 51.08000183  0.0   1
     3028  -1.6433776  101.1333171    2.36765     -787.7     -300.7     -255.3    302.1    121.1    145.2 2023  7 20  1 15 46.22999954  0.0   1
     3029  -1.6419666  101.1319906    2.13301     -935.3     -144.7     -489.9    245.2    127.5    125.3 2023  7 20  1 16 25.07999992  0.0   1
     3030  -1.6378292  101.1230306    3.13258    -1932.2      312.8      509.6    264.2    401.0    190.9 2023  7 20  1 18 27.22999954  0.0   1
     3031  -1.6441872  101.1414551    2.22652      117.5     -390.2     -396.4    188.7    136.0    167.7 2023  7 20 16 59 18.79999924  0.0   1
     3032  -1.6418133  101.1295817    2.30570    -1203.9     -127.7     -317.2    283.0    155.6    266.5 2023  7 21  6 50 53.00999832  0.0   1
     3033  -1.6527252  101.1328939    2.06462     -834.8    -1334.3     -558.3    238.7    142.3    213.1 2023  7 21 12 31 45.83000183  0.0   1
     3034  -1.6456866  101.1347819    2.42807     -624.8     -556.0     -194.9    309.2    112.5    161.3 2023  7 23  3 56 19.47999954  0.0   1
     3037  -1.6396534  101.1364665    1.71174     -437.3      111.1     -911.2    401.5    211.6    197.3 2023  7 31 23 41 35.38000107  0.0   1
     3042  -1.6416524  101.1432048    3.51748      312.2     -109.9      894.5    247.1    213.0    159.3 2023  8 25 22  0  2.96000004  0.0   1
     3043  -1.6406357  101.1425781    2.83440      243.1        2.5      211.5    210.1    135.5    104.2 2023  8 25 22  1 20.63999939  0.0   1
     3044  -1.6537092  101.1320150    1.90078     -932.5    -1443.1     -722.2    278.5    130.3    274.3 2023  8 25 22  1 29.57999992  0.0   1
     3045  -1.6385695  101.1385173    2.47862     -209.2      231.0     -144.3    166.2    129.7    108.0 2023  8 25 22  1 39.70000076  0.0   1
     3046  -1.6385785  101.1421631    2.93480      196.6      230.0      311.9    313.7    166.2    103.8 2023  8 25 22  2 23.94000053  0.0   1
     3047  -1.6402250  101.1406982    2.79609       33.1       47.9      173.1    176.4    109.8     88.1 2023  8 25 22  2 28.13999939  0.0   1
     3048  -1.6443278  101.1459717    2.33810      620.1     -405.8     -284.8    222.3    149.1    166.9 2023  8 25 22  2 42.25999832  0.0   1
     3049  -1.6444542  101.1318522    2.24925     -950.6     -419.7     -373.7    208.2    126.5    151.7 2023  8 25 22  2 51.50000000  0.0   1
     3050  -1.6401207  101.1404134    2.82948        2.1       59.4      206.5    189.2    125.5     95.9 2023  8 25 22  2 58.43999863  0.0   1
     3051  -1.6362686  101.1536540    5.36276     1475.3      485.4     2739.8    275.4    260.0   1694.5 2023  8 25 22  3 19.87999916  0.0   1
     3052  -1.6379262  101.1379801    2.76975     -269.4      302.1      146.8    209.9    152.4     97.4 2023  8 25 22  3 24.92000008  0.0   1
     3053  -1.6402671  101.1612549   13.67756     2321.3       43.2    11054.6    376.6    407.6   4696.2 2023  8 25 22  3 27.50000000  0.0   1
     3054  -1.6450451  101.1428141    2.61055      268.9     -485.1      -12.4    321.0    127.4    132.3 2023  8 25 22  3 32.50000000  0.0   1
     3055  -1.6431666  101.1377686    3.19748     -292.4     -277.4      574.5    344.1    140.3    116.6 2023  8 25 22  3 45.52000046  0.0   1
     3056  -1.6473736  101.1238932    1.99481    -1836.6     -742.5     -628.1    212.7    159.6    220.9 2023  8 25 22  4 22.10000038  0.0   1
     3057  -1.6437180  101.1464925    3.40611      678.3     -338.3      783.2    271.5    170.9    139.2 2023  8 25 22  4 39.36000061  0.0   1
     3058  -1.6415493  101.1383626    3.39962     -226.4      -98.5      776.7    305.4    176.8    142.3 2023  8 25 22  4 42.74000168  0.0   1
     3059  -1.6413720  101.1504639    2.25340     1120.6      -78.9     -369.5    167.2    130.3    145.9 2023  8 25 22  5 22.65999985  0.0   1
     3060  -1.6353141  101.1584554    2.24229     2009.6      590.9     -380.7    201.0    178.0    208.8 2023  8 25 22  5 45.79999924  0.0   1
     3061  -1.6398994  101.1317952    3.11485     -957.1       83.9      491.9    469.1    193.5    144.2 2023  8 25 22  7 34.09999847  0.0   1
     3062  -1.6428927  101.1403076    2.55281      -10.3     -247.1      -70.1    197.1    132.9    144.1 2023  8 25 22  9 17.42000008  0.0   1
     3063  -1.6447030  101.1430094    2.44623      290.6     -447.3     -176.7    187.0    141.1    133.4 2023  8 25 22  9 21.89999962  0.0   1
     3064  -1.6383773  101.1355062    3.13405     -544.1      252.2      511.1    282.3    194.0    148.6 2023  8 25 22  9 33.65999985  0.0   1
     3065  -1.6313985  101.1680990    1.01747     3082.4     1023.9    -1605.5    392.5    501.7    841.8 2023  8 25 22  9 50.97999954  0.0   1
     3066  -1.6431989  101.1560465    2.32422     1741.5     -280.9     -298.7    258.7    240.5    245.9 2023  8 25 22 11 54.90000153  0.0   1
     3067  -1.6401363  101.1543538    3.59536     1552.8       57.7      972.4    357.1    311.6    239.4 2023  8 25 22 12 15.19999981  0.0   1
     3068  -1.6416027  101.1594482    1.93699     2119.7     -104.4     -686.0    265.5    226.8    278.3 2023  8 25 22 14 11.64000034  0.0   1
     3069  -1.6411536  101.1482829    2.65741      877.5      -54.8       34.5    324.8    351.4    258.9 2023  8 28 21 39 39.09999847  0.0   1
     3070  -1.6490293  101.1259766    2.12160    -1604.2     -925.6     -501.3    312.7    163.5    245.4 2023  8 28 22  8 57.27999878  0.0   1
     3071  -1.6364334  101.1393636    2.52248     -115.4      467.2     -100.5    187.0    159.6    131.7 2023  8 29 14 22 51.02999878  0.0   1
     3072  -1.6406223  101.1328044    2.93142     -844.5        4.0      308.5    296.8    154.7    102.5 2023  8 29 18 13 50.74000168  0.0   1
     3073  -1.6467559  101.1197184   19.45300    -2301.0     -674.2    16830.1    311.8    289.1   3908.8 2023  8 29 18 14 32.93999863  0.0   1
     3074  -1.6436854  101.1473796    3.05636      777.4     -334.7      433.4    485.9    253.2    183.2 2023  8 30  1 31 17.67000008  0.0   1
     3075  -1.6418549  101.1492920    2.09677      990.1     -132.3     -526.2    400.9    227.3    309.3 2023  8 30  5 46 14.44999981  0.0   1
     3076  -1.6374924  101.1482340    2.30311      871.8      350.1     -319.8    153.2    173.9    139.4 2023  8 30  5 46 27.07999992  0.0   1
     3077  -1.6408346  101.1497559    2.45555     1041.4      -19.5     -167.4    194.5    207.0    174.0 2023  8 30  5 47  3.69000006  0.0   1
     3078  -1.6432598  101.1320801    2.68263     -925.3     -287.7       59.7    237.4    210.3    127.7 2023  8 30  5 47  5.53999996  0.0   1
     3079  -1.6415346  101.1375732    2.67718     -314.2      -96.9       54.2    319.4    249.3    118.6 2023  8 30  5 47 14.06000042  0.0   1
     3080  -1.6434848  101.1507975    2.87895     1157.5     -312.6      256.0    257.5    228.6    206.8 2023  8 30  5 47 22.72999954  0.0   1
     3081  -1.6401424  101.1439535    2.17196      395.9       57.0     -451.0    213.7    301.5    171.2 2023  8 30  5 47 28.44000053  0.0   1
     3082  -1.6437803  101.1678060    2.51568     3050.2     -345.2     -107.3    820.8    236.7    230.7 2023  8 30  5 47 37.99000168  0.0   1
     3083  -1.6415852  101.1449707    1.81005      508.6     -102.5     -812.9    368.9    208.4    270.6 2023  8 30  5 47 51.20000076  0.0   1
     3084  -1.6447596  101.1411051    2.75009       78.6     -453.5      127.1    411.0    150.9    135.8 2023  8 30  5 50 22.00000000  0.0   1
     3085  -1.6396306  101.1440023    2.36661      401.4      113.6     -256.3    263.9    185.3    132.4 2023  8 30  5 50 28.25000000  0.0   1
     3086  -1.6456601  101.1541341    3.65343     1528.4     -553.1     1030.5    251.0    253.3    196.6 2023  8 30 14 17 58.83000183  0.0   1
     3087  -1.6388920  101.1499512    2.94493     1063.6      195.3      322.0    216.7    245.8    182.8 2023  8 30 14 22 58.09000015  0.0   1
     3088  -1.6438588  101.1376953    1.74586     -300.4     -353.9     -877.1    250.1    137.0    177.9 2023  8 30 14 35 52.65000153  0.0   1
     3094  -1.6403039  101.1396159    2.64604      -86.5       39.2       23.1    256.6    141.7    138.7 2023  9 13 15 18 58.20999908  0.0   1
     3095  -1.6432041  101.1453125    2.17889      546.5     -281.5     -444.1    208.3    131.6    153.6 2023  9 14 16  1  7.05999994  0.0   1
     3096  -1.6404560  101.1523844    2.38751     1334.3       22.4     -235.4    221.6    133.1    126.4 2023  9 14 16  1 16.52000046  0.0   1
     3097  -1.6470002  101.1336100    2.59064     -755.7     -701.3      -32.3    268.1    148.9    251.8 2023  9 14 16  1 24.82999992  0.0   1
     3098  -1.6503770  101.1410645    3.52241       73.8    -1074.7      899.5    507.8    339.6    186.3 2023  9 14 16  3 59.18000031  0.0   1
     3099  -1.6418313  101.1397705    2.48768      -69.4     -129.7     -135.3    185.2    130.8    123.6 2023  9 14 16  4  8.14000034  0.0   1
     3100  -1.6423765  101.1381104    3.32616     -254.2     -190.0      703.2    303.2    190.6    158.1 2023  9 14 16  7 36.65999985  0.0   1
     3101  -1.6409665  101.1396566    2.67298      -82.8      -34.1       50.0    180.6    119.6    104.6 2023  9 14 16  7 43.02999878  0.0   1
     3102  -1.6422499  101.1271159    1.72825    -1477.8     -176.0     -894.7    213.9    242.2    183.8 2023  9 14 16 10 57.36000061  0.0   1
     3103  -1.6446143  101.1453044    2.92693      546.1     -437.4      304.0    299.4    110.9    113.0 2023  9 14 16 11 12.31000042  0.0   1
     3104  -1.6462229  101.1561523    3.15680     1752.9     -615.3      533.9    711.2    190.9    198.6 2023  9 14 16 11 17.97999954  0.0   1
     3105  -1.6419168  101.1390055    2.64748     -154.7     -139.2       24.5    201.6     91.8     95.4 2023  9 14 16 23 25.43000031  0.0   1
     3106  -1.6445274  101.1387451    2.87531     -183.7     -427.8      252.4    214.6    109.7    108.5 2023  9 14 16 23 33.90000153  0.0   1
     3107  -1.6456753  101.1401042    2.50701      -33.0     -554.8     -115.9    197.4    137.3    141.4 2023  9 14 16 23 52.75999832  0.0   1
     3108  -1.6445077  101.1348551    2.96704     -616.5     -425.7      344.1    270.7    165.1    155.6 2023  9 14 16 23 59.08000183  0.0   1
     3109  -1.6461241  101.1409831    3.11273       65.6     -604.4      489.8    313.3    152.1    171.0 2023  9 14 16 24  4.69000006  0.0   1
     3110  -1.6410034  101.1391764    2.40827     -135.7      -38.2     -214.7    184.8    102.5    108.2 2023  9 14 16 24 13.52000046  0.0   1
     3111  -1.6401346  101.1413574    2.43292      107.2       57.9     -190.0    178.2    130.2    122.7 2023  9 14 16 24 25.40999985  0.0   1
     3112  -1.6442036  101.1395182    2.64766      -97.7     -392.0       24.7    318.8    120.2    107.3 2023  9 14 16 24 54.75000000  0.0   1
     3113  -1.6452864  101.1390137    2.69328     -153.8     -511.8       70.3    245.4    115.6    116.9 2023  9 14 16 24 59.38000107  0.0   1
     3114  -1.6426654  101.1365479    2.22918     -428.6     -221.9     -393.8    318.6    127.6    127.2 2023  9 14 16 25  6.48000002  0.0   1
     3115  -1.6409814  101.1462972    2.14616      656.4      -35.7     -476.8    166.3    126.2    135.0 2023  9 14 16 25 25.75000000  0.0   1
     3116  -1.6422989  101.1458740    2.49975      609.1     -181.4     -123.2    322.6    168.2    131.2 2023  9 14 16 25 28.45000076  0.0   1
     3117  -1.6436855  101.1225911    2.34936    -1981.4     -334.8     -273.6    185.8    387.5    177.7 2023  9 14 16 25 34.34999847  0.0   1
     3118  -1.6458083  101.1280273    1.02342    -1376.5     -569.5    -1598.5    324.8    279.7    414.7 2023  9 14 16 25 42.66999817  0.0   1
     3119  -1.6421440  101.1405192    2.42065       13.9     -164.3     -202.3    337.5    170.3    132.9 2023  9 14 16 25 48.11999893  0.0   1
     3120  -1.6385709  101.1370361    2.29643     -374.3      230.8     -326.5    185.5    126.4    113.6 2023  9 14 16 25 56.81999969  0.0   1
     3121  -1.6371011  101.1429769    2.49240      287.4      393.3     -130.5    153.3    110.9    101.5 2023  9 14 16 26  2.75999999  0.0   1
     3122  -1.6381719  101.1398926    2.66969      -55.9      274.9       46.8    220.7    117.4    101.5 2023  9 14 16 26 23.64999962  0.0   1
     3123  -1.6398076  101.1487630    3.36984      931.0       94.0      746.9    272.1    164.9    153.9 2023  9 14 16 26 34.95999908  0.0   1
     3124  -1.6441312  101.1408122    2.60786       46.6     -384.0      -15.1    268.7    167.7    167.4 2023  9 14 16 26 48.50000000  0.0   1
     3125  -1.6472696  101.1355876    2.31528     -535.5     -731.0     -307.7    404.9    172.4    442.2 2023  9 14 16 27  6.15000010  0.0   1
     3126  -1.6424575  101.1412109    2.53319       90.4     -199.0      -89.8    226.4    177.2    134.6 2023  9 14 16 27 14.25000000  0.0   1
     3127  -1.6375866  101.1426758    2.31634      253.4      339.6     -306.6    166.1    106.6    113.7 2023  9 14 16 27 17.69000053  0.0   1
     3128  -1.6382345  101.1462646    2.28192      653.0      268.0     -341.0    352.7    251.7    160.0 2023  9 14 16 27 22.95999908  0.0   1
     3129  -1.6372795  101.1434896    2.63640      343.9      373.6       13.5    255.9    170.4    135.8 2023  9 14 16 27 30.12000084  0.0   1
     3130  -1.6369698  101.1406820    3.12042       31.7      407.8      497.5    259.4    142.9    122.5 2023  9 14 16 27 36.08000183  0.0   1
     3131  -1.6375847  101.1495850    2.27105     1022.5      339.9     -351.9    238.1    129.4    143.4 2023  9 14 16 28  5.15999985  0.0   1
     3132  -1.6431306  101.1460124    2.16775      624.9     -273.4     -455.2    173.6    116.6    155.5 2023  9 14 16 28 10.97999954  0.0   1
     3133  -1.6404091  101.1411947    2.77370       89.0       27.5      150.8    314.5    145.3    109.8 2023  9 14 16 28 18.73999977  0.0   1
     3134  -1.6423431  101.1551432    2.34819     1641.3     -186.3     -274.8    235.9    194.9    217.9 2023  9 14 16 28 27.96999931  0.0   1
     3135  -1.6418992  101.1485596    1.96082      907.9     -137.2     -662.1    226.9    151.6    185.8 2023  9 14 16 28 40.47999954  0.0   1
     3136  -1.6470044  101.1400553    2.47194      -37.9     -701.7     -151.0    421.2    242.7    177.4 2023  9 14 16 28 47.25999832  0.0   1
     3137  -1.6444553  101.1409505    2.47712       61.4     -419.9     -145.8    192.1    149.6    143.2 2023  9 14 16 28 51.58000183  0.0   1
     3138  -1.6459003  101.1250000    1.61637    -1713.1     -579.6    -1006.6    182.4    157.0    217.4 2023  9 14 16 29 41.08000183  0.0   1
     3139  -1.6414018  101.1438477    2.39366      384.1      -82.2     -229.3    276.5    152.7    132.1 2023  9 14 16 29 46.22999954  0.0   1
     3140  -1.6444649  101.1425863    2.41662      243.4     -420.9     -206.3    222.9    140.0    144.5 2023  9 14 16 29 52.25999832  0.0   1
     3141  -1.6423869  101.1459229    2.49773      614.7     -191.2     -125.2    150.7    104.0    130.7 2023  9 14 16 32  8.39999962  0.0   1
     3142  -1.6398151  101.1427165    2.37502      258.4       93.2     -247.9    152.4    158.6    143.7 2023  9 14 16 32 17.73999977  0.0   1
     3143  -1.6383642  101.1568685    1.79762     1832.8      253.7     -825.3    163.5    209.2    250.1 2023  9 14 16 32 30.69000053  0.0   1
     3144  -1.6386519  101.1401693    2.51933      -25.5      221.8     -103.6    173.9    102.1    108.3 2023  9 14 16 32 37.11000061  0.0   1
     3145  -1.6420254  101.1293945    2.94327    -1224.6     -151.2      320.3    406.9    161.0    112.6 2023  9 14 16 32 59.11000061  0.0   1
     3146  -1.6356098  101.1543701    2.75483     1554.6      558.2      131.9    137.8    164.9    128.6 2023  9 14 16 34 11.01000023  0.0   1
     3147  -1.6416743  101.1560954    2.05695     1746.8     -112.4     -566.0    227.6    201.3    182.4 2023  9 14 16 34 40.43000031  0.0   1
     3148  -1.6387396  101.1429932    2.43311      288.9      212.1     -189.8    214.1     96.5    110.4 2023  9 14 16 34 47.56999969  0.0   1
     3149  -1.6381521  101.1607666    2.89163     2266.3      277.1      268.7    340.2    272.6    321.7 2023  9 14 16 34 58.79000092  0.0   1
     3150  -1.6459422  101.1289388    2.14918    -1275.1     -584.3     -473.8    255.6    237.0    175.0 2023  9 14 16 36 23.40999985  0.0   1
     3151  -1.6393149  101.1311442    2.45364    -1030.0      148.5     -169.3    282.8    167.3    177.2 2023  9 14 16 38 46.27000046  0.0   1
     3152  -1.6429825  101.1487549    3.55758      929.6     -257.0      934.6    487.7    151.4    178.4 2023  9 14 16 39 22.14999962  0.0   1
     3153  -1.6452539  101.1498698    2.28310     1054.3     -508.2     -339.8    200.2    119.5    166.6 2023  9 14 16 40 10.57999992  0.0   1
     3154  -1.6426329  101.1354492    2.40190     -550.3     -218.4     -221.0    316.2    257.2    144.5 2023  9 14 16 40 29.72999954  0.0   1
     3155  -1.6385310  101.1432617    3.02774      318.3      235.2      404.8    214.1    138.2    132.7 2023  9 14 16 42 57.52000046  0.0   1
     3156  -1.6445012  101.1449463    2.31120      506.3     -424.9     -311.7    210.6    141.2    201.8 2023  9 14 16 43 40.40999985  0.0   1
     3157  -1.6391385  101.1384521    2.59795     -216.3      168.0      -25.0    283.4    161.0    134.3 2023  9 14 16 48 22.35000038  0.0   1
     3158  -1.6422722  101.1487874    3.00178      933.6     -178.5      378.8    533.7    234.5    155.7 2023  9 14 16 48 45.50999832  0.0   1
     3159  -1.6425863  101.1648193    0.30361     2717.5     -213.2    -2319.3    279.0    337.4    641.6 2023  9 14 16 51 31.97999954  0.0   1
     3160  -1.6441320  101.1492676    2.69947      987.0     -384.1       76.5    171.4    205.8    184.0 2023  9 14 16 56  2.07999992  0.0   1
     3161  -1.6424608  101.1466634    2.41206      697.3     -199.3     -210.9    169.2    137.2    164.3 2023  9 14 17  0 13.88000011  0.0   1
     3162  -1.6340196  101.1411458    1.41114       83.4      734.1    -1211.8    553.6    369.3    471.8 2023  9 14 17 16  3.20000005  0.0   1
     3163  -1.6424830  101.1454590    2.66437      562.9     -201.8       41.4    320.7    138.3    118.4 2023  9 14 17 16 12.60000038  0.0   1
     3164  -1.6439158  101.1331543    2.25062     -805.6     -360.2     -372.3    208.0    115.9    130.2 2023  9 14 17 16 20.60000038  0.0   1
     3165  -1.6415274  101.1351807    2.39112     -580.7      -96.1     -231.8    272.2    116.1    114.2 2023  9 14 17 22 43.41999817  0.0   1
     3166  -1.6433172  101.1372152    2.49530     -353.8     -294.0     -127.6    239.2    117.8    123.8 2023  9 14 17 23  1.67999995  0.0   1
     3167  -1.6484049  101.1400228    2.55189      -41.9     -856.6      -71.1    258.7    144.3    196.2 2023  9 14 17 23  3.44000006  0.0   1
     3168  -1.6412483  101.1383870    2.67722     -223.9      -65.3       54.3    210.0     96.5     91.0 2023  9 14 17 23 38.47999954  0.0   1
     3169  -1.6441116  101.1351156    2.48818     -587.7     -381.9     -134.8    242.1    112.6    106.4 2023  9 14 17 24 47.47999954  0.0   1
     3170  -1.6423233  101.1372803    2.47267     -346.9     -184.1     -150.3    261.1    119.9    152.2 2023  9 14 18  6 58.63999939  0.0   1
     3171  -1.6249161  101.1657308    4.48693     2819.3     1740.7     1864.0    622.7    579.3   3390.0 2023  9 14 21 33 19.92000008  0.0   1
     3172  -1.6438700  101.1364258    2.40486     -442.3     -355.2     -218.1    278.6    166.4    190.4 2023  9 15 17 48 41.77999878  0.0   1
     3173  -1.6387206  101.1429362    2.66493      282.4      214.2       42.0    169.1    120.6    107.8 2023  9 15 17 50 48.40000153  0.0   1
     3174  -1.6430734  101.1447998    2.79033      490.2     -267.1      167.4    262.7    177.1    148.2 2023  9 15 17 51  9.39999962  0.0   1
     3175  -1.6374531  101.1409017    2.68028       56.4      354.4       57.3    222.4    200.2    153.8 2023  9 18  5 36 41.97999954  0.0   1
     3176  -1.6428593  101.1399414    2.64207      -50.6     -243.4       19.1    241.3    139.7    142.3 2023  9 18 16 33 14.22000027  0.0   1
     3177  -1.6345041  101.1458577    3.47314      607.2      680.5      850.2    199.3    189.5    123.5 2023  9 19 22 37 53.88000107  0.0   1
     3178  -1.6402791  101.1410645    2.65470       73.9       41.9       31.8    161.5    117.9     99.7 2023  9 20 20 41 28.63999939  0.0   1
     3179  -1.6433809  101.1474447    2.35452      783.8     -301.1     -268.4    195.6    144.2    224.5 2023  9 21  3 26 18.59000015  0.0   1
     3180  -1.6383127  101.1529460    2.90790     1395.9      259.3      285.0    214.9    148.8    176.1 2023  9 21  3 26 48.38999939  0.0   1
     3181  -1.6384745  101.1426758    3.16902      253.4      241.5      546.1    203.1    181.7    137.0 2023  9 21  3 26 59.63000107  0.0   1
     3182  -1.6437972  101.1215251    1.30600    -2099.8     -347.1    -1316.9    378.6    230.8    753.8 2023  9 21  3 27 59.75000000  0.0   1
     3183  -1.6420039  101.1500081    2.49769     1069.4     -148.8     -125.3    231.0    214.6    241.8 2023  9 21  3 28  2.72000003  0.0   1
     3184  -1.6402395  101.1455241    2.63766      570.4       46.3       14.7    136.4    143.8    142.6 2023  9 21  3 28 44.74000168  0.0   1
     3185  -1.6416032  101.1168620    1.04693    -2618.5     -104.5    -1576.0    324.5    338.1    775.7 2023  9 21  3 37 14.60999966  0.0   1
     3186  -1.6468210  101.1444661    2.27546      452.5     -681.4     -347.5    247.5    170.9    191.6 2023  9 21  3 43  8.53999996  0.0   1
     3187  -1.6445316  101.1418294    2.33971      159.6     -428.3     -283.2    240.7    152.2    160.9 2023  9 21  3 43 36.95999908  0.0   1
     3188  -1.6400955  101.1416178    3.53653      135.8       62.2      913.6    340.2    180.1    146.9 2023  9 21  3 44 35.31000137  0.0   1
     3189  -1.6381129  101.1406982    3.05724       33.1      281.4      434.3    268.1    187.1    132.9 2023  9 21  3 45  0.40000001  0.0   1
     3190  -1.6377408  101.1383301    2.52825     -229.6      322.6      -94.7    205.7    136.0    114.2 2023  9 21  3 46 23.75000000  0.0   1
     3191  -1.6408604  101.1444824    2.85866      454.4      -22.4      235.7    196.2    136.5     99.8 2023  9 21  3 47 35.90000153  0.0   1
     3192  -1.6413335  101.1455648    2.68449      575.4      -74.7       61.5    180.0    160.8    135.6 2023  9 21  3 47 45.47000122  0.0   1
     3193  -1.6393812  101.1425212    2.89447      236.4      141.2      271.5    214.9    139.1    116.8 2023  9 21  3 50 10.31999969  0.0   1
     3194  -1.6339397  101.1391357    3.01848     -140.8      742.9      395.5    257.9    153.6    116.9 2023  9 21  3 51 53.75000000  0.0   1
     3195  -1.6350038  101.1466309    3.28176      693.4      625.2      658.8    197.8    199.8    122.4 2023  9 21  3 54 41.15999985  0.0   1
     3196  -1.6350395  101.1579427    2.86380     1952.4      621.3      240.9    213.9    170.2    174.5 2023  9 21  3 54 56.18999863  0.0   1
     3197  -1.6357738  101.1480957    3.10987      856.5      540.1      486.9    160.1    165.3    119.2 2023  9 21  3 55  2.20000005  0.0   1
     3198  -1.6395645  101.1469157    2.81300      725.5      120.9      190.1    165.4    132.6    108.1 2023  9 21  3 57 10.92000008  0.0   1
     3199  -1.6516820  101.1282878   54.79211    -1347.3    -1218.9    52169.2    413.7    235.0   3527.2 2023  9 21 18  0  5.40000010  0.0   1
     3200  -1.6407864  101.1691081    3.40901     3194.7      -14.2      786.1    439.3    594.8   6694.8 2023  9 21 18  0 24.65999985  0.0   1
     3201  -1.6409749  101.1585612   19.67850     2021.2      -35.0    17055.6    327.8    310.3   2130.5 2023  9 21 18  0 43.88000107  0.0   1
     3202  -1.6440638  101.1506266    2.75472     1138.6     -376.6      131.8    213.4    168.2    208.5 2023  9 21 18  2 53.29999924  0.0   1
     3203  -1.6422438  101.1416911    2.47609      143.9     -175.3     -146.9    193.4    135.7    127.6 2023  9 21 18  3  1.86000001  0.0   1
     3204  -1.6395438  101.1483968    2.46292      890.1      123.2     -160.0    183.2    114.2    112.3 2023  9 21 18  3  6.84000015  0.0   1
     3205  -1.6381336  101.1704834    0.49594     3347.5      279.2    -2127.0    415.9    500.9    850.2 2023  9 21 18  3 55.40000153  0.0   1
     3206  -1.6397046  101.1561198    2.44600     1749.1      105.4     -176.9    318.6    208.4    262.6 2023  9 21 18  3 58.45999908  0.0   1
     3207  -1.6367966  101.1589193    1.72044     2061.1      427.0     -902.5    151.6    251.0    218.7 2023  9 21 18  4  4.84000015  0.0   1
     3208  -1.6426282  101.1439697    2.53052      398.0     -217.8      -92.4    166.2    127.4    123.7 2023  9 21 18  4  8.68000031  0.0   1
     3209  -1.6465621  101.1380046    2.91233     -265.8     -652.8      289.4    286.6    153.2    149.8 2023  9 21 18  5 31.94000053  0.0   1
     3210  -1.6432023  101.1389242    2.89748     -164.3     -281.3      274.5    263.4    122.8    101.6 2023  9 21 18  5 48.38000107  0.0   1
     3211  -1.6516492  101.1225667    2.10601    -1983.8    -1215.3     -516.9    173.9    151.7    209.0 2023  9 21 18  6 39.50000000  0.0   1
     3212  -1.6484315  101.1365885    2.85840     -423.4     -859.5      235.5    269.1    147.6    168.7 2023  9 21 18 40 21.60000038  0.0   1
     3213  -1.6388971  101.1515951    3.07923     1246.2      194.7      456.3    204.3    204.3    166.8 2023  9 28  7  5  1.83000004  0.0   1
     3214  -1.6366675  101.1451660    2.98726      530.4      441.3      364.3    241.6    183.4    134.5 2023  9 28  7 39  3.82999992  0.0   1
     3215  -1.6419437  101.1438232    2.90622      381.3     -142.1      283.3    357.7    279.5    185.6 2023  9 28  7 40  2.51999998  0.0   1
     3216  -1.6384492  101.1480469    2.72796      851.3      244.3      105.0    208.5    206.0    134.5 2023  9 28  7 55 56.93999863  0.0   1
     3217  -1.6408386  101.1442546    2.53640      429.4      -19.9      -86.5    149.0     96.6    102.5 2023  9 28  7 56  5.48999977  0.0   1
     3218  -1.6442351  101.1465088    2.46033      679.8     -395.5     -162.6    183.9    195.8    173.3 2023  9 28  7 56 11.47999954  0.0   1
     3219  -1.6369789  101.1438232    3.42895      381.3      406.8      806.0    203.2    160.7    138.5 2023  9 28  7 57 46.27000046  0.0   1
     3220  -1.6444363  101.1530355    2.07291     1406.0     -417.7     -550.0    260.0    174.1    375.2 2023  9 28  7 59 35.90000153  0.0   1
     3221  -1.6426662  101.1428630    2.28680      274.8     -222.0     -336.1    195.2    132.2    125.1 2023  9 28  8  1 35.72000122  0.0   1
     3222  -1.6395237  101.1484294    2.14030      893.5      125.4     -482.6    198.3    156.7    165.1 2023  9 28  8  2  3.35999990  0.0   1
     3223  -1.6430669  101.1462158    2.43086      647.9     -266.3     -192.1    168.8    138.0    153.0 2023  9 28  8  2 40.31000137  0.0   1
     3224  -1.6398144  101.1475179    2.18369      792.4       93.3     -439.3    174.1    123.5    151.9 2023  9 28  8  7 49.70999908  0.0   1
     3225  -1.6434067  101.1463867    2.22309      666.4     -303.9     -399.9    170.7    117.7    166.5 2023  9 28  8 13  6.84000015  0.0   1
     3226  -1.6398321  101.1470866    2.32445      744.4       91.4     -298.5    167.3    121.6    121.4 2023  9 28  8 15 50.84999847  0.0   1
     3227  -1.6458848  101.1446696    2.06700      475.2     -577.9     -555.9    210.9    178.1    258.5 2023  9 28  8 15 58.18999863  0.0   1
     3228  -1.6429264  101.1461344    2.69179      638.3     -250.8       68.8    288.8    116.1    112.4 2023  9 28  8 17  0.49000001  0.0   1
     3229  -1.6396022  101.1423177    2.60850      213.7      116.8      -14.4    289.8    170.3    123.9 2023  9 28  8 17 24.29000092  0.0   1
     3230  -1.6403896  101.1436442    2.85618      361.3       29.7      233.2    222.8    153.4    117.6 2023  9 28  8 19 49.29999924  0.0   1
     3231  -1.6405409  101.1396240    2.65510      -86.2       13.0       32.2    251.7    116.3     89.1 2023  9 28  8 20 55.52000046  0.0   1
     3232  -1.6406848  101.1461182    2.45660      636.3       -2.9     -166.3    160.3     92.2    115.8 2023  9 28  8 26 42.88000107  0.0   1
     3233  -1.6421225  101.1474691    2.18591      786.9     -161.9     -437.0    175.7    103.4    164.8 2023  9 28  8 26 46.84000015  0.0   1
     3234  -1.6422165  101.1442301    2.58055      426.9     -172.3      -42.4    157.6    101.3    119.5 2023  9 28  8 27  2.09999990  0.0   1
     3235  -1.6437599  101.1505371    1.99845     1128.4     -343.0     -624.5    257.4    168.1    360.5 2023  9 28  8 29 31.02000046  0.0   1
     3236  -1.6409053  101.1446126    2.74397      469.4      -27.3      121.0    349.0    173.7    137.3 2023  9 28  8 33 52.38000107  0.0   1
     3237  -1.6420429  101.1420654    2.45076      185.6     -153.1     -172.2    165.8    119.7    118.6 2023  9 28  8 34 52.70000076  0.0   1
     3238  -1.6398000  101.1407227    2.78063       36.3       94.9      157.7    170.0    106.6     90.0 2023  9 28  8 35 23.65999985  0.0   1
     3239  -1.6387711  101.1460368    2.06141      627.9      208.7     -561.5    163.6    106.5    132.7 2023  9 28  8 35 37.04000092  0.0   1
     3240  -1.6424452  101.1388753    2.59806     -169.5     -197.6      -24.9    224.7    125.7    107.8 2023  9 28  8 36  6.26000023  0.0   1
     3241  -1.6419023  101.1452230    2.35498      537.0     -137.6     -268.0    160.8    120.8    126.8 2023  9 28  8 36  9.26000023  0.0   1
     3242  -1.6438918  101.1464681    2.37004      675.6     -357.5     -252.9    192.9    117.6    156.2 2023  9 28  8 36 18.69000053  0.0   1
     3243  -1.6420848  101.1363363    2.93876     -452.2     -157.7      315.8    257.2    133.4    109.0 2023  9 28  8 36 33.70999908  0.0   1
     3244  -1.6460388  101.1434408    2.11623      338.7     -595.0     -506.7    205.2    152.9    183.4 2023  9 28  8 36 39.86999893  0.0   1
     3245  -1.6520805  101.1465983    3.00471      690.0    -1263.0      381.8    279.7    193.6    534.4 2023  9 28  8 37 37.74000168  0.0   1
     3246  -1.6405529  101.1417155    2.64769      146.3       11.6       24.7    135.5     74.8     88.3 2023  9 28  8 37 40.75999832  0.0   1
     3247  -1.6409753  101.1413574    2.77004      106.7      -35.1      147.1    130.8     91.8     81.5 2023  9 28  8 38  9.71000004  0.0   1
     3248  -1.6389219  101.1461751    2.47521      643.0      192.0     -147.7    149.8    134.1    119.0 2023  9 28  8 39  3.31999993  0.0   1
     3249  -1.6408966  101.1406657    2.72196       30.2      -26.4       99.0    163.7    114.8     89.2 2023  9 28  8 39 16.25000000  0.0   1
     3250  -1.6426771  101.1409180    2.52001       57.9     -223.2     -102.9    171.2    161.2    170.1 2023  9 28  8 39 29.69000053  0.0   1
     3251  -1.6413460  101.1420247    2.60775      181.0      -76.1      -15.2    154.1    103.0    118.6 2023  9 28  8 40 15.93999958  0.0   1
     3252  -1.6419505  101.1459066    2.50646      613.2     -142.9     -116.5    155.0    112.6    118.5 2023  9 28  8 40 38.47999954  0.0   1
     3253  -1.6433011  101.1401937    2.64660      -23.1     -292.2       23.7    177.2    113.1    114.5 2023  9 28  8 40 41.38000107  0.0   1
     3254  -1.6464264  101.1434408    2.42785      338.9     -637.8     -195.1    220.8    130.9    162.8 2023  9 28  8 41  2.16000009  0.0   1
     3255  -1.6408755  101.1506104    2.59321     1136.5      -24.0      -29.7    201.6    193.8    148.1 2023  9 28  8 41 20.87999916  0.0   1
     3256  -1.6398291  101.1409749    2.50514       64.3       91.7     -117.8    138.4     88.5    108.3 2023  9 28  8 41 55.04999924  0.0   1
     3257  -1.6382935  101.1460938    3.39795      633.9      261.5      775.0    294.1    189.1    146.6 2023  9 28  8 42 14.56999969  0.0   1
     3258  -1.6444691  101.1400553    2.84697      -38.2     -421.4      224.0    229.4    124.9    118.6 2023  9 28  8 42 19.54999924  0.0   1
     3259  -1.6439509  101.1483317    2.67180      882.8     -364.1       48.9    360.9    180.0    165.6 2023  9 28  8 43 54.72999954  0.0   1
     3260  -1.6489783  101.1465902    1.74095      688.7     -920.0     -882.0    220.6    162.8    223.5 2023  9 28  8 44 16.90999985  0.0   1
     3261  -1.6383464  101.1444010    3.03189      445.8      255.6      408.9    168.2    147.6    117.9 2023  9 28  8 44 28.37999916  0.0   1
     3262  -1.6411057  101.1410482    2.74976       72.5      -49.5      126.8    180.4    116.3    117.2 2023  9 28  8 47 19.86000061  0.0   1
     3263  -1.6408061  101.1438232    2.74866      381.5      -16.4      125.7    259.5    142.1    117.3 2023  9 28  8 47 33.06999969  0.0   1
     3264  -1.6420755  101.1401123    3.01098      -31.3     -156.7      388.0    380.5    171.8    162.7 2023  9 28  8 51 42.25999832  0.0   1
     3265  -1.6419409  101.1390788    2.79547     -146.6     -141.8      172.5    168.2    131.4     87.5 2023  9 28  8 59 46.52999878  0.0   1
     3266  -1.6412390  101.1427572    2.55540      262.3      -64.2      -67.5    227.5    102.4    100.3 2023  9 28  9  4 21.27000046  0.0   1
     3267  -1.6417638  101.1408366    2.78639       48.5     -122.2      163.4    174.3    137.5    105.9 2023  9 28  9  5 15.84000015  0.0   1
     3268  -1.6426313  101.1463949    2.46124      667.6     -218.2     -161.7    165.1    105.7    140.0 2023  9 28  9 10 20.37000084  0.0   1
     3269  -1.6422944  101.1325684    2.94334     -871.5     -180.9      320.4    205.7    159.4    120.7 2023  9 28  9 17 17.36000061  0.0   1
     3270  -1.6389633  101.1410238    2.56165       70.0      187.4      -61.3    147.3    122.9    122.8 2023 10  5  7 35 44.90999985  0.0   1
     3271  -1.6150138  101.1327393    2.17420     -852.1     2835.6     -448.7    454.0    427.0    234.6 2023 10  8  0 46  1.73000002  0.0   1
     3272  -1.6125992  101.1304118    2.71247    -1111.5     3102.6       89.5    347.8    349.1    215.2 2023 10  8  0 46 50.84000015  0.0   1
     3273  -1.6361251  101.1352458    3.23201     -572.8      501.2      609.1    426.4    197.6    160.0 2023 10  9 12  0 57.20999908  0.0   1
     3274  -1.6355656  101.1607178    2.48801     2261.3      563.1     -134.9    211.4    176.3    206.8 2023 10  9 13 10 28.75000000  0.0   1
     3275  -1.6431147  101.1461344    2.16013      638.8     -271.6     -462.8    214.1    160.7    172.4 2023 10 10  8 52 47.47999954  0.0   1
     3276  -1.6474267  101.1443197    3.17966      436.2     -748.4      556.7    381.4    124.6    159.5 2023 10 12  2  8 51.72999954  0.0   1
     3277  -1.6460561  101.1441732    2.47699      419.8     -596.9     -146.0    380.8    140.5    154.2 2023 10 12  2 25 53.88999939  0.0   1
     3278  -1.6499123  101.1445719    2.74662      464.5    -1023.3      123.7    216.0    236.4    217.4 2023 10 12  2 26 44.36999893  0.0   1
     3279  -1.6448201  101.1411051    2.74581       78.6     -460.2      122.9    232.6    153.2    141.3 2023 10 12  7 33 35.72000122  0.0   1
     3280  -1.6385256  101.1381104    3.15406     -254.5      235.8      531.1    302.2    256.6    128.7 2023 10 12  7 35 26.72999954  0.0   1
     3281  -1.6358821  101.1429687    3.20133      286.4      528.1      578.4    216.3    156.2    128.5 2023 10 12  7 44 21.15999985  0.0   1
     3282  -1.6355897  101.1467773    3.28428      709.6      560.4      661.3    213.6    191.6    142.2 2023 10 14  8 24 30.54000092  0.0   1
     3283  -1.6371716  101.1445394    3.44320      460.8      385.5      820.3    303.1    214.5    155.7 2023 10 14 10 32 46.22999954  0.0   1
     3284  -1.6388536  101.1386230    2.83893     -197.0      199.5      216.0    319.3    185.9    147.7 2023 10 14 16 31 41.02000046  0.0   1
     3285  -1.6417823  101.1345459    3.42282     -651.3     -124.3      799.9    342.4    212.6    194.2 2023 10 17  8 13 56.77000046  0.0   1
     3286  -1.6419060  101.1245605    2.70712    -1761.9     -138.0       84.2    268.7    200.3    220.3 2023 10 17  9  1 32.40999985  0.0   1
     3287  -1.6356233  101.1100423    1.92371    -3377.5      556.7     -699.2    378.4    346.5    284.0 2023 10 18  0 33 19.65999985  0.0   1
     3288  -1.6325335  101.1352783    1.61909     -570.0      898.4    -1003.8    332.0    361.0    495.6 2023 10 18 14 21 34.95000076  0.0   1
