     2719  -1.6420406  101.1461670    2.80792      641.9     -152.9      185.0      0.5      0.3      0.2 2023  1  3  3 43 21.02000046  0.0   1
     2720  -1.6381443  101.1481364    2.99998      861.4      278.0      377.0      0.6      0.7      0.4 2023  1  3  3 52  5.73000002  0.0   1
     2721  -1.6356766  101.1507406    2.69431     1150.6      550.8       71.4      0.9      0.7      0.5 2023  1  3  3 52 21.03000069  0.0   1
     2722  -1.6425254  101.1383789    2.75684     -224.6     -206.5      133.9      0.8      0.4      0.2 2023  1  3  3 52 34.75000000  0.0   1
     2723  -1.6400740  101.1446940    2.81927      477.8       64.6      196.3      0.5      0.3      0.3 2023  1  3  4  2 20.45000076  0.0   1
     2724  -1.6400815  101.1456380    2.89776      583.4       63.8      274.8      0.4      0.4      0.2 2023  1  4 20 11 39.40000153  0.0   1
     2725  -1.6404819  101.1432536    2.90587      317.5       19.5      282.9      0.7      0.4      0.3 2023  1  4 20 16 15.53999996  0.0   1
     2726  -1.6456675  101.1403564    2.57968       -4.5     -553.9      -43.3      1.6      0.8      0.6 2023  1  4 20 17  9.68000031  0.0   1
     2727  -1.6485419  101.1281413    1.82547    -1364.2     -871.7     -797.5      7.1      6.2      7.2 2023  1  4 20 18 22.71999931  0.0   1
     2729  -1.6459484  101.1397298    2.77852      -74.0     -585.0      155.6      1.4      0.3      0.4 2023  1 11 13 28 50.43999863  0.0   1
     2734  -1.6411232  101.1466227    3.01559      692.6      -51.4      392.6      0.8      0.6      0.4 2023  1 20 18 30  0.36000001  0.0   1
     2735  -1.6442247  101.1385091    2.98726     -209.7     -394.4      364.3      0.9      0.5      0.3 2023  1 20 19 10 25.45999908  0.0   1
     2736  -1.6417477  101.1446452    2.61556      473.1     -120.5       -7.4      0.5      0.2      0.3 2023  1 20 19 10 36.45999908  0.0   1
     2737  -1.6420125  101.1427409    2.60082      260.4     -149.8      -22.1      0.9      0.3      0.2 2023  1 20 19 11 19.44000053  0.0   1
     2738  -1.6407003  101.1410726    3.03333       74.9       -4.7      410.4      0.7      0.4      0.3 2023  1 20 19 11 38.47999954  0.0   1
     2739  -1.6392118  101.1429118    2.87646      279.7      159.9      253.5      0.6      0.3      0.3 2023  1 20 19 11 46.86000061  0.0   1
     2740  -1.6406062  101.1422445    2.68519      205.3        5.7       62.2      0.7      0.4      0.3 2023  1 20 19 12  2.07999992  0.0   1
     2741  -1.6415937  101.1437581    2.87407      374.0     -103.4      251.1      0.6      0.2      0.2 2023  1 20 19 12 14.30000019  0.0   1
     2742  -1.6450710  101.1388428    2.70694     -172.6     -488.0       84.0      2.0      0.8      1.2 2023  1 20 19 12 27.89999962  0.0   1
     2743  -1.6410947  101.1435954    2.74942      356.2      -48.3      126.5      0.5      0.4      0.3 2023  1 20 19 12 41.43999863  0.0   1
     2744  -1.6391702  101.1414714    3.13535      119.7      164.5      512.4      1.0      0.6      0.3 2023  1 20 19 12 45.20000076  0.0   1
     2745  -1.6418523  101.1423096    2.96634      212.6     -132.0      343.4      0.8      0.3      0.3 2023  1 20 19 12 58.77999878  0.0   1
     2746  -1.6425500  101.1436849    2.90897      365.5     -209.2      286.0      0.7      0.4      0.3 2023  1 20 19 13  8.81999969  0.0   1
     2747  -1.6452806  101.1433187    2.56649      325.4     -511.1      -56.5      1.4      0.5      0.4 2023  1 20 19 13 21.52000046  0.0   1
     2748  -1.6388194  101.1409505    3.11062       61.5      203.3      487.7      1.8      0.9      0.4 2023  1 20 19 13 50.47999954  0.0   1
     2749  -1.6409462  101.1303223    2.46245    -1121.1      -31.8     -160.5      1.1      0.9      0.7 2023  1 20 19 13 59.40000153  0.0   1
     2750  -1.6399083  101.1355387    2.83051     -540.7       82.9      207.6      0.7      1.0      0.4 2023  1 20 19 14 14.26000023  0.0   1
     2751  -1.6416899  101.1449219    2.92096      503.4     -114.1      298.0      0.8      0.5      0.3 2023  1 20 19 14 47.25999832  0.0   1
     2752  -1.6419842  101.1468424    2.76257      716.8     -146.6      139.6      0.7      0.6      0.5 2023  1 20 19 14 50.77999878  0.0   1
     2753  -1.6426950  101.1391520    2.89399     -138.5     -225.2      271.0      1.5      0.5      0.4 2023  1 20 19 15  4.05999994  0.0   1
     2754  -1.6416014  101.1440348    2.72329      404.7     -104.3      100.3      0.5      0.3      0.2 2023  1 20 19 15 37.75999832  0.0   1
     2755  -1.6412827  101.1432048    2.74303      312.0      -69.1      120.1      0.5      0.4      0.3 2023  1 20 19 15 47.91999817  0.0   1
     2756  -1.6409950  101.1426676    2.78386      252.7      -37.3      160.9      0.4      0.2      0.2 2023  1 20 19 16  4.34000015  0.0   1
     2757  -1.6427149  101.1379069    2.78631     -276.7     -227.4      163.4      1.3      0.6      0.5 2023  1 20 19 16 23.39999962  0.0   1
     2758  -1.6377827  101.1461182    2.89925      636.9      318.0      276.3      0.5      0.4      0.3 2023  1 20 19 16 33.02000046  0.0   1
     2759  -1.6410038  101.1450114    2.77723      513.4      -38.2      154.3      0.5      0.3      0.2 2023  1 20 19 16 54.11999893  0.0   1
     2760  -1.6414857  101.1488770    2.72762      943.9      -91.5      104.7      0.7      0.4      0.4 2023  1 20 19 17 18.65999985  0.0   1
     2761  -1.6414769  101.1423584    2.78406      217.9      -90.5      161.1      0.5      0.4      0.2 2023  1 20 19 17 23.44000053  0.0   1
     2762  -1.6418262  101.1427409    2.74355      260.9     -129.2      120.6      0.5      0.3      0.2 2023  1 20 19 17 53.41999817  0.0   1
     2763  -1.6448690  101.1215332    1.86618    -2098.7     -465.6     -756.8      0.8      0.9      1.0 2023  1 20 19 17 59.56000137  0.0   1
     2764  -1.6371759  101.1492106    2.96372      980.4      385.1      340.8      0.9      0.8      0.5 2023  1 20 19 18 19.47999954  0.0   1
     2765  -1.6434263  101.1460449    2.91848      628.8     -306.1      295.5      1.0      0.5      0.5 2023  1 20 19 18 31.20000076  0.0   1
     2766  -1.6441944  101.1382975    2.69715     -233.7     -391.0       74.2      0.9      0.5      0.3 2023  1 20 19 18 39.00000000  0.0   1
     2767  -1.6413817  101.1406820    2.89696       31.5      -80.0      274.0      1.2      0.5      0.3 2023  1 20 19 20 12.10000038  0.0   1
     2768  -1.6423470  101.1368734    2.72697     -392.4     -186.7      104.0      0.6      0.3      0.2 2023  1 20 19 20 39.81999969  0.0   1
     2769  -1.6427118  101.1442057    2.87178      424.1     -227.1      248.8      0.7      0.3      0.3 2023  1 20 19 21  7.40000010  0.0   1
     2770  -1.6424185  101.1394450    2.90150     -106.1     -194.6      278.6      0.9      0.4      0.3 2023  1 20 19 21 18.81999969  0.0   1
     2771  -1.6411570  101.1519613    2.53857     1286.5      -55.2      -84.4      1.0      1.0      0.7 2023  1 20 19 21 59.91999817  0.0   1
     2772  -1.6426633  101.1448161    3.00361      491.5     -221.7      380.7      0.7      0.3      0.3 2023  1 20 19 22 12.19999981  0.0   1
     2773  -1.6389737  101.1540609    2.36803     1520.1      186.3     -254.9      1.2      1.1      1.1 2023  1 20 19 22 39.93999863  0.0   1
     2774  -1.6433216  101.1396729    3.06149      -80.5     -294.5      438.5      0.9      0.4      0.2 2023  1 20 19 22 45.40000153  0.0   1
     2775  -1.6448870  101.1354574    2.80555     -549.5     -467.6      182.6      0.7      0.4      0.3 2023  1 20 19 23  1.05999994  0.0   1
     2776  -1.6461268  101.1428548    2.44375      273.5     -604.7     -179.2      1.4      0.8      1.2 2023  1 20 19 23  6.86000013  0.0   1
     2777  -1.6414576  101.1392497    2.77169     -127.3      -88.4      148.7      0.7      0.4      0.3 2023  1 20 19 24 26.95999908  0.0   1
     2778  -1.6448867  101.1271240    2.50798    -1477.2     -467.6     -115.0      2.2      1.3      1.8 2023  1 20 19 24 30.94000053  0.0   1
     2779  -1.6459362  101.1291097    2.67154    -1256.1     -583.6       48.6      2.8      3.1      2.1 2023  1 20 19 24 45.20000076  0.0   1
     2780  -1.6483810  101.1374023    2.42087     -333.0     -853.9     -202.1      3.0      0.9      0.9 2023  1 20 19 24 52.18000031  0.0   1
     2782  -1.6396678  101.1518962    2.63008     1279.6      109.5        7.1      1.0      1.0      0.7 2023  1 20 19 25 16.07999992  0.0   1
     2783  -1.6492905  101.1285156    1.73374    -1321.9     -954.5     -889.2      2.4      1.3      1.4 2023  1 20 19 26 19.50000000  0.0   1
     2784  -1.6347434  101.1565023    2.78389     1792.1      654.0      160.9      1.4      1.9      1.3 2023  1 20 19 26 40.24000168  0.0   1
     2785  -1.6460693  101.1466634    2.85887      697.3     -598.3      235.9      0.8      0.6      0.6 2023  1 20 19 26 53.72000122  0.0   1
     2786  -1.6413687  101.1442464    2.65079      428.4      -78.6       27.8      0.6      0.4      0.3 2023  1 20 19 28  3.14000010  0.0   1
     2787  -1.6432362  101.1396484    2.67978      -83.1     -285.1       56.8      0.8      0.4      0.3 2023  1 20 19 28 27.34000015  0.0   1
     2788  -1.6413681  101.1437419    2.83697      372.6      -78.5      214.0      0.4      0.3      0.2 2023  1 20 19 28 29.31999969  0.0   1
     2789  -1.6409225  101.1440023    2.66356      401.5      -29.2       40.6      0.7      0.4      0.3 2023  1 20 19 28 39.91999817  0.0   1
     2790  -1.6457811  101.1430257    2.76597      292.7     -566.5      143.0      0.9      0.4      0.3 2023  1 20 19 29 12.73999977  0.0   1
     2791  -1.6431154  101.1418945    2.86692      166.8     -271.7      244.0      1.1      0.5      0.4 2023  1 20 19 29 38.18000031  0.0   1
     2792  -1.6418365  101.1442708    2.79464      430.9     -130.3      171.7      0.4      0.3      0.2 2023  1 20 19 30 28.65999985  0.0   1
     2793  -1.6418068  101.1417318    2.74521      148.5     -127.0      122.3      0.6      0.4      0.3 2023  1 20 19 30 43.77999878  0.0   1
     2794  -1.6451710  101.1334310    2.53472     -775.3     -499.0      -88.2      1.6      0.7      0.8 2023  1 20 19 30 58.61999893  0.0   1
     2795  -1.6335471  101.1565755    2.11335     1800.6      786.3     -509.6      1.4      2.3      1.4 2023  1 20 19 31  4.38000011  0.0   1
     2796  -1.6423979  101.1478434    2.55827      829.0     -192.4      -64.7      1.0      0.8      0.7 2023  1 20 19 31  9.84000015  0.0   1
     2797  -1.6419488  101.1430990    2.90257      300.9     -142.7      279.6      0.5      0.4      0.3 2023  1 20 19 31 49.70000076  0.0   1
     2798  -1.6418915  101.1490397    2.78436      961.3     -136.4      161.4      1.0      0.6      0.5 2023  1 20 19 32  3.83999991  0.0   1
     2799  -1.6420911  101.1442464    2.77455      428.5     -158.4      151.6      0.8      0.3      0.3 2023  1 20 19 32  9.02000046  0.0   1
     2800  -1.6414377  101.1413900    2.91288      110.9      -86.2      289.9      0.6      0.2      0.2 2023  1 20 19 32 20.89999962  0.0   1
     2801  -1.6425476  101.1402100    2.75880      -21.1     -208.9      135.9      0.9      0.2      0.2 2023  1 20 19 32 52.88000107  0.0   1
     2802  -1.6416475  101.1434896    2.74536      344.2     -109.4      122.4      0.6      0.3      0.3 2023  1 20 19 32 59.25999832  0.0   1
     2803  -1.6426301  101.1416911    2.93738      143.7     -218.0      314.4      0.6      0.3      0.3 2023  1 20 19 33  9.80000019  0.0   1
     2804  -1.6428377  101.1372965    2.73580     -344.9     -241.0      112.9      0.6      0.3      0.2 2023  1 20 19 33 34.56000137  0.0   1
     2805  -1.6420689  101.1498210    2.84028     1048.5     -156.0      217.3      1.0      0.7      0.6 2023  1 20 19 33 48.00000000  0.0   1
     2806  -1.6432957  101.1385335    2.87687     -207.6     -291.6      253.9      1.2      0.6      0.2 2023  1 20 19 33 53.97999954  0.0   1
     2807  -1.6405696  101.1475749    2.70031      799.0        9.8       77.4      0.4      0.3      0.2 2023  1 20 19 34 15.69999981  0.0   1
     2808  -1.6460012  101.1280518    1.45026    -1373.5     -590.8    -1172.7      2.5      1.4      3.7 2023  1 20 19 34 33.22000122  0.0   1
     2809  -1.6444449  101.1348633    2.63226     -615.3     -418.7        9.3      1.4      0.8      0.6 2023  1 20 19 34 48.20000076  0.0   1
     2810  -1.6413790  101.1430420    2.63528      294.2      -79.7       12.3      0.7      0.3      0.3 2023  1 20 19 34 58.11999893  0.0   1
     2811  -1.6424811  101.1472982    2.97314      768.2     -201.6      350.2      0.6      0.5      0.3 2023  1 20 19 35 21.10000038  0.0   1
     2812  -1.6413839  101.1419027    2.92466      167.9      -80.2      301.7      0.7      0.3      0.2 2023  1 20 19 35 48.25999832  0.0   1
     2813  -1.6416417  101.1450358    2.76240      516.1     -108.8      139.5      0.5      0.2      0.2 2023  1 20 19 36 32.65999985  0.0   1
     2814  -1.6436083  101.1447917    2.87392      489.2     -326.2      251.0      0.5      0.3      0.3 2023  1 20 19 36 50.90000153  0.0   1
     2815  -1.6419130  101.1423991    2.77446      222.4     -138.7      151.5      0.7      0.5      0.4 2023  1 20 19 43 50.43999863  0.0   1
     2816  -1.6422633  101.1431559    2.89619      307.1     -177.5      273.2      0.8      0.4      0.3 2023  1 20 19 43 54.97999954  0.0   1
     2817  -1.6408423  101.1442139    2.73804      424.3      -20.4      115.1      0.4      0.3      0.2 2023  1 20 19 49 56.54000092  0.0   1
     2818  -1.6424423  101.1447021    2.88021      478.7     -197.3      257.3      0.7      0.5      0.3 2023  1 20 19 53 30.76000023  0.0   1
     2819  -1.6414407  101.1435303    2.80655      348.6      -86.5      183.6      0.5      0.3      0.2 2023  1 20 19 57 15.27999973  0.0   1
     2820  -1.6419322  101.1433105    2.61653      324.4     -140.9       -6.4      0.6      0.3      0.3 2023  1 20 19 57 23.65999985  0.0   1
     2821  -1.6404692  101.1435140    2.76079      347.2       20.9      137.8      0.5      0.3      0.3 2023  1 20 20 23  4.65999985  0.0   1
     2822  -1.6412320  101.1406820    2.81084       32.0      -63.5      187.9      1.3      0.4      0.4 2023  1 21  1 56 37.25000000  0.0   1
     2823  -1.6389971  101.1480957    2.84783      856.6      183.7      224.9      0.6      0.4      0.3 2023  1 30 17 30  4.76000023  0.0   1
     2824  -1.6417564  101.1394531    2.80137     -105.1     -121.4      178.4      1.1      0.3      0.3 2023  1 30 17 30 40.74000168  0.0   1
     2825  -1.6452063  101.1282145    1.94830    -1355.3     -502.9     -674.6      0.7      0.5      0.7 2023  2 18 22 35 10.69999981  0.0   1
     2826  -1.6384284  101.1438477    2.83881      384.1      246.6      215.9      0.6      0.3      0.2 2023  2 18 22 38 25.92000008  0.0   1
     2827  -1.6409728  101.1427572    2.67851      262.9      -34.8       55.6      0.6      0.3      0.3 2023  2 18 22 38 33.40000153  0.0   1
     2828  -1.6448816  101.1305583    2.19419    -1095.2     -467.0     -428.8      0.8      0.5      0.6 2023  2 18 22 39  5.48000002  0.0   1
     2829  -1.6468894  101.1360352    2.39817     -485.1     -689.0     -224.8      1.6      1.2      0.8 2023  2 26 15 14 57.77000046  0.0   1
     2830  -1.6464764  101.1326009    2.01406     -867.8     -643.3     -608.9      0.8      0.6      0.6 2023  2 27 22 34 11.93999958  0.0   1
     2831  -1.6427142  101.1524902    2.68624     1346.0     -227.3       63.3      0.9      1.2      0.6 2023  2 27 22 34 17.97999954  0.0   1
     2832  -1.6471429  101.1367513    2.24586     -405.3     -717.0     -377.1      1.2      0.8      0.9 2023  2 27 22 34 39.31999969  0.0   1
     2833  -1.6413381  101.1340413    2.78087     -707.3      -75.2      157.9      0.7      0.6      0.3 2023  2 27 22 34 42.22000122  0.0   1
     2834  -1.6404524  101.1395182    2.76437      -97.7       22.8      141.4      0.6      0.3      0.3 2023  3  8  4 53 44.11000061  0.0   1
     2835  -1.6395651  101.1365641    2.85028     -426.8      120.9      227.3      0.6      0.4      0.3 2023  3 12 23 29 24.12000084  0.0   1
     2836  -1.6408141  101.1367025    2.92088     -410.8      -17.2      297.9      0.5      0.3      0.2 2023  3 19 14 58 26.79999924  0.0   1
     2837  -1.6417325  101.1444743    2.85067      453.7     -118.8      227.7      0.7      0.3      0.3 2023  3 19 14 58 27.35000038  0.0   1
     2838  -1.6384654  101.1434001    2.92076      334.2      242.5      297.8      0.7      0.4      0.2 2023  3 19 14 58 41.38999939  0.0   1
     2839  -1.6434615  101.1435303    2.75340      348.4     -310.0      130.5      1.3      0.4      0.4 2023  3 19 14 59  5.11999989  0.0   1
     2840  -1.6412863  101.1427490    2.88184      262.0      -69.5      258.9      0.7      0.4      0.2 2023  3 19 15  0 56.34000015  0.0   1
     2841  -1.6396477  101.1466553    2.80140      696.4      111.7      178.5      0.4      0.3      0.2 2023  3 19 15  7 48.63000107  0.0   1
     2842  -1.6416197  101.1433594    2.75676      329.6     -106.3      133.8      0.5      0.3      0.2 2023  3 19 15  8  6.13999987  0.0   1
     2843  -1.6406434  101.1450521    2.75923      517.7        1.6      136.3      0.7      0.5      0.4 2023  3 19 15  8 45.77000046  0.0   1
     2844  -1.6415763  101.1451090    2.67293      524.6     -101.5       50.0      0.6      0.4      0.3 2023  3 19 15 10  1.89999998  0.0   1
     2845  -1.6419699  101.1412028    2.99701       89.9     -145.0      374.1      1.0      0.4      0.2 2023  3 19 15 10 17.05999947  0.0   1
     2846  -1.6414065  101.1341553    2.91165     -695.0      -82.7      288.7      0.6      0.6      0.3 2023  3 19 15 10 42.45999908  0.0   1
     2847  -1.6378942  101.1440023    3.36088      401.2      305.6      737.9      6.4      2.8      1.7 2023  3 19 15 12  7.92000008  0.0   1
     2848  -1.6374442  101.1450846    3.04666      522.0      355.4      423.7      1.5      1.1      0.7 2023  3 19 15 12 41.66999817  0.0   1
     2849  -1.6400497  101.1454753    2.94786      565.3       67.3      324.9      0.8      0.7      0.4 2023  3 19 15 13  3.02999997  0.0   1
     2850  -1.6471001  101.1348470    2.74486     -617.4     -712.3      121.9      2.7      1.7      1.5 2023  3 19 15 13 29.22999954  0.0   1
     2851  -1.6406826  101.1416504    2.89770      139.4       -2.7      274.8      1.1      0.4      0.3 2023  3 19 15 14 14.53999996  0.0   1
     2852  -1.6444740  101.1292887    2.10788    -1235.8     -421.9     -515.1      1.0      0.7      0.8 2023  3 19 15 14 23.75000000  0.0   1
     2853  -1.6399787  101.1427165    2.74007      258.2       75.1      117.1      0.7      0.3      0.2 2023  3 19 15 17  0.95999998  0.0   1
     2854  -1.6410737  101.1414795    2.74931      120.1      -45.9      126.4      0.7      0.5      0.3 2023  3 19 15 17 15.43000031  0.0   1
     2855  -1.6391824  101.1443278    2.94518      437.6      163.2      322.2      1.1      0.6      0.5 2023  3 19 15 17 23.26000023  0.0   1
     2856  -1.6431508  101.1408285    2.75780       47.9     -275.6      134.9      1.4      0.4      0.3 2023  3 19 15 17 27.55999947  0.0   1
     2857  -1.6392457  101.1489909    2.90755      956.2      156.2      284.6      0.8      0.6      0.4 2023  3 19 15 17 37.34000015  0.0   1
     2858  -1.6407351  101.1421956    2.87221      200.0       -8.5      249.3      0.8      0.3      0.3 2023  3 30 10 37 55.43000031  0.0   1
     2859  -1.6413489  101.1458903    2.72883      611.3      -76.4      105.9      0.5      0.3      0.2 2023  3 30 10 38 31.47999954  0.0   1
     2860  -1.6440367  101.1360189    2.89115     -487.3     -373.6      268.2      0.7      0.4      0.2 2023  3 30 10 38 50.88000107  0.0   1
     2861  -1.6427943  101.1429118    2.96018      280.1     -236.2      337.2      0.8      0.4      0.2 2023  3 30 10 38 55.63999939  0.0   1
     2862  -1.6413645  101.1427816    2.66315      265.4      -78.1       40.2      0.6      0.5      0.4 2023  3 30 10 39 42.11999893  0.0   1
     2863  -1.6407547  101.1362712    3.23050     -458.8      -10.7      607.6      0.7      0.4      0.3 2023  3 30 10 39 48.84999847  0.0   1
     2864  -1.6416807  101.1426188    2.81989      247.6     -113.1      197.0      0.8      0.3      0.3 2023  3 30 10 40  7.73999977  0.0   1
     2865  -1.6411341  101.1400553    2.87983      -37.7      -52.6      256.9      0.9      0.5      0.5 2023  3 30 10 40 14.48999977  0.0   1
     2866  -1.6387137  101.1361003    2.86990     -477.8      215.0      247.0      0.5      0.5      0.3 2023  3 30 10 40 28.92000008  0.0   1
     2867  -1.6402972  101.1408366    2.76837       49.3       39.9      145.4      0.5      0.3      0.2 2023  3 30 10 40 36.38999939  0.0   1
     2868  -1.6388673  101.1437744    2.74197      375.9      198.0      119.0      0.7      0.6      0.3 2023  3 30 10 40 42.43999863  0.0   1
     2869  -1.6493426  101.1392415    2.83333     -128.8     -960.3      210.4      5.0      2.4      2.3 2023  3 30 10 41  9.31999969  0.0   1
     2870  -1.6418512  101.1423503    2.79581      217.5     -131.9      172.9      0.7      0.4      0.3 2023  3 30 10 41 20.13999939  0.0   1
     2871  -1.6459001  101.1383626    2.84753     -226.7     -579.6      224.6      0.8      0.3      0.4 2023  3 30 10 41 29.93000031  0.0   1
     2872  -1.6441577  101.1310303    2.48864    -1042.6     -386.9     -134.3      1.0      0.7      0.5 2023  3 30 10 42  3.19000006  0.0   1
     2873  -1.6418157  101.1443034    2.73772      434.5     -128.0      114.8      0.4      0.3      0.2 2023  3 30 10 42 11.61999989  0.0   1
     2874  -1.6425621  101.1407389    2.84033       38.0     -210.5      217.4      1.0      0.3      0.2 2023  3 30 10 45 34.45999908  0.0   1
     2875  -1.6397778  101.1376709    2.89735     -303.5       97.4      274.4      0.7      0.4      0.2 2023  3 30 10 49 11.32999992  0.0   1
     2877  -1.6383488  101.1475260    2.88661      793.4      255.4      263.7      0.6      0.5      0.3 2023  4  4 21 16 12.35999966  0.0   1
     2878  -1.6387739  101.1358480    3.03860     -506.2      208.4      415.7      0.6      0.6      0.3 2023  4  4 21 17 38.91999817  0.0   1
     2879  -1.6402868  101.1446370    2.70110      472.2       41.1       78.2      0.5      0.4      0.3 2023  4  4 21 19 37.68000031  0.0   1
     2880  -1.6396454  101.1502035    2.93152     1091.5      112.0      308.6      1.2      0.9      0.6 2023  4  4 21 20  7.90000010  0.0   1
     2881  -1.6390210  101.1446696    2.97155      475.1      181.0      348.6      0.6      0.4      0.3 2023  4  4 21 21 24.20000076  0.0   1
     2882  -1.6400486  101.1468587    2.56205      718.9       67.4      -60.9      0.8      0.3      0.3 2023  4  4 21 21 37.93999863  0.0   1
     2883  -1.6393229  101.1362956    2.82985     -456.4      147.6      206.9      0.8      0.5      0.3 2023  4  4 21 21 52.75999832  0.0   1
     2884  -1.6445634  101.1415853    2.55615      131.9     -431.8      -66.8      0.7      0.4      0.4 2023  4  4 21 21 54.95999908  0.0   1
     2885  -1.6388513  101.1529297    2.90360     1394.3      199.8      280.7      1.4      1.1      0.9 2023  4  4 21 22  3.64000010  0.0   1
     2886  -1.6437828  101.1409993    2.85057       67.1     -345.5      227.6      0.8      0.5      0.4 2023  4  7  6 28 12.28999996  0.0   1
     2889  -1.6025841  101.1284587    1.92014    -1328.3     4210.0     -702.8      2.8      2.4      1.4 2023  4 14  5 51 20.79999924  0.0   1
     2890  -1.6096062  101.1266927    2.17465    -1524.5     3433.5     -448.3      3.1      2.5      1.1 2023  4 14  5 51 25.79999924  0.0   1
     2893  -1.6384786  101.1444743    2.96303      453.4      241.0      340.1      0.5      0.3      0.2 2023  5 15 17 26 39.81999969  0.0   1
     2894  -1.6379382  101.1486491    2.93460      918.1      300.8      311.7      0.7      0.5      0.4 2023  5 15 17 32 30.39999962  0.0   1
     2895  -1.6444572  101.1397705    2.71662      -69.7     -420.1       93.7      1.7      0.5      0.4 2023  5 19 22 49 48.45999908  0.0   1
     2896  -1.6420072  101.1449951    2.81502      511.4     -149.2      192.1      0.6      0.5      0.3 2023  5 19 22 54 49.02000046  0.0   1
     2897  -1.6411482  101.1408691    2.84766       52.6      -54.2      224.7      1.5      0.4      0.3 2023  5 19 22 54 53.54000092  0.0   1
     2901  -1.6416211  101.1344238    2.72033     -665.1     -106.5       97.4      0.8      0.5      0.3 2023  5 27 15 42  8.60000038  0.0   1
     2903  -1.6432756  101.1390381    2.66041     -151.3     -289.4       37.5      1.6      0.8      0.4 2023  5 28 18 49 16.21999931  0.0   1
     2905  -1.6472572  101.1241292    1.72084    -1810.6     -729.7     -902.1      0.9      0.8      0.9 2023  6  6  1 40 44.04000092  0.0   1
     2906  -1.6411887  101.1323161    2.56679     -899.6      -58.7      -56.1      0.7      0.7      0.4 2023  6  6  1 42 24.76000023  0.0   1
     2907  -1.6396353  101.1359863    2.78720     -491.1      113.1      164.3      0.6      0.4      0.2 2023  6  6  1 48 22.26000023  0.0   1
     2908  -1.6410732  101.1447998    2.74142      489.6      -45.9      118.5      0.6      0.4      0.3 2023  6  6  1 48 43.06999969  0.0   1
     2909  -1.6428914  101.1479980    2.61294      846.2     -246.9      -10.0      0.6      0.4      0.4 2023  6  6  1 51 12.57999992  0.0   1
     2910  -1.6430157  101.1461589    2.66389      640.7     -260.7       41.0      0.9      0.5      0.4 2023  6  6  1 51 15.86999989  0.0   1
     2911  -1.6427282  101.1415771    2.86248      131.7     -228.9      239.5      0.6      0.3      0.3 2023  6  6  1 51 30.25000000  0.0   1
     2912  -1.6432638  101.1455811    2.93577      577.3     -288.1      312.8      0.6      0.3      0.4 2023  6  6  1 52 19.11000061  0.0   1
     2913  -1.6426907  101.1435628    2.89453      352.3     -224.7      271.6      0.7      0.5      0.4 2023  6  6  1 52 40.33000183  0.0   1
     2914  -1.6412529  101.1437174    2.94792      369.7      -65.8      325.0      0.8      0.4      0.3 2023  6  6  1 52 50.29999924  0.0   1
     2915  -1.6427519  101.1449137    2.77439      502.8     -231.5      151.4      0.7      0.4      0.3 2023  6  6  1 53 28.01000023  0.0   1
     2916  -1.6445296  101.1420736    2.85401      186.4     -428.1      231.1      0.7      0.3      0.6 2023  6  6  1 54  5.28999996  0.0   1
     2917  -1.6431562  101.1451742    2.82827      531.1     -276.2      205.3      0.6      0.4      0.3 2023  6  6  1 54 28.88999939  0.0   1
     2918  -1.6434209  101.1426188    2.88745      247.2     -305.5      264.5      1.0      0.4      0.3 2023  6  6  1 54 37.52999878  0.0   1
     2919  -1.6436863  101.1511556    2.72978     1197.3     -334.8      106.8      1.2      0.9      0.9 2023  6  6  1 54 44.18999863  0.0   1
     2921  -1.6468189  101.1270020    1.67135    -1490.9     -681.2     -951.6      0.9      0.7      0.9 2023  6  6  1 55 12.25000000  0.0   1
     2922  -1.6410937  101.1407633    2.90219       40.7      -48.2      279.2      1.0      0.3      0.3 2023  6  6  1 55 25.79999924  0.0   1
     2923  -1.6429531  101.1402507    2.65754      -16.1     -253.8       34.6      0.8      0.3      0.2 2023  6  6  1 55 44.54999924  0.0   1
     2924  -1.6401567  101.1455404    2.83068      572.5       55.5      207.7      0.6      0.4      0.3 2023  6  6  1 55 52.50999832  0.0   1
     2925  -1.6435230  101.1392090    2.85179     -132.1     -316.8      228.9      2.2      0.6      0.5 2023  6  6  1 56  1.14999998  0.0   1
     2926  -1.6432880  101.1431152    2.93758      302.9     -290.8      314.6      0.7      0.3      0.3 2023  6  6  1 56  8.31999969  0.0   1
     2927  -1.6524342  101.1312012    0.74626    -1023.1    -1302.1    -1876.7      1.0      0.9      1.0 2023  6  6  1 56 16.76000023  0.0   1
     2928  -1.6424567  101.1405355    2.79822       15.5     -198.9      175.3      0.6      0.3      0.3 2023  6  6  1 56 29.04999924  0.0   1
     2929  -1.6483032  101.1286621    1.75885    -1305.6     -845.3     -864.1      1.0      0.7      0.9 2023  6  6  1 56 36.79000092  0.0   1
     2930  -1.6414252  101.1453369    2.85294      549.6      -84.8      230.0      0.5      0.3      0.3 2023  6  6  1 57 14.22000027  0.0   1
     2931  -1.6423855  101.1439697    2.77781      397.6     -191.0      154.9      0.8      0.3      0.3 2023  6  6  1 57 25.55999947  0.0   1
     2932  -1.6407870  101.1394938    2.92162     -100.1      -14.2      298.7      1.4      0.4      0.3 2023  6  6  1 57 28.88999939  0.0   1
     2933  -1.6419844  101.1440511    2.67129      406.3     -146.6       48.3      0.5      0.3      0.2 2023  6  6  1 57 37.61999893  0.0   1
     2934  -1.6418491  101.1446615    3.01488      474.4     -131.7      391.9      0.6      0.4      0.3 2023  6  6  1 57 45.38000107  0.0   1
     2935  -1.6392214  101.1474202    2.86306      781.1      158.9      241.1      0.6      0.5      0.3 2023  6  6  1 58  3.48000002  0.0   1
     2936  -1.6402292  101.1433268    2.86760      326.4       47.4      244.7      0.8      0.5      0.3 2023  6  6  1 58 51.29000092  0.0   1
     2937  -1.6440843  101.1442627    2.71168      430.3     -378.8       88.7      0.6      0.3      0.3 2023  6  6  1 59  4.92000008  0.0   1
     2938  -1.6443887  101.1251709    1.68873    -1694.4     -412.5     -934.2      6.3      6.8      7.4 2023  6  6  2  0 18.29000092  0.0   1
     2939  -1.6427358  101.1433675    2.82767      330.4     -229.7      204.7      0.7      0.4      0.3 2023  6  6  2  0 50.33000183  0.0   1
     2940  -1.6426444  101.1432861    2.79773      321.5     -219.6      174.8      0.5      0.3      0.2 2023  6  6  2  1 17.14999962  0.0   1
     2941  -1.6433369  101.1435872    2.60309      355.1     -296.2      -19.9      0.7      0.3      0.4 2023  6  6  2  1 29.55999947  0.0   1
     2942  -1.6417835  101.1431803    2.72637      309.5     -124.4      103.4      0.5      0.3      0.2 2023  6  6  2  1 36.97999954  0.0   1
     2943  -1.6392665  101.1452067    2.61748      535.4      153.9       -4.5      0.5      0.4      0.3 2023  6  6  2  1 54.45999908  0.0   1
     2944  -1.6402181  101.1434652    2.89972      341.2       48.7      276.8      0.5      0.4      0.4 2023  6  6  2  2 19.39999962  0.0   1
     2945  -1.6465424  101.1353760    2.75250     -558.4     -650.6      129.6      3.6      1.0      1.3 2023  6  6  2  3 32.54000092  0.0   1
     2946  -1.6445955  101.1445882    2.61791      466.3     -435.4       -5.0      0.7      0.4      0.3 2023  6  6  2  5 16.29999924  0.0   1
     2947  -1.6333892  101.1533773    2.72534     1444.2      803.8      102.4      0.9      0.9      0.7 2023  6  6  2 11 56.61000061  0.0   1
     2948  -1.6410422  101.1433675    2.77947      330.8      -42.5      156.5      1.1      0.4      0.3 2023  6  6  2 57 14.14999962  0.0   1
     2949  -1.6409054  101.1436686    2.75796      364.3      -27.3      135.0      0.6      0.4      0.2 2023  6  6  2 57 29.37000084  0.0   1
     2950  -1.6402981  101.1488444    2.62793      939.9       39.8        5.0      0.5      0.4      0.3 2023  6  6  2 57 54.09999847  0.0   1
     2951  -1.6401465  101.1379720    2.72875     -269.9       56.6      105.8      1.3      0.6      0.4 2023  6  6  2 58  2.06999993  0.0   1
     2952  -1.6417403  101.1485596    1.98785      908.1     -119.7     -635.1      2.1      1.1      1.3 2023  6  6  2 58 17.95000076  0.0   1
     2953  -1.6459310  101.1352214    2.30990     -576.1     -583.0     -313.0      1.5      0.9      1.0 2023  6  6  2 58 41.36999893  0.0   1
     2954  -1.6418262  101.1470296    2.48533      737.7     -129.2     -137.6      0.5      0.4      0.3 2023  6  6  2 59 47.00999832  0.0   1
     2955  -1.6385253  101.1524251    3.04633     1338.3      235.9      423.4      1.2      1.2      0.8 2023  6  6 22 40 15.80000019  0.0   1
     2962  -1.6410968  101.1386800    2.66258     -191.2      -48.5       39.6      0.7      0.3      0.3 2023  7  4 19 19 48.45999908  0.0   1
     2967  -1.6457681  101.1261393    2.28415    -1586.8     -565.0     -338.8      1.0      0.9      1.0 2023  7 14 23 38 10.26000023  0.0   1
     2968  -1.6412366  101.1427327    2.88217      259.8      -64.0      259.2      0.8      0.5      0.4 2023  7 15  2  2 49.29000092  0.0   1
     2969  -1.6411147  101.1403890    2.83474       -0.5      -50.5      211.8      0.9      0.3      0.3 2023  7 15  2  5 39.86000061  0.0   1
     2972  -1.6405635  101.1415690    2.90065      130.4       10.5      277.7      1.0      0.4      0.3 2023  7 15  9 27  6.65999985  0.0   1
     2973  -1.6412651  101.1432454    2.75779      317.2      -67.1      134.8      0.6      0.4      0.2 2023  7 15  9 29 55.13999939  0.0   1
     2974  -1.6413670  101.1432048    2.70312      312.1      -78.4       80.2      0.6      0.4      0.2 2023  7 15  9 30  2.75999999  0.0   1
     2975  -1.6416916  101.1421875    2.73353      199.2     -114.3      110.6      0.5      0.2      0.2 2023  7 15  9 30 27.43000031  0.0   1
     2976  -1.6412882  101.1434082    2.72805      335.3      -69.7      105.1      0.6      0.3      0.2 2023  7 15  9 31 39.70999908  0.0   1
     2977  -1.6336308  101.1224202    2.20718    -2000.3      777.1     -415.8      0.7      0.7      0.6 2023  7 17 15  4 33.40000153  0.0   1
     2978  -1.6407005  101.1434245    2.80201      336.7       -4.7      179.1      0.5      0.3      0.3 2023  7 19  2  5 31.29000092  0.0   1
     2979  -1.6396788  101.1420085    3.11622      179.4      108.3      493.3      0.9      0.3      0.3 2023  7 19  2 18 47.72999954  0.0   1
     2980  -1.6422564  101.1459798    2.81453      621.1     -176.7      191.6      0.8      0.5      0.5 2023  7 19  2 21  5.59999990  0.0   1
     2981  -1.6365842  101.1520589    2.95882     1297.8      450.5      335.9      1.5      1.3      1.2 2023  7 19  2 21  8.77999973  0.0   1
     2982  -1.6397406  101.1419434    2.95104      172.1      101.5      328.1      0.5      0.5      0.4 2023  7 19  2 59 40.54000092  0.0   1
     2983  -1.6419106  101.1438802    2.79865      387.3     -138.5      175.7      0.6      0.3      0.2 2023  7 19  3  0  3.86999989  0.0   1
     2984  -1.6408535  101.1476237    2.59047      803.7      -21.6      -32.5      0.8      0.6      0.5 2023  7 19  3  0 15.28999996  0.0   1
     2985  -1.6418191  101.1435303    2.68981      348.5     -128.4       66.9      0.6      0.4      0.2 2023  7 19  3  0 25.79000092  0.0   1
     2986  -1.6436846  101.1389567    2.79156     -160.0     -334.6      168.6      0.9      0.3      0.2 2023  7 19  3  1  0.31999999  0.0   1
     2987  -1.6453701  101.1437337    2.54560      371.2     -521.0      -77.3      0.8      0.4      0.4 2023  7 19  3  1 12.77000046  0.0   1
     2988  -1.6419431  101.1426107    2.63820      246.4     -142.1       15.3      0.4      0.3      0.2 2023  7 19  3  1 20.85000038  0.0   1
     2989  -1.6416513  101.1373128    2.91320     -342.8     -109.8      290.3      0.8      0.4      0.3 2023  7 19  3  1 31.04999924  0.0   1
     2990  -1.6399040  101.1463704    2.94039      664.7       83.4      317.4      0.5      0.5      0.3 2023  7 19  3  1 58.95000076  0.0   1
     2991  -1.6419913  101.1414469    2.96993      116.7     -147.4      347.0      1.1      0.3      0.3 2023  7 19  3  2 24.22999954  0.0   1
     2992  -1.6411898  101.1426025    2.70291      245.8      -58.8       80.0      0.8      0.3      0.3 2023  7 19  3  2 31.32999992  0.0   1
     2994  -1.6461990  101.1413818    2.40714      109.7     -612.7     -215.8      1.1      0.7      0.5 2023  7 19  3  3  5.17000008  0.0   1
     2995  -1.6423017  101.1408610    2.78068       51.3     -181.7      157.7      0.8      0.3      0.2 2023  7 19  3  3 49.45000076  0.0   1
     2996  -1.6413970  101.1443278    2.86300      437.4      -81.7      240.1      0.5      0.3      0.3 2023  7 19  3  4 25.73999977  0.0   1
     2997  -1.6428253  101.1401367    2.43106      -29.3     -239.6     -191.9      1.8      0.7      0.4 2023  7 19  3  4 42.90000153  0.0   1
     2998  -1.6399829  101.1395264    3.01730      -96.5       74.7      394.4      1.0      0.4      0.3 2023  7 19  3  4 47.33000183  0.0   1
     2999  -1.6419694  101.1419759    2.95433      175.4     -145.0      331.4      1.0      0.4      0.3 2023  7 19  3  5 55.38999939  0.0   1
     3000  -1.6395878  101.1452718    2.80853      542.3      118.4      185.6      0.4      0.4      0.3 2023  7 19  3  6 34.20999908  0.0   1
     3001  -1.6421660  101.1441406    2.67637      416.3     -166.7       53.4      0.8      0.3      0.3 2023  7 19  3  7 18.03000069  0.0   1
     3002  -1.6436787  101.1427897    2.71325      266.0     -334.0       90.3      0.5      0.3      0.3 2023  7 19  3  7 20.17000008  0.0   1
     3003  -1.6412254  101.1522461    2.48811     1318.6      -62.7     -134.8      1.3      1.1      1.0 2023  7 19  3  8 37.70999908  0.0   1
     3004  -1.6430828  101.1437337    2.78271      371.3     -268.1      159.8      0.6      0.5      0.5 2023  7 19  3 10 29.87999916  0.0   1
     3005  -1.6404315  101.1440023    2.84297      401.5       25.1      220.0      0.5      0.3      0.3 2023  7 19  3 11  7.88000011  0.0   1
     3006  -1.6365232  101.1474772    3.31236      787.4      457.2      689.4      1.6      1.5      1.0 2023  7 19  3 12 10.78999996  0.0   1
     3007  -1.6416565  101.1479004    2.66690      834.7     -110.4       44.0      0.7      0.5      0.4 2023  7 19  3 14 29.62999916  0.0   1
     3008  -1.6417728  101.1457682    2.42765      597.4     -123.3     -195.3      0.4      0.3      0.4 2023  7 19  3 14 38.36000061  0.0   1
     3009  -1.6394798  101.1418620    2.83376      162.6      130.3      210.8      0.5      0.3      0.3 2023  7 19  3 17 13.86999989  0.0   1
     3010  -1.6410151  101.1452067    2.81604      535.5      -39.5      193.1      0.5      0.2      0.3 2023  7 19  3 22  8.31999969  0.0   1
     3011  -1.6390873  101.1428792    2.85843      276.4      173.7      235.5      0.5      0.4      0.3 2023  7 19  3 23  0.50000000  0.0   1
     3012  -1.6411753  101.1433431    2.74324      328.3      -57.2      120.3      0.5      0.2      0.3 2023  7 19  3 23 19.36000061  0.0   1
     3013  -1.6415822  101.1423584    2.87339      217.9     -102.2      250.4      0.4      0.4      0.3 2023  7 19  3 23 22.77000046  0.0   1
     3014  -1.6373247  101.1390218    3.03133     -153.1      368.6      408.4      1.1      0.5      0.5 2023  7 19  3 23 38.40000153  0.0   1
     3015  -1.6413570  101.1445068    2.69801      457.7      -77.3       75.1      0.6      0.3      0.2 2023  7 19  3 24  8.73999977  0.0   1
     3016  -1.6399676  101.1415853    2.95205      132.2       76.4      329.1      0.8      0.3      0.3 2023  7 19  3 24 11.84000015  0.0   1
     3017  -1.6440304  101.1403971    2.74640       -0.3     -372.9      123.5      1.5      0.5      0.6 2023  7 19  3 24 18.10000038  0.0   1
     3018  -1.6415464  101.1430339    2.63861      293.3      -98.2       15.7      0.4      0.3      0.3 2023  7 19  3 26 25.94000053  0.0   1
     3019  -1.6439749  101.1360270    2.84281     -486.0     -366.7      219.9      1.2      0.3      0.3 2023  7 19  3 26 54.45000076  0.0   1
     3020  -1.6384054  101.1495687    2.84481     1020.7      249.1      221.9      0.8      0.6      0.6 2023  7 19  3 28  6.32000017  0.0   1
     3021  -1.6359534  101.1394694    3.14525     -103.5      520.2      522.3      1.8      1.0      0.7 2023  7 19  3 28 11.30000019  0.0   1
     3022  -1.6407218  101.1485596    2.62353      908.3       -7.0        0.6      0.6      0.3      0.4 2023  7 19  3 29  4.26999998  0.0   1
     3023  -1.6447344  101.1405680    2.54289       19.3     -450.7      -80.1      1.1      0.3      0.3 2023  7 19  3 30 50.99000168  0.0   1
     3024  -1.6476234  101.1416748    2.51195      141.9     -770.2     -111.0      1.6      0.5      0.8 2023  7 19  3 37 19.65999985  0.0   1
     3025  -1.6392040  101.1313477    2.73790    -1007.1      160.8      115.0      0.9      1.0      0.4 2023  7 19  3 39 24.28000069  0.0   1
     3026  -1.6442514  101.1471842    2.69292      755.7     -397.3       70.0      1.0      0.6      0.6 2023  7 19  3 48 22.11000061  0.0   1
     3027  -1.6413806  101.1423340    2.81022      215.4      -79.9      187.3      0.7      0.3      0.3 2023  7 19 19  1 51.08000183  0.0   1
     3028  -1.6418718  101.1414469    2.76022      117.0     -134.2      137.3      0.6      0.3      0.3 2023  7 20  1 15 46.22999954  0.0   1
     3029  -1.6406283  101.1412191    2.79664       91.3        3.3      173.7      0.8      0.3      0.3 2023  7 20  1 16 25.07999992  0.0   1
     3030  -1.6394896  101.1443359    2.98066      438.2      129.2      357.7      1.1      0.6      0.6 2023  7 20  1 18 27.22999954  0.0   1
     3031  -1.6418861  101.1418945    2.72508      166.7     -135.8      102.1      0.6      0.3      0.3 2023  7 20 16 59 18.79999924  0.0   1
     3032  -1.6397018  101.1434082    2.86774      335.3      105.7      244.8      0.7      0.5      0.4 2023  7 21  6 50 53.00999832  0.0   1
     3033  -1.6454367  101.1425944    2.62290      244.3     -528.4       -0.0      0.9      0.7      0.7 2023  7 21 12 31 45.83000183  0.0   1
     3034  -1.6449233  101.1432780    2.58455      320.5     -471.6      -38.4      0.6      0.3      0.4 2023  7 23  3 56 19.47999954  0.0   1
     3037  -1.6418886  101.1453125    2.69121      547.0     -136.0       68.3      0.6      0.5      0.5 2023  7 31 23 41 35.38000107  0.0   1
     3042  -1.6421065  101.1397949    2.92920      -67.2     -160.1      306.3      0.9      0.4      0.2 2023  8 25 22  0  2.96000004  0.0   1
     3043  -1.6410217  101.1441976    2.82397      423.3      -40.2      201.0      0.4      0.3      0.2 2023  8 25 22  1 20.63999939  0.0   1
     3044  -1.6492990  101.1360107    2.55937     -487.8     -955.4      -63.6      1.9      1.3      0.9 2023  8 25 22  1 29.57999992  0.0   1
     3045  -1.6416509  101.1434245    2.68262      337.0     -109.8       59.7      0.5      0.2      0.2 2023  8 25 22  1 39.70000076  0.0   1
     3046  -1.6396661  101.1341064    2.81087     -700.2      109.7      187.9      0.9      0.5      0.3 2023  8 25 22  2 23.94000053  0.0   1
     3047  -1.6413499  101.1431315    2.74739      303.9      -76.5      124.4      0.4      0.3      0.2 2023  8 25 22  2 28.13999939  0.0   1
     3048  -1.6410987  101.1525309    2.39319     1349.7      -48.7     -229.8      0.9      0.9      0.8 2023  8 25 22  2 42.25999832  0.0   1
     3049  -1.6409283  101.1438151    2.67649      380.0      -29.9       53.6      0.7      0.5      0.3 2023  8 25 22  2 51.50000000  0.0   1
     3050  -1.6416723  101.1441650    2.81509      419.6     -112.1      192.1      0.4      0.3      0.2 2023  8 25 22  2 58.43999863  0.0   1
     3051  -1.6396806  101.1508952    2.03621     1168.5      108.1     -586.7      0.9      0.5      0.5 2023  8 25 22  3 19.87999916  0.0   1
     3052  -1.6433971  101.1372314    2.81758     -352.0     -302.9      194.6      0.9      0.4      0.2 2023  8 25 22  3 24.92000008  0.0   1
     3054  -1.6437267  101.1402913    2.80293      -12.1     -339.3      180.0      1.2      0.3      0.3 2023  8 25 22  3 32.50000000  0.0   1
     3055  -1.6414783  101.1412598    2.86598       95.9      -90.7      243.0      1.0      0.5      0.3 2023  8 25 22  3 45.52000046  0.0   1
     3056  -1.6472762  101.1242106    2.06937    -1800.8     -731.8     -553.6      0.9      0.8      0.9 2023  8 25 22  4 22.10000038  0.0   1
     3057  -1.6417989  101.1445801    2.76613      465.4     -126.1      143.2      0.7      0.3      0.2 2023  8 25 22  4 39.36000061  0.0   1
     3058  -1.6426323  101.1442546    2.80008      429.6     -218.3      177.1      0.5      0.3      0.3 2023  8 25 22  4 42.74000168  0.0   1
     3059  -1.6384515  101.1485596    2.57913      908.3      244.0      -43.8      0.6      0.4      0.3 2023  8 25 22  5 22.65999985  0.0   1
     3060  -1.6396304  101.1564290    2.26971     1783.9      113.6     -353.2      0.5      0.7      0.5 2023  8 25 22  5 45.79999924  0.0   1
     3061  -1.6443317  101.1363607    2.65393     -448.9     -406.2       31.0      0.7      0.4      0.4 2023  8 25 22  7 34.09999847  0.0   1
     3062  -1.6427979  101.1416748    2.64894      142.1     -236.6       26.0      0.8      0.5      0.4 2023  8 25 22  9 17.42000008  0.0   1
     3063  -1.6430419  101.1451497    2.53499      528.9     -263.6      -88.0      0.7      0.3      0.3 2023  8 25 22  9 21.89999962  0.0   1
     3064  -1.6400551  101.1447754    3.00337      486.9       66.7      380.4      0.8      0.3      0.3 2023  8 25 22  9 33.65999985  0.0   1
     3065  -1.6318808  101.1671549    1.78096     2977.3      970.5     -842.0      1.2      1.4      2.0 2023  8 25 22  9 50.97999954  0.0   1
     3066  -1.6399460  101.1463786    2.69777      665.1       78.7       74.8      0.5      0.5      0.3 2023  8 25 22 11 54.90000153  0.0   1
     3067  -1.6404643  101.1518229    2.60514     1270.9       21.4      -17.8      0.7      0.8      0.4 2023  8 25 22 12 15.19999981  0.0   1
     3068  -1.6367554  101.1541504    2.40616     1530.7      431.5     -216.8      0.5      0.7      0.4 2023  8 25 22 14 11.64000034  0.0   1
     3069  -1.6387618  101.1474691    2.49701      787.0      209.7     -125.9      0.7      0.5      0.3 2023  8 28 21 39 39.09999847  0.0   1
     3070  -1.6443562  101.1330892    2.54093     -813.0     -408.9      -82.0      1.3      0.6      0.7 2023  8 28 22  8 57.27999878  0.0   1
     3071  -1.6417713  101.1393880    2.77278     -112.2     -123.1      149.8      0.7      0.4      0.3 2023  8 29 14 22 51.02999878  0.0   1
     3072  -1.6411793  101.1388428    2.93926     -172.7      -57.6      316.3      1.3      0.5      0.2 2023  8 29 18 13 50.74000168  0.0   1
     3074  -1.6425662  101.1362874    2.63713     -457.5     -211.0       14.2      0.8      0.5      0.3 2023  8 30  1 31 17.67000008  0.0   1
     3075  -1.6414303  101.1279215    1.99887    -1388.2      -85.4     -624.1      2.0      2.0      2.0 2023  8 30  5 46 14.44999981  0.0   1
     3076  -1.6395009  101.1476237    2.59989      804.5      128.0      -23.1      0.6      0.4      0.2 2023  8 30  5 46 27.07999992  0.0   1
     3077  -1.6423899  101.1467773    2.41083      710.0     -191.5     -212.1      0.4      0.4      0.3 2023  8 30  5 47  3.69000006  0.0   1
     3078  -1.6417882  101.1440837    2.90348      410.4     -125.0      280.5      1.2      0.6      0.4 2023  8 30  5 47  5.53999996  0.0   1
     3079  -1.6427096  101.1265299    2.15223    -1543.4     -226.8     -470.7      0.7      0.6      0.6 2023  8 30  5 47 14.06000042  0.0   1
     3080  -1.6377288  101.1538493    2.69399     1497.1      323.9       71.0      0.9      1.0      0.7 2023  8 30  5 47 22.72999954  0.0   1
     3081  -1.6392896  101.1483643    2.59562      886.9      151.3      -27.3      0.4      0.4      0.3 2023  8 30  5 47 28.44000053  0.0   1
     3083  -1.6408375  101.1279378    1.35136    -1386.0      -19.8    -1271.6      1.9      1.9      2.2 2023  8 30  5 47 51.20000076  0.0   1
     3084  -1.6434513  101.1429443    2.72272      283.0     -308.8       99.8      1.1      0.5      0.4 2023  8 30  5 50 22.00000000  0.0   1
     3085  -1.6415394  101.1410075    2.69332       67.9      -97.4       70.4      0.6      0.3      0.2 2023  8 30  5 50 28.25000000  0.0   1
     3086  -1.6426787  101.1491781    2.95279      976.7     -223.4      329.8      1.0      0.6      0.6 2023  8 30 14 17 58.83000183  0.0   1
     3087  -1.6455338  101.1392090    2.44263     -132.6     -539.1     -180.3      2.7      1.6      1.5 2023  8 30 14 22 58.09000015  0.0   1
     3088  -1.6417685  101.1418538    2.72419      162.2     -122.8      101.2      0.6      0.4      0.3 2023  8 30 14 35 52.65000153  0.0   1
     3094  -1.6433065  101.1375732    2.60793     -313.9     -292.8      -15.0      0.7      0.4      0.2 2023  9 13 15 18 58.20999908  0.0   1
     3095  -1.6392473  101.1491048    2.46199      969.1      156.0     -161.0      0.6      0.5      0.5 2023  9 14 16  1  7.05999994  0.0   1
     3096  -1.6382070  101.1480876    2.63368      855.5      271.0       10.7      0.6      0.7      0.4 2023  9 14 16  1 16.52000046  0.0   1
     3097  -1.6416176  101.1354492    2.78149     -550.4     -106.1      158.5      0.8      0.5      0.3 2023  9 14 16  1 24.82999992  0.0   1
     3098  -1.6407333  101.1374349    2.52098     -329.6       -8.3     -102.0      0.5      0.6      0.3 2023  9 14 16  3 59.18000031  0.0   1
     3099  -1.6382991  101.1482992    2.63607      879.2      260.9       13.1      0.6      0.5      0.4 2023  9 14 16  4  8.14000034  0.0   1
     3100  -1.6393550  101.1485433    3.03070      906.1      144.1      407.8      1.7      2.1      1.0 2023  9 14 16  7 36.65999985  0.0   1
     3101  -1.6395760  101.1428304    2.60945      270.4      119.7      -13.5      0.6      0.3      0.3 2023  9 14 16  7 43.02999878  0.0   1
     3102  -1.6446348  101.1269124    1.97810    -1500.1     -439.7     -644.8      0.7      1.0      0.6 2023  9 14 16 10 57.36000061  0.0   1
     3103  -1.6416873  101.1323893    2.85735     -890.8     -113.8      234.4      1.8      2.0      1.4 2023  9 14 16 11 12.31000042  0.0   1
     3104  -1.6399357  101.1457194    2.63479      592.4       79.9       11.8      0.6      0.4      0.2 2023  9 14 16 11 17.97999954  0.0   1
     3105  -1.6420375  101.1429281    2.84361      281.5     -152.5      220.7      0.6      0.3      0.3 2023  9 14 16 23 25.43000031  0.0   1
     3106  -1.6416576  101.1419678    2.73877      174.3     -110.5      115.8      0.5      0.3      0.3 2023  9 14 16 23 33.90000153  0.0   1
     3107  -1.6412796  101.1407878    2.91417       43.5      -68.7      291.2      0.9      0.4      0.3 2023  9 14 16 23 52.75999832  0.0   1
     3108  -1.6404598  101.1411214    2.75155       80.8       21.9      128.6      1.2      0.4      0.3 2023  9 14 16 23 59.08000183  0.0   1
     3109  -1.6419764  101.1401123    2.57009      -31.9     -145.8      -52.9      0.7      0.4      0.3 2023  9 14 16 24  4.69000006  0.0   1
     3110  -1.6419290  101.1418864    2.69561      165.8     -140.5       72.7      0.6      0.4      0.3 2023  9 14 16 24 13.52000046  0.0   1
     3111  -1.6419435  101.1432536    2.68961      318.2     -142.1       66.7      0.5      0.2      0.2 2023  9 14 16 24 25.40999985  0.0   1
     3112  -1.6401555  101.1464111    2.82205      669.4       55.6      199.1      0.4      0.5      0.3 2023  9 14 16 24 54.75000000  0.0   1
     3113  -1.6427952  101.1396322    2.82582      -85.5     -236.3      202.9      0.5      0.3      0.2 2023  9 14 16 24 59.38000107  0.0   1
     3114  -1.6410421  101.1452148    2.71255      536.1      -42.4       89.6      0.5      0.4      0.4 2023  9 14 16 25  6.48000002  0.0   1
     3115  -1.6404954  101.1461670    2.70753      642.2       18.0       84.6      0.5      0.4      0.3 2023  9 14 16 25 25.75000000  0.0   1
     3116  -1.6406298  101.1509196    2.45103     1171.1        3.1     -171.9      1.1      0.8      0.6 2023  9 14 16 25 28.45000076  0.0   1
     3117  -1.6491020  101.1268799    1.25592    -1504.1     -933.7    -1367.0      1.3      0.9      1.4 2023  9 14 16 25 34.34999847  0.0   1
     3118  -1.6462823  101.1367269    1.76403     -408.4     -621.9     -857.9      2.5      1.8      1.5 2023  9 14 16 25 42.66999817  0.0   1
     3119  -1.6401315  101.1376058    2.70646     -310.8       58.2       83.5      0.7      0.3      0.3 2023  9 14 16 25 48.11999893  0.0   1
     3120  -1.6421113  101.1380941    2.51511     -256.2     -160.7     -107.8      0.8      0.3      0.4 2023  9 14 16 25 56.81999969  0.0   1
     3121  -1.6408166  101.1436279    2.80511      359.3      -17.5      182.2      0.5      0.3      0.2 2023  9 14 16 26  2.75999999  0.0   1
     3122  -1.6413879  101.1430094    2.80792      290.6      -80.7      185.0      0.4      0.3      0.2 2023  9 14 16 26 23.64999962  0.0   1
     3123  -1.6404953  101.1433350    2.94206      326.8       18.0      319.1      0.9      0.4      0.2 2023  9 14 16 26 34.95999908  0.0   1
     3124  -1.6409194  101.1458415    2.82186      606.2      -28.9      198.9      0.5      0.4      0.3 2023  9 14 16 26 48.50000000  0.0   1
     3125  -1.6442317  101.1384115    2.54372     -221.4     -395.1      -79.2      2.1      0.6      0.9 2023  9 14 16 27  6.15000010  0.0   1
     3126  -1.6420601  101.1471761    2.57948      754.4     -155.0      -43.5      0.4      0.4      0.4 2023  9 14 16 27 14.25000000  0.0   1
     3127  -1.6408834  101.1440104    2.66468      402.2      -24.9       41.7      0.5      0.4      0.3 2023  9 14 16 27 17.69000053  0.0   1
     3128  -1.6387974  101.1457438    2.65996      594.6      205.8       37.0      0.4      0.3      0.2 2023  9 14 16 27 22.95999908  0.0   1
     3129  -1.6366235  101.1492920    2.62256      990.1      446.1       -0.4      1.0      1.0      0.6 2023  9 14 16 27 30.12000084  0.0   1
     3130  -1.6396912  101.1378743    3.03092     -280.6      106.9      408.0      0.9      0.4      0.3 2023  9 14 16 27 36.08000183  0.0   1
     3131  -1.6392621  101.1476156    2.71001      803.1      154.4       87.1      0.6      0.5      0.3 2023  9 14 16 28  5.15999985  0.0   1
     3132  -1.6421205  101.1449137    2.64042      502.8     -161.7       17.5      0.4      0.3      0.2 2023  9 14 16 28 10.97999954  0.0   1
     3133  -1.6411633  101.1381429    2.73439     -250.7      -55.8      111.4      1.1      0.5      0.2 2023  9 14 16 28 18.73999977  0.0   1
     3134  -1.6393397  101.1508057    2.18208     1157.8      145.8     -440.9      1.7      1.4      1.4 2023  9 14 16 28 27.96999931  0.0   1
     3135  -1.6430190  101.1461263    2.57957      637.4     -261.0      -43.4      0.5      0.4      0.3 2023  9 14 16 28 40.47999954  0.0   1
     3136  -1.6445084  101.1351156    2.42587     -587.7     -425.7     -197.1      0.9      0.5      0.4 2023  9 14 16 28 47.25999832  0.0   1
     3137  -1.6418381  101.1412272    2.79841       92.2     -130.5      175.5      0.8      0.5      0.4 2023  9 14 16 28 51.58000183  0.0   1
     3138  -1.6445338  101.1315104    2.30963     -989.0     -428.5     -313.3      0.9      0.5      0.6 2023  9 14 16 29 41.08000183  0.0   1
     3139  -1.6398513  101.1312093    2.31791    -1022.3       89.2     -305.0      1.4      1.7      1.5 2023  9 14 16 29 46.22999954  0.0   1
     3140  -1.6408227  101.1420573    2.83344      184.3      -18.2      210.5      0.7      0.4      0.2 2023  9 14 16 29 52.25999832  0.0   1
     3141  -1.6421328  101.1437581    2.77336      373.7     -163.1      150.4      0.4      0.3      0.2 2023  9 14 16 32  8.39999962  0.0   1
     3142  -1.6428909  101.1445475    2.58972      462.0     -246.9      -33.2      0.6      0.4      0.4 2023  9 14 16 32 17.73999977  0.0   1
     3143  -1.6382646  101.1553060    2.50142     1658.8      264.7     -120.5      0.4      0.7      0.3 2023  9 14 16 32 30.69000053  0.0   1
     3144  -1.6417085  101.1430501    2.78765      294.9     -116.1      164.7      0.5      0.3      0.2 2023  9 14 16 32 37.11000061  0.0   1
     3145  -1.6426679  101.1383952    2.91622     -222.8     -222.2      293.3      0.7      0.4      0.2 2023  9 14 16 32 59.11000061  0.0   1
     3146  -1.6392975  101.1485596    2.91733      908.1      150.5      294.4      0.5      0.6      0.3 2023  9 14 16 34 11.01000023  0.0   1
     3147  -1.6356599  101.1619222    2.11340     2395.4      552.7     -509.5      1.1      1.1      0.9 2023  9 14 16 34 40.43000031  0.0   1
     3148  -1.6414173  101.1493815    2.66708     1000.1      -83.9       44.1      0.4      0.5      0.4 2023  9 14 16 34 47.56999969  0.0   1
     3149  -1.6400959  101.1518799    2.63578     1277.6       62.2       12.8      1.0      1.0      0.7 2023  9 14 16 34 58.79000092  0.0   1
     3150  -1.6462737  101.1275391    2.04081    -1430.9     -620.9     -582.1      0.6      0.6      0.6 2023  9 14 16 36 23.40999985  0.0   1
     3151  -1.6438059  101.1305908    2.40027    -1091.6     -348.1     -222.7      1.3      0.7      0.8 2023  9 14 16 38 46.27000046  0.0   1
     3152  -1.6377815  101.1505290    2.91396     1127.2      318.1      291.0      0.7      0.7      0.4 2023  9 14 16 39 22.14999962  0.0   1
     3153  -1.6403138  101.1451579    2.73593      530.0       38.1      113.0      0.6      0.4      0.2 2023  9 14 16 40 10.57999992  0.0   1
     3154  -1.6396286  101.1339844    2.73515     -713.9      113.8      112.2      1.0      0.8      0.5 2023  9 14 16 40 29.72999954  0.0   1
     3155  -1.6424877  101.1435628    2.75911      352.0     -202.3      136.2      0.5      0.3      0.2 2023  9 14 16 42 57.52000046  0.0   1
     3156  -1.6420516  101.1439616    2.67428      396.5     -154.1       51.3      0.6      0.4      0.3 2023  9 14 16 43 40.40999985  0.0   1
     3157  -1.6417578  101.1405029    2.82007       11.5     -121.6      197.1      0.7      0.4      0.2 2023  9 14 16 48 22.35000038  0.0   1
     3158  -1.6403559  101.1355632    2.85600     -537.5       33.4      233.1      0.8      0.7      0.3 2023  9 14 16 48 45.50999832  0.0   1
     3160  -1.6415408  101.1481689    2.73079      864.6      -97.6      107.8      0.5      0.6      0.3 2023  9 14 16 56  2.07999992  0.0   1
     3161  -1.6422854  101.1433757    2.80038      331.2     -179.9      177.4      0.7      0.3      0.3 2023  9 14 17  0 13.88000011  0.0   1
     3162  -1.6396261  101.1524170    2.16127     1337.3      114.1     -461.7      2.6      2.2      2.4 2023  9 14 17 16  3.20000005  0.0   1
     3163  -1.6413684  101.1431315    2.79226      303.9      -78.5      169.3      0.5      0.2      0.2 2023  9 14 17 16 12.60000038  0.0   1
     3164  -1.6428586  101.1357096    2.73767     -521.6     -243.3      114.7      0.7      0.4      0.3 2023  9 14 17 16 20.60000038  0.0   1
     3165  -1.6414574  101.1397949    2.87608      -67.0      -88.4      253.1      1.0      0.4      0.3 2023  9 14 17 22 43.41999817  0.0   1
     3166  -1.6406146  101.1406657    2.90279       30.2        4.8      279.8      0.7      0.4      0.4 2023  9 14 17 23  1.67999995  0.0   1
     3167  -1.6429188  101.1431885    2.73882      310.3     -250.0      115.9      0.5      0.3      0.2 2023  9 14 17 23  3.44000006  0.0   1
     3168  -1.6406080  101.1391764    2.89010     -136.2        5.6      267.2      1.1      0.5      0.3 2023  9 14 17 23 38.47999954  0.0   1
     3169  -1.6416381  101.1362956    2.72552     -456.7     -108.3      102.6      0.9      0.6      0.2 2023  9 14 17 24 47.47999954  0.0   1
     3170  -1.6426848  101.1359619    2.45393     -493.5     -224.1     -169.0      0.8      0.4      0.3 2023  9 14 18  6 58.63999939  0.0   1
     3172  -1.6408688  101.1425781    2.73221      242.6      -23.3      109.3      0.9      0.4      0.4 2023  9 15 17 48 41.77999878  0.0   1
     3173  -1.6370453  101.1460938    2.97287      633.6      399.5      349.9      0.6      0.5      0.2 2023  9 15 17 50 48.40000153  0.0   1
     3174  -1.6383760  101.1508545    2.69618     1163.5      252.3       73.2      0.7      0.7      0.5 2023  9 15 17 51  9.39999962  0.0   1
     3175  -1.6412378  101.1436442    2.71787      360.9      -64.1       94.9      0.7      0.5      0.4 2023  9 18  5 36 41.97999954  0.0   1
     3176  -1.6398399  101.1421061    2.77214      190.0       90.5      149.2      0.7      0.3      0.3 2023  9 18 16 33 14.22000027  0.0   1
     3177  -1.6381629  101.1491455    2.89341      973.5      275.9      270.5      0.5      0.4      0.3 2023  9 19 22 37 53.88000107  0.0   1
     3178  -1.6397266  101.1420654    2.86637      185.6      103.0      243.4      0.5      0.3      0.2 2023  9 20 20 41 28.63999939  0.0   1
     3179  -1.6393168  101.1425781    2.85030      242.5      148.3      227.4      1.2      0.5      0.4 2023  9 21  3 26 18.59000015  0.0   1
     3180  -1.6383375  101.1430827    2.84856      298.7      256.6      225.6      1.6      0.4      0.4 2023  9 21  3 26 48.38999939  0.0   1
     3181  -1.6383085  101.1439697    2.90345      397.2      259.8      280.5      0.5      0.3      0.3 2023  9 21  3 26 59.63000107  0.0   1
     3182  -1.6443789  101.1340413    2.17433     -707.0     -411.4     -448.6      1.5      0.9      1.0 2023  9 21  3 27 59.75000000  0.0   1
     3183  -1.6413664  101.1442057    2.52608      424.1      -78.3      -96.9      0.5      0.3      0.4 2023  9 21  3 28  2.72000003  0.0   1
     3184  -1.6407300  101.1453125    2.74132      546.8       -8.0      118.4      0.4      0.3      0.3 2023  9 21  3 28 44.74000168  0.0   1
     3186  -1.6408780  101.1425863    3.01942      243.9      -24.3      396.5      0.9      0.5      0.3 2023  9 21  3 43  8.53999996  0.0   1
     3187  -1.6402857  101.1427897    2.82420      266.5       41.2      201.3      0.7      0.4      0.4 2023  9 21  3 43 36.95999908  0.0   1
     3188  -1.6419604  101.1392008    3.07272     -132.7     -144.0      449.8      1.2      0.5      0.4 2023  9 21  3 44 35.31000137  0.0   1
     3189  -1.6394866  101.1388346    2.87524     -173.7      129.6      252.3      0.9      0.5      0.3 2023  9 21  3 45  0.40000001  0.0   1
     3190  -1.6412423  101.1424316    2.66028      226.3      -64.6       37.3      0.6      0.4      0.4 2023  9 21  3 46 23.75000000  0.0   1
     3191  -1.6411886  101.1454753    2.67446      565.3      -58.6       51.5      0.4      0.3      0.3 2023  9 21  3 47 35.90000153  0.0   1
     3192  -1.6380630  101.1487549    2.74699      929.8      287.0      124.0      0.7      0.5      0.3 2023  9 21  3 47 45.47000122  0.0   1
     3193  -1.6403638  101.1443604    2.71409      441.1       32.5       91.2      0.4      0.3      0.2 2023  9 21  3 50 10.31999969  0.0   1
     3194  -1.6378198  101.1444417    2.95672      450.0      313.9      333.8      0.7      0.6      0.3 2023  9 21  3 51 53.75000000  0.0   1
     3195  -1.6422927  101.1412272    2.79057       92.8     -180.7      167.6      1.1      0.4      0.6 2023  9 21  3 54 41.15999985  0.0   1
     3196  -1.6370911  101.1503825    2.73085     1111.6      394.4      107.9      0.5      0.5      0.3 2023  9 21  3 54 56.18999863  0.0   1
     3197  -1.6393177  101.1444010    2.90331      445.2      148.2      280.4      0.5      0.4      0.2 2023  9 21  3 55  2.20000005  0.0   1
     3198  -1.6366660  101.1502767    2.75653     1099.6      441.4      133.6      0.5      0.5      0.3 2023  9 21  3 57 10.92000008  0.0   1
     3200  -1.6406843  101.1675212    1.86380     3018.0       -2.9     -759.1      0.6      0.8      0.8 2023  9 21 18  0 24.65999985  0.0   1
     3202  -1.6441170  101.1400309    2.76292      -40.4     -382.5      140.0      1.9      0.5      0.4 2023  9 21 18  2 53.29999924  0.0   1
     3203  -1.6407117  101.1449382    2.61096      505.5       -5.9      -12.0      0.3      0.3      0.2 2023  9 21 18  3  1.86000001  0.0   1
     3204  -1.6423313  101.1462728    2.62964      653.8     -185.0        6.7      0.6      0.3      0.3 2023  9 21 18  3  6.84000015  0.0   1
     3206  -1.6404242  101.1477539    2.84382      818.2       25.9      220.9      0.5      0.5      0.3 2023  9 21 18  3 58.45999908  0.0   1
     3207  -1.6379526  101.1581706    2.09994     1977.4      299.2     -523.0      0.5      1.2      0.5 2023  9 21 18  4  4.84000015  0.0   1
     3208  -1.6407724  101.1440755    2.67523      408.9      -12.6       52.3      0.5      0.3      0.3 2023  9 21 18  4  8.68000031  0.0   1
     3209  -1.6402781  101.1502930    2.68900     1101.4       42.0       66.1      0.9      0.7      0.5 2023  9 21 18  5 31.94000053  0.0   1
     3210  -1.6426748  101.1428467    2.65382      273.0     -223.0       30.9      0.9      0.6      0.3 2023  9 21 18  5 48.38000107  0.0   1
     3211  -1.6485783  101.1251872    1.98311    -1692.2     -875.8     -639.8      0.8      0.7      0.8 2023  9 21 18  6 39.50000000  0.0   1
     3212  -1.6417725  101.1428874    2.95352      276.9     -123.2      330.6      0.6      0.6      0.4 2023  9 21 18 40 21.60000038  0.0   1
     3213  -1.6425524  101.1413005    2.73678      100.4     -209.5      113.8      1.6      0.5      0.4 2023  9 28  7  5  1.83000004  0.0   1
     3214  -1.6386250  101.1462321    2.86590      649.1      224.8      243.0      0.7      0.5      0.3 2023  9 28  7 39  3.82999992  0.0   1
     3215  -1.6427488  101.1431478    2.71465      305.9     -231.2       91.7      0.7      0.3      0.2 2023  9 28  7 40  2.51999998  0.0   1
     3216  -1.6407982  101.1470540    2.58475      741.0      -15.5      -38.2      0.4      0.3      0.3 2023  9 28  7 55 56.93999863  0.0   1
     3217  -1.6418851  101.1425374    2.74237      238.0     -135.7      119.4      0.4      0.2      0.2 2023  9 28  7 56  5.48999977  0.0   1
     3218  -1.6419687  101.1441895    2.71886      421.7     -144.9       95.9      0.4      0.3      0.2 2023  9 28  7 56 11.47999954  0.0   1
     3219  -1.6391313  101.1422119    3.04652      202.1      168.8      423.6      0.8      0.4      0.3 2023  9 28  7 57 46.27000046  0.0   1
     3220  -1.6420062  101.1436361    2.63264      360.0     -149.1        9.7      0.5      0.4      0.3 2023  9 28  7 59 35.90000153  0.0   1
     3221  -1.6421669  101.1388753    2.55005     -169.8     -166.8      -71.9      1.3      0.5      0.5 2023  9 28  8  1 35.72000122  0.0   1
     3222  -1.6398472  101.1473307    2.62565      771.8       89.7        2.7      0.4      0.3      0.3 2023  9 28  8  2  3.35999990  0.0   1
     3223  -1.6414197  101.1432210    2.76991      314.3      -84.2      147.0      0.4      0.3      0.2 2023  9 28  8  2 40.31000137  0.0   1
     3224  -1.6408665  101.1467855    2.58798      710.8      -23.0      -35.0      0.3      0.4      0.3 2023  9 28  8  7 49.70999908  0.0   1
     3225  -1.6410365  101.1439779    2.76308      398.4      -41.8      140.1      0.5      0.3      0.3 2023  9 28  8 13  6.84000015  0.0   1
     3226  -1.6397437  101.1463379    2.72758      660.8      101.1      104.6      0.3      0.3      0.2 2023  9 28  8 15 50.84999847  0.0   1
     3227  -1.6400238  101.1457682    2.62650      597.3       70.1        3.6      0.6      0.5      0.3 2023  9 28  8 15 58.18999863  0.0   1
     3228  -1.6441851  101.1444255    2.69507      448.2     -390.0       72.1      0.7      0.4      0.3 2023  9 28  8 17  0.49000001  0.0   1
     3229  -1.6410000  101.1436361    2.70812      360.3      -37.8       85.2      0.6      0.3      0.2 2023  9 28  8 17 24.29000092  0.0   1
     3230  -1.6401639  101.1448568    2.81533      496.5       54.6      192.4      0.5      0.3      0.2 2023  9 28  8 19 49.29999924  0.0   1
     3231  -1.6421345  101.1395833    2.73387      -90.1     -163.2      110.9      0.6      0.3      0.2 2023  9 28  8 20 55.52000046  0.0   1
     3232  -1.6409163  101.1441406    2.78557      416.5      -28.5      162.6      0.4      0.4      0.2 2023  9 28  8 26 42.88000107  0.0   1
     3233  -1.6422606  101.1449788    2.72361      509.7     -177.2      100.7      0.3      0.3      0.2 2023  9 28  8 26 46.84000015  0.0   1
     3234  -1.6420311  101.1438721    2.79807      386.6     -151.8      175.1      0.6      0.3      0.3 2023  9 28  8 27  2.09999990  0.0   1
     3235  -1.6418243  101.1428955    2.63136      277.7     -128.9        8.4      0.8      0.3      0.3 2023  9 28  8 29 31.02000046  0.0   1
     3236  -1.6410107  101.1404460    2.76950        5.2      -39.0      146.6      1.1      0.3      0.2 2023  9 28  8 33 52.38000107  0.0   1
     3237  -1.6416861  101.1427816    2.73285      264.9     -113.7      109.9      0.8      0.4      0.3 2023  9 28  8 34 52.70000076  0.0   1
     3238  -1.6414762  101.1438151    2.79803      380.4      -90.5      175.1      0.6      0.3      0.2 2023  9 28  8 35 23.65999985  0.0   1
     3239  -1.6401440  101.1451253    2.67192      526.3       56.9       49.0      0.4      0.3      0.2 2023  9 28  8 35 37.04000092  0.0   1
     3240  -1.6419739  101.1414795    2.78864      120.8     -145.5      165.7      1.4      0.4      0.3 2023  9 28  8 36  6.26000023  0.0   1
     3241  -1.6411378  101.1431315    2.71177      303.9      -53.0       88.8      0.5      0.4      0.3 2023  9 28  8 36  9.26000023  0.0   1
     3242  -1.6430440  101.1456950    2.73178      589.2     -263.8      108.8      0.4      0.3      0.2 2023  9 28  8 36 18.69000053  0.0   1
     3243  -1.6418118  101.1394775    2.88353     -102.3     -127.6      260.6      1.0      0.4      0.2 2023  9 28  8 36 33.70999908  0.0   1
     3244  -1.6418170  101.1430501    2.73442      295.2     -128.1      111.5      0.6      0.3      0.3 2023  9 28  8 36 39.86999893  0.0   1
     3245  -1.6434812  101.1439046    2.52853      390.5     -312.2      -94.4      0.8      0.4      0.4 2023  9 28  8 37 37.74000168  0.0   1
     3246  -1.6417207  101.1431722    2.79774      309.2     -117.5      174.8      0.6      0.2      0.2 2023  9 28  8 37 40.75999832  0.0   1
     3247  -1.6413623  101.1436849    2.84837      365.5      -77.9      225.4      0.4      0.3      0.2 2023  9 28  8 38  9.71000004  0.0   1
     3248  -1.6414345  101.1435465    2.73397      350.9      -85.8      111.0      0.5      0.4      0.2 2023  9 28  8 39  3.31999993  0.0   1
     3249  -1.6422343  101.1437419    2.78850      372.3     -174.3      165.6      0.5      0.4      0.2 2023  9 28  8 39 16.25000000  0.0   1
     3250  -1.6431914  101.1390381    2.74735     -151.6     -280.1      124.4      0.9      0.4      0.3 2023  9 28  8 39 29.69000053  0.0   1
     3251  -1.6419392  101.1428141    2.84624      268.7     -141.6      223.3      0.6      0.5      0.3 2023  9 28  8 40 15.93999958  0.0   1
     3252  -1.6413662  101.1439535    2.75187      395.8      -78.3      128.9      0.3      0.2      0.2 2023  9 28  8 40 38.47999954  0.0   1
     3253  -1.6423664  101.1432129    2.73782      312.9     -188.9      114.9      0.6      0.4      0.3 2023  9 28  8 40 41.38000107  0.0   1
     3254  -1.6420963  101.1447428    2.83778      483.6     -159.0      214.8      0.4      0.5      0.3 2023  9 28  8 41  2.16000009  0.0   1
     3255  -1.6419769  101.1464681    2.63356      675.9     -145.8       10.6      0.5      0.4      0.3 2023  9 28  8 41 20.87999916  0.0   1
     3256  -1.6420059  101.1425781    2.78009      242.7     -149.0      157.1      0.6      0.5      0.3 2023  9 28  8 41 55.04999924  0.0   1
     3257  -1.6414293  101.1478678    2.78916      830.9      -85.3      166.2      0.6      0.4      0.3 2023  9 28  8 42 14.56999969  0.0   1
     3258  -1.6393763  101.1417969    2.83043      155.5      141.7      207.5      0.9      0.5      0.3 2023  9 28  8 42 19.54999924  0.0   1
     3259  -1.6439535  101.1457357    2.58427      594.3     -364.4      -38.7      0.7      0.4      0.4 2023  9 28  8 43 54.72999954  0.0   1
     3260  -1.6422820  101.1430420    2.68746      294.4     -179.5       64.5      0.7      0.4      0.3 2023  9 28  8 44 16.90999985  0.0   1
     3261  -1.6415418  101.1425618    2.90010      240.8      -97.7      277.2      0.9      0.3      0.3 2023  9 28  8 44 28.37999916  0.0   1
     3262  -1.6415787  101.1430745    2.85258      298.3     -101.8      229.6      0.7      0.2      0.2 2023  9 28  8 47 19.86000061  0.0   1
     3263  -1.6413170  101.1436117    2.72151      357.4      -72.8       98.6      0.4      0.3      0.2 2023  9 28  8 47 33.06999969  0.0   1
     3264  -1.6453595  101.1430094    2.57227      290.4     -519.9      -50.7      1.0      0.4      0.4 2023  9 28  8 51 42.25999832  0.0   1
     3265  -1.6422155  101.1391357    2.83930     -140.0     -172.2      216.4      0.7      0.4      0.4 2023  9 28  8 59 46.52999878  0.0   1
     3266  -1.6419726  101.1423828    2.70395      221.2     -145.3       81.0      0.6      0.3      0.2 2023  9 28  9  4 21.27000046  0.0   1
     3267  -1.6418105  101.1413574    2.78574      107.3     -127.4      162.8      1.3      0.4      0.3 2023  9 28  9  5 15.84000015  0.0   1
     3268  -1.6419843  101.1430501    2.78496      294.9     -146.6      162.0      0.5      0.3      0.2 2023  9 28  9 10 20.37000084  0.0   1
     3269  -1.6460823  101.1402832    2.56923      -13.1     -599.8      -53.7      2.3      0.5      0.6 2023  9 28  9 17 17.36000061  0.0   1
     3270  -1.6403538  101.1430257    2.80779      292.9       33.7      184.8      0.7      0.4      0.3 2023 10  5  7 35 44.90999985  0.0   1
     3271  -1.6109619  101.1295898    2.40265    -1202.2     3283.6     -220.3      0.4      0.5      0.5 2023 10  8  0 46  1.73000002  0.0   1
     3272  -1.6124914  101.1274658    2.31070    -1438.7     3114.5     -312.2      0.4      0.5      0.5 2023 10  8  0 46 50.84000015  0.0   1
     3273  -1.6383294  101.1437744    2.93920      375.5      257.5      316.3      0.6      0.4      0.3 2023 10  9 12  0 57.20999908  0.0   1
     3274  -1.6380133  101.1532633    2.61288     1431.6      292.5      -10.1      0.6      0.8      0.4 2023 10  9 13 10 28.75000000  0.0   1
     3275  -1.6431442  101.1476969    2.30271      812.1     -274.9     -320.2      1.0      0.6      0.7 2023 10 10  8 52 47.47999954  0.0   1
     3276  -1.6411610  101.1469238    2.85346      726.3      -55.6      230.5      0.4      0.4      0.2 2023 10 12  2  8 51.72999954  0.0   1
     3277  -1.6427326  101.1414388    2.51964      115.9     -229.4     -103.3      0.8      0.5      0.6 2023 10 12  2 25 53.88999939  0.0   1
     3278  -1.6464203  101.1446696    2.43272      475.2     -637.1     -190.2      1.5      1.1      0.6 2023 10 12  2 26 44.36999893  0.0   1
     3279  -1.6437731  101.1398926    2.76729      -55.8     -344.4      144.3      0.8      0.5      0.3 2023 10 12  7 33 35.72000122  0.0   1
     3280  -1.6396605  101.1413900    2.85868      110.7      110.3      235.7      1.0      0.4      0.3 2023 10 12  7 35 26.72999954  0.0   1
     3281  -1.6385410  101.1454834    2.91242      566.0      234.1      289.5      0.7      0.6      0.3 2023 10 12  7 44 21.15999985  0.0   1
     3282  -1.6423978  101.1413330    2.70815      104.3     -192.4       85.2      1.5      0.4      0.4 2023 10 14  8 24 30.54000092  0.0   1
     3283  -1.6442374  101.1434001    2.63843      334.5     -395.8       15.5      0.9      0.4      0.3 2023 10 14 10 32 46.22999954  0.0   1
     3284  -1.6422260  101.1423503    2.77749      216.9     -173.4      154.5      1.1      0.5      0.3 2023 10 14 16 31 41.02000046  0.0   1
     3285  -1.6425713  101.1394775    2.72017     -102.1     -211.5       97.2      0.9      0.4      0.3 2023 10 17  8 13 56.77000046  0.0   1
     3286  -1.6451467  101.1354004    2.78884     -555.8     -496.3      165.9      1.1      0.7      0.6 2023 10 17  9  1 32.40999985  0.0   1
     3288  -1.6430725  101.1507650    3.01816     1153.5     -267.0      395.2      1.2      1.3      1.1 2023 10 18 14 21 34.95000076  0.0   1
