     2719  -1.6406167  101.1453857    2.92075      554.8        4.6      297.8     56.4     36.3     36.2 2023  1  3  3 43 21.02000046  0.0   1
     2720  -1.6378487  101.1459473    3.07020      617.3      310.7      447.3     62.1     43.7     39.1 2023  1  3  3 52  5.73000002  0.0   1
     2721  -1.6372850  101.1493245    2.70820      993.7      373.0       85.3     46.3     59.8     45.1 2023  1  3  3 52 21.03000069  0.0   1
     2722  -1.6421111  101.1379964    2.77876     -266.9     -160.7      155.8     75.0     39.0     29.6 2023  1  3  3 52 34.75000000  0.0   1
     2723  -1.6390783  101.1456787    2.83236      588.0      174.7      209.4     45.0     49.0     35.4 2023  1  3  4  2 20.45000076  0.0   1
     2724  -1.6390452  101.1463949    2.89564      667.4      178.4      272.7     38.4     37.5     30.6 2023  1  4 20 11 39.40000153  0.0   1
     2725  -1.6417920  101.1434163    2.79924      336.2     -125.4      176.3     51.9     29.9     27.0 2023  1  4 20 16 15.53999996  0.0   1
     2726  -1.6441354  101.1386149    2.64970     -198.2     -384.5       26.8     59.5     35.9     28.3 2023  1  4 20 17  9.68000031  0.0   1
     2727  -1.6499908  101.1280192    1.76681    -1377.6    -1031.9     -856.1    186.9    136.9    191.7 2023  1  4 20 18 22.71999931  0.0   1
     2729  -1.6501172  101.1376302    2.45226     -307.8    -1045.9     -170.7    247.7     82.4     91.6 2023  1 11 13 28 50.43999863  0.0   1
     2734  -1.6422736  101.1461182    2.93536      636.8     -178.6      312.4     57.1     28.0     28.4 2023  1 20 18 30  0.36000001  0.0   1
     2735  -1.6438646  101.1374512    2.95007     -327.9     -354.5      327.1    121.5     72.5     38.5 2023  1 20 19 10 25.45999908  0.0   1
     2736  -1.6407810  101.1450277    2.68104      515.1      -13.6       58.1     42.9     34.6     25.4 2023  1 20 19 10 36.45999908  0.0   1
     2737  -1.6418657  101.1436523    2.61905      361.9     -133.5       -3.9     62.9     31.6     24.9 2023  1 20 19 11 19.44000053  0.0   1
     2738  -1.6408048  101.1417074    3.02945      146.0      -16.2      406.5     83.5     43.0     30.7 2023  1 20 19 11 38.47999954  0.0   1
     2739  -1.6393392  101.1430745    2.85366      297.8      145.8      230.7     40.6     33.3     28.7 2023  1 20 19 11 46.86000061  0.0   1
     2740  -1.6408066  101.1434814    2.67339      343.5      -16.4       50.4     59.7     33.6     25.7 2023  1 20 19 12  2.07999992  0.0   1
     2741  -1.6413193  101.1444173    2.89443      447.2      -73.1      271.5     52.6     45.8     29.2 2023  1 20 19 12 14.30000019  0.0   1
     2742  -1.6448610  101.1385010    2.54632     -211.3     -464.7      -76.6     85.8     60.2     52.4 2023  1 20 19 12 27.89999962  0.0   1
     2743  -1.6396776  101.1431966    2.86042      311.4      108.4      237.5     46.6     34.5     29.5 2023  1 20 19 12 41.43999863  0.0   1
     2744  -1.6377899  101.1443034    3.19489      435.0      317.2      571.9     54.6     45.8     28.9 2023  1 20 19 12 45.20000076  0.0   1
     2745  -1.6411087  101.1421631    3.02856      196.4      -49.8      405.6     61.2     46.8     33.9 2023  1 20 19 12 58.77999878  0.0   1
     2746  -1.6423051  101.1423177    2.97337      213.4     -182.1      350.4     70.2     39.0     45.4 2023  1 20 19 13  8.81999969  0.0   1
     2747  -1.6449423  101.1444255    2.60937      448.4     -473.7      -13.6     71.7     48.9     36.9 2023  1 20 19 13 21.52000046  0.0   1
     2748  -1.6410492  101.1375244    2.94014     -319.8      -43.2      317.2     77.1     56.2     54.1 2023  1 20 19 13 50.47999954  0.0   1
     2749  -1.6420008  101.1299398    2.41753    -1163.5     -148.5     -205.4     74.8     59.7     67.1 2023  1 20 19 13 59.40000153  0.0   1
     2750  -1.6424540  101.1355469    2.67440     -540.0     -198.6       51.5     76.2     65.5     60.0 2023  1 20 19 14 14.26000023  0.0   1
     2751  -1.6409499  101.1436035    2.97085      356.6      -32.3      347.9     76.5     46.5     36.5 2023  1 20 19 14 47.25999832  0.0   1
     2752  -1.6432657  101.1461914    2.67481      644.7     -288.3       51.9     99.4     38.0     48.2 2023  1 20 19 14 50.77999878  0.0   1
     2753  -1.6407789  101.1402262    3.01077      -19.3      -13.3      387.8     80.1     66.3     38.2 2023  1 20 19 15  4.05999994  0.0   1
     2754  -1.6409560  101.1443604    2.75452      440.7      -32.9      131.6     48.0     36.2     25.4 2023  1 20 19 15 37.75999832  0.0   1
     2755  -1.6398966  101.1433512    2.80176      328.8       84.2      178.8     59.2     34.9     29.3 2023  1 20 19 15 47.91999817  0.0   1
     2756  -1.6399910  101.1442220    2.80704      425.4       73.8      184.1     35.0     36.7     25.1 2023  1 20 19 16  4.34000015  0.0   1
     2757  -1.6429957  101.1393717    2.76252     -114.5     -258.5      139.6     57.2     38.9     33.3 2023  1 20 19 16 23.39999962  0.0   1
     2758  -1.6387791  101.1462240    2.82944      648.7      207.8      206.5     41.0     34.3     26.1 2023  1 20 19 16 33.02000046  0.0   1
     2759  -1.6403749  101.1446859    2.82429      477.5       31.3      201.3     49.1     33.9     26.5 2023  1 20 19 16 54.11999893  0.0   1
     2760  -1.6406823  101.1479899    2.79317      845.1       -2.7      170.2     43.0     45.1     31.5 2023  1 20 19 17 18.65999985  0.0   1
     2761  -1.6401869  101.1432048    2.85634      312.7       52.1      233.4     43.6     44.3     29.5 2023  1 20 19 17 23.44000053  0.0   1
     2762  -1.6413976  101.1434814    2.74545      343.0      -81.8      122.5     39.5     37.4     27.8 2023  1 20 19 17 53.41999817  0.0   1
     2763  -1.6452441  101.1212809    1.69590    -2126.9     -507.1     -927.0     99.2     95.3    125.5 2023  1 20 19 17 59.56000137  0.0   1
     2764  -1.6375397  101.1505208    2.96015     1126.6      344.8      337.2     68.2     43.0     20.3 2023  1 20 19 18 19.47999954  0.0   1
     2765  -1.6427302  101.1462321    3.02435      649.2     -229.1      401.4     70.0     43.5     48.4 2023  1 20 19 18 31.20000076  0.0   1
     2766  -1.6431788  101.1404053    2.78635        0.6     -278.7      163.4     54.1     46.2     28.8 2023  1 20 19 18 39.00000000  0.0   1
     2767  -1.6407124  101.1414307    2.94640      115.4       -6.0      323.5     59.7     39.8     25.3 2023  1 20 19 20 12.10000038  0.0   1
     2768  -1.6409902  101.1363444    2.81214     -450.6      -36.7      189.2     63.7     38.5     35.2 2023  1 20 19 20 39.81999969  0.0   1
     2769  -1.6412922  101.1408691    2.94053       52.7      -70.1      317.6     94.3     40.7     28.6 2023  1 20 19 21  7.40000010  0.0   1
     2770  -1.6412350  101.1419352    2.93801      170.9      -63.8      315.1     52.9     34.4     24.7 2023  1 20 19 21 18.81999969  0.0   1
     2771  -1.6402790  101.1503906    2.64467     1112.2       41.9       21.7     53.9     34.7     33.8 2023  1 20 19 21 59.91999817  0.0   1
     2772  -1.6416107  101.1441895    3.22059      421.8     -105.3      597.6     76.8     48.2     50.2 2023  1 20 19 22 12.19999981  0.0   1
     2773  -1.6384902  101.1560140    2.37703     1738.1      239.7     -245.9     63.8     60.6     59.3 2023  1 20 19 22 39.93999863  0.0   1
     2774  -1.6425510  101.1421061    3.07648      190.4     -209.3      453.5     88.6     51.8     37.3 2023  1 20 19 22 45.40000153  0.0   1
     2775  -1.6447806  101.1361816    2.75817     -469.1     -455.8      135.2     72.0     45.8     45.6 2023  1 20 19 23  1.05999994  0.0   1
     2776  -1.6458560  101.1432699    2.38238      319.8     -574.7     -240.6     72.0     26.1     39.5 2023  1 20 19 23  6.86000013  0.0   1
     2777  -1.6417173  101.1391032    2.75784     -143.9     -117.1      134.9     55.6     34.4     27.9 2023  1 20 19 24 26.95999908  0.0   1
     2778  -1.6461322  101.1270833    2.52948    -1481.2     -605.3      -93.5    111.5     75.3     88.5 2023  1 20 19 24 30.94000053  0.0   1
     2779  -1.6452957  101.1399414    2.60973      -50.4     -512.8      -13.2    137.4     56.8     51.0 2023  1 20 19 24 45.20000076  0.0   1
     2780  -1.6472691  101.1308350    2.26749    -1063.9     -731.0     -355.5     64.3     43.7     39.9 2023  1 20 19 24 52.18000031  0.0   1
     2782  -1.6390757  101.1518799    2.65046     1277.6      175.0       27.5     50.7     35.7     26.2 2023  1 20 19 25 16.07999992  0.0   1
     2783  -1.6495116  101.1301921    1.51260    -1135.3     -979.0    -1110.3    103.4     63.3    105.0 2023  1 20 19 26 19.50000000  0.0   1
     2784  -1.6351781  101.1553711    2.73708     1666.0      606.0      114.1     51.1     68.8     41.2 2023  1 20 19 26 40.24000168  0.0   1
     2785  -1.6438872  101.1454915    3.05812      566.4     -357.0      435.2    103.9     74.2     63.3 2023  1 20 19 26 53.72000122  0.0   1
     2786  -1.6418694  101.1443441    2.62045      438.9     -133.9       -2.5     53.8     29.7     31.7 2023  1 20 19 28  3.14000010  0.0   1
     2787  -1.6426565  101.1410563    2.70101       73.7     -221.0       78.1     52.0     26.9     22.8 2023  1 20 19 28 27.34000015  0.0   1
     2788  -1.6407825  101.1439941    2.82935      400.4      -13.7      206.4     44.2     32.6     25.8 2023  1 20 19 28 29.31999969  0.0   1
     2789  -1.6417886  101.1431396    2.60843      305.0     -125.0      -14.5    108.0     52.7     47.6 2023  1 20 19 28 39.91999817  0.0   1
     2790  -1.6446593  101.1416097    2.83281      134.8     -442.4      209.9     84.4     33.0     30.1 2023  1 20 19 29 12.73999977  0.0   1
     2791  -1.6433791  101.1417725    2.83439      152.9     -300.9      211.4     55.2     31.2     28.9 2023  1 20 19 29 38.18000031  0.0   1
     2792  -1.6418866  101.1452637    2.77057      541.6     -135.8      147.6     61.3     33.4     31.4 2023  1 20 19 30 28.65999985  0.0   1
     2793  -1.6408695  101.1426839    2.77540      254.6      -23.4      152.5     47.6     37.1     30.1 2023  1 20 19 30 43.77999878  0.0   1
     2794  -1.6462022  101.1309082    2.41173    -1055.7     -613.0     -211.2     94.5     58.8     79.7 2023  1 20 19 30 58.61999893  0.0   1
     2795  -1.6340345  101.1568197    2.17800     1827.0      732.4     -444.9     58.8     66.2     48.8 2023  1 20 19 31  4.38000011  0.0   1
     2796  -1.6443150  101.1430583    2.52289      295.8     -404.3     -100.1    229.6     61.2     70.5 2023  1 20 19 31  9.84000015  0.0   1
     2797  -1.6419126  101.1429769    2.86433      287.2     -138.7      241.4     62.4     25.1     29.2 2023  1 20 19 31 49.70000076  0.0   1
     2798  -1.6413157  101.1478271    2.82667      826.9      -72.7      203.7     66.7     45.0     33.7 2023  1 20 19 32  3.83999991  0.0   1
     2799  -1.6424531  101.1425374    2.71320      238.3     -198.5       90.3     84.6     32.1     33.7 2023  1 20 19 32  9.02000046  0.0   1
     2800  -1.6410447  101.1413900    2.90500      110.5      -42.7      282.1     44.0     26.9     23.9 2023  1 20 19 32 20.89999962  0.0   1
     2801  -1.6422021  101.1407796    2.77114       42.1     -170.7      148.2     67.8     26.4     27.2 2023  1 20 19 32 52.88000107  0.0   1
     2802  -1.6420698  101.1438965    2.68747      389.3     -156.1       64.5     40.4     25.8     23.9 2023  1 20 19 32 59.25999832  0.0   1
     2803  -1.6418836  101.1426595    2.94633      251.3     -135.5      323.4     46.3     32.9     22.4 2023  1 20 19 33  9.80000019  0.0   1
     2804  -1.6439285  101.1367350    2.66101     -407.3     -361.6       38.1     62.3     34.5     38.9 2023  1 20 19 33 34.56000137  0.0   1
     2805  -1.6394764  101.1507406    2.85268     1151.0      130.7      229.7     45.6     36.8     35.0 2023  1 20 19 33 48.00000000  0.0   1
     2806  -1.6427423  101.1421631    2.85723      196.2     -230.4      234.3    117.6     39.0     43.3 2023  1 20 19 33 53.97999954  0.0   1
     2807  -1.6405279  101.1461751    2.71186      643.0       14.4       88.9     57.6     41.8     25.7 2023  1 20 19 34 15.69999981  0.0   1
     2808  -1.6461403  101.1251790    1.64476    -1693.0     -606.2     -978.2     93.6     66.8     95.0 2023  1 20 19 34 33.22000122  0.0   1
     2809  -1.6448996  101.1340820    2.50258     -703.0     -469.0     -120.4     82.4     37.6     70.6 2023  1 20 19 34 48.20000076  0.0   1
     2810  -1.6425304  101.1425618    2.58994      240.9     -207.0      -33.0     41.1     22.1     25.3 2023  1 20 19 34 58.11999893  0.0   1
     2811  -1.6422805  101.1456624    3.02701      585.5     -179.4      404.1     61.3     41.7     36.0 2023  1 20 19 35 21.10000038  0.0   1
     2812  -1.6421472  101.1412923    2.87170      100.0     -164.7      248.8     60.4     36.6     28.5 2023  1 20 19 35 48.25999832  0.0   1
     2813  -1.6411552  101.1450358    2.82312      515.9      -55.0      200.2     40.8     37.2     27.2 2023  1 20 19 36 32.65999985  0.0   1
     2814  -1.6429022  101.1444336    2.90655      449.0     -248.1      283.6     52.8     43.3     28.4 2023  1 20 19 36 50.90000153  0.0   1
     2815  -1.6405284  101.1433757    2.82949      331.2       14.4      206.5     50.2     40.3     31.2 2023  1 20 19 43 50.43999863  0.0   1
     2816  -1.6407876  101.1438477    3.03293      384.3      -14.3      410.0     58.0     50.0     41.0 2023  1 20 19 43 54.97999954  0.0   1
     2817  -1.6405425  101.1442871    2.73207      432.9       12.8      109.1     60.3     40.7     32.0 2023  1 20 19 49 56.54000092  0.0   1
     2818  -1.6406734  101.1459635    2.96093      619.7       -1.7      338.0     52.8     44.3     36.1 2023  1 20 19 53 30.76000023  0.0   1
     2819  -1.6410240  101.1432861    2.83767      321.7      -40.5      214.7     74.8     39.3     26.4 2023  1 20 19 57 15.27999973  0.0   1
     2820  -1.6413807  101.1444499    2.62750      450.6      -79.9        4.6     47.9     36.3     26.0 2023  1 20 19 57 23.65999985  0.0   1
     2821  -1.6391556  101.1448568    2.80519      496.0      166.1      182.2     60.9     46.5     29.6 2023  1 20 20 23  4.65999985  0.0   1
     2822  -1.6404872  101.1401855    2.86303      -23.6       18.9      240.1     93.0     53.7     50.1 2023  1 21  1 56 37.25000000  0.0   1
     2823  -1.6404455  101.1464681    2.81809      675.4       23.5      195.2     94.7     59.6     32.7 2023  1 30 17 30  4.76000023  0.0   1
     2824  -1.6431950  101.1394450    2.75944     -106.3     -280.5      136.5     50.5     40.3     30.0 2023  1 30 17 30 40.74000168  0.0   1
     2825  -1.6458580  101.1277181    1.85535    -1411.2     -575.0     -767.6     84.7     59.5     88.0 2023  2 18 22 35 10.69999981  0.0   1
     2826  -1.6398093  101.1430013    2.82681      289.9       93.9      203.9     83.6     59.5     34.5 2023  2 18 22 38 25.92000008  0.0   1
     2827  -1.6418486  101.1424154    2.68729      224.9     -131.6       64.3     59.5     50.8     39.6 2023  2 18 22 38 33.40000153  0.0   1
     2828  -1.6457612  101.1315999    2.20501     -979.0     -564.3     -417.9     77.2     51.5     67.4 2023  2 18 22 39  5.48000002  0.0   1
     2829  -1.6465186  101.1347331    2.37064     -630.1     -648.0     -252.3     57.2     42.3     45.7 2023  2 26 15 14 57.77000046  0.0   1
     2830  -1.6472148  101.1326579    2.05397     -860.8     -725.0     -569.0     67.4     44.9     47.5 2023  2 27 22 34 11.93999958  0.0   1
     2831  -1.6418260  101.1515055    2.72645     1236.0     -129.1      103.5     65.5     38.9     28.4 2023  2 27 22 34 17.97999954  0.0   1
     2832  -1.6485963  101.1358154    2.08484     -509.7     -877.8     -538.1     73.1     75.2     70.7 2023  2 27 22 34 39.31999969  0.0   1
     2833  -1.6434981  101.1353678    2.67157     -559.3     -314.0       48.6     83.4     49.4     36.2 2023  2 27 22 34 42.22000122  0.0   1
     2834  -1.6409864  101.1398356    2.76195      -62.0      -36.3      139.0     85.9     32.3     34.1 2023  3  8  4 53 44.11000061  0.0   1
     2835  -1.6405343  101.1363363    2.81936     -451.9       13.7      196.4     82.9     46.6     26.0 2023  3 12 23 29 24.12000084  0.0   1
     2836  -1.6410498  101.1391846    2.92631     -134.7      -43.3      303.4     94.7     40.3     26.4 2023  3 19 14 58 26.79999924  0.0   1
     2837  -1.6424371  101.1436849    2.86119      365.4     -196.7      238.2     47.3     25.2     30.1 2023  3 19 14 58 27.35000038  0.0   1
     2838  -1.6395032  101.1439128    2.90458      391.6      127.7      281.6     45.6     48.7     28.0 2023  3 19 14 58 41.38999939  0.0   1
     2839  -1.6426220  101.1413086    2.83831      101.6     -217.1      215.4     71.0     36.9     32.0 2023  3 19 14 59  5.11999989  0.0   1
     2840  -1.6416353  101.1418945    2.87937      167.0     -108.0      256.4    158.2     43.1     42.5 2023  3 19 15  0 56.34000015  0.0   1
     2841  -1.6409147  101.1449951    2.83646      511.5      -28.4      213.5     48.0     28.3     33.2 2023  3 19 15  7 48.63000107  0.0   1
     2842  -1.6400227  101.1442708    2.83975      430.6       70.3      216.8     46.7     39.3     31.6 2023  3 19 15  8  6.13999987  0.0   1
     2843  -1.6416655  101.1466471    2.70529      695.4     -111.4       82.4     39.5     25.4     30.0 2023  3 19 15  8 45.77000046  0.0   1
     2844  -1.6426123  101.1452637    2.65028      541.2     -216.1       27.3     55.9     36.6     30.3 2023  3 19 15 10  1.89999998  0.0   1
     2845  -1.6409904  101.1424398    3.04837      227.1      -36.7      425.4     84.0     43.5     29.0 2023  3 19 15 10 17.05999947  0.0   1
     2846  -1.6435356  101.1357585    2.87551     -516.5     -318.2      252.6     75.2     43.6     29.9 2023  3 19 15 10 42.45999908  0.0   1
     2847  -1.6399568  101.1391520    3.21808     -138.8       77.6      595.1    137.4     62.6     47.7 2023  3 19 15 12  7.92000008  0.0   1
     2848  -1.6397114  101.1443685    3.01295      441.7      104.7      390.0     76.7     42.8     33.3 2023  3 19 15 12 41.66999817  0.0   1
     2849  -1.6399523  101.1460124    2.93641      624.9       78.1      313.5     45.9     40.4     28.8 2023  3 19 15 13  3.02999997  0.0   1
     2850  -1.6447687  101.1354411    2.76721     -551.4     -454.5      144.3     54.9     37.7     41.3 2023  3 19 15 13 29.22999954  0.0   1
     2851  -1.6410072  101.1408203    2.89953       47.1      -38.6      276.6     81.3     55.0     38.1 2023  3 19 15 14 14.53999996  0.0   1
     2852  -1.6441344  101.1293457    2.22904    -1229.9     -384.4     -393.9     57.0     45.2     53.3 2023  3 19 15 14 23.75000000  0.0   1
     2853  -1.6413520  101.1426351    2.72010      249.0      -76.7       97.2     81.0     56.4     35.3 2023  3 19 15 17  0.95999998  0.0   1
     2854  -1.6419888  101.1430013    2.70193      289.6     -147.1       79.0     41.9     36.0     34.6 2023  3 19 15 17 15.43000031  0.0   1
     2855  -1.6414009  101.1392741    2.88244     -125.1      -82.1      259.5    109.2     49.0     32.0 2023  3 19 15 17 23.26000023  0.0   1
     2856  -1.6428583  101.1384603    2.82287     -215.2     -243.3      199.9     91.3     36.7     31.1 2023  3 19 15 17 27.55999947  0.0   1
     2857  -1.6410968  101.1480306    2.95385      849.8      -48.5      330.9     94.5     60.1     49.5 2023  3 19 15 17 37.34000015  0.0   1
     2858  -1.6418589  101.1441488    2.82039      417.5     -132.8      197.5     46.1     45.4     37.4 2023  3 30 10 37 55.43000031  0.0   1
     2859  -1.6407087  101.1464111    2.75423      669.0       -5.6      131.3     54.2     45.5     26.6 2023  3 30 10 38 31.47999954  0.0   1
     2860  -1.6437471  101.1362549    2.85284     -461.0     -341.6      229.9     77.0     39.9     36.4 2023  3 30 10 38 50.88000107  0.0   1
     2861  -1.6421384  101.1393148    3.00929     -120.3     -163.7      386.3     99.5     39.6     27.9 2023  3 30 10 38 55.63999939  0.0   1
     2862  -1.6430621  101.1434326    2.57774      337.7     -265.8      -45.2     35.6     28.7     27.5 2023  3 30 10 39 42.11999893  0.0   1
     2863  -1.6402196  101.1404541    3.20678        6.7       48.5      583.8    117.4     42.6     38.9 2023  3 30 10 39 48.84999847  0.0   1
     2864  -1.6427640  101.1425781    2.78745      242.7     -232.9      164.5     46.3     23.2     25.0 2023  3 30 10 40  7.73999977  0.0   1
     2865  -1.6419526  101.1404622    2.83869        6.8     -143.1      215.7     51.6     32.9     34.4 2023  3 30 10 40 14.48999977  0.0   1
     2866  -1.6397480  101.1383057    2.80265     -233.2      100.6      179.7     64.1     36.3     27.7 2023  3 30 10 40 28.92000008  0.0   1
     2867  -1.6411706  101.1409912    2.75117       65.9      -56.7      128.2     53.0     49.1     36.3 2023  3 30 10 40 36.38999939  0.0   1
     2868  -1.6400487  101.1448079    2.71285      490.6       67.4       89.9     69.4     51.3     48.3 2023  3 30 10 40 42.43999863  0.0   1
     2869  -1.6472693  101.1343506    2.57063     -672.8     -731.0      -52.3    115.9     62.6     59.1 2023  3 30 10 41  9.31999969  0.0   1
     2870  -1.6411864  101.1410156    2.83795       69.0      -58.4      215.0     67.6     29.6     23.2 2023  3 30 10 41 20.13999939  0.0   1
     2871  -1.6453156  101.1365885    2.82336     -423.4     -515.0      200.4     99.1     42.5     32.4 2023  3 30 10 41 29.93000031  0.0   1
     2872  -1.6456437  101.1327067    2.37136     -855.6     -551.3     -251.6     57.5     34.3     52.0 2023  3 30 10 42  3.19000006  0.0   1
     2873  -1.6423911  101.1433757    2.70546      331.9     -191.6       82.5     39.4     26.4     19.4 2023  3 30 10 42 11.61999989  0.0   1
     2874  -1.6415131  101.1399007    2.87569      -55.0      -94.5      252.7    129.5     49.1     34.4 2023  3 30 10 45 34.45999908  0.0   1
     2875  -1.6413169  101.1383057    2.82777     -233.0      -72.8      204.8     69.5     36.1     27.3 2023  3 30 10 49 11.32999992  0.0   1
     2877  -1.6405384  101.1451009    2.87431      523.4       13.3      251.4     60.8     52.1     38.5 2023  4  4 21 16 12.35999966  0.0   1
     2878  -1.6403200  101.1364258    3.00297     -441.7       37.4      380.0     77.1     48.3     39.1 2023  4  4 21 17 38.91999817  0.0   1
     2879  -1.6416907  101.1430990    2.57831      300.4     -114.2      -44.6     74.8     58.7     44.5 2023  4  4 21 19 37.68000031  0.0   1
     2880  -1.6417686  101.1489014    2.79724      946.3     -122.8      174.3     59.6     53.8     34.3 2023  4  4 21 20  7.90000010  0.0   1
     2881  -1.6411189  101.1445964    2.89003      467.2      -50.9      267.1     49.1     48.8     37.7 2023  4  4 21 21 24.20000076  0.0   1
     2882  -1.6406050  101.1484945    2.52708      900.8        5.9      -95.9     65.1     74.0     36.0 2023  4  4 21 21 37.93999863  0.0   1
     2883  -1.6427479  101.1346273    2.58608     -641.9     -231.1      -36.9     73.2     58.6     56.1 2023  4  4 21 21 52.75999832  0.0   1
     2884  -1.6457925  101.1415202    2.56345      125.0     -567.7      -59.5    103.3     52.9     39.7 2023  4  4 21 21 54.95999908  0.0   1
     2885  -1.6402780  101.1502441    2.90142     1095.7       42.0      278.5     66.7     39.7     42.0 2023  4  4 21 22  3.64000010  0.0   1
     2886  -1.6448797  101.1409587    2.82964       62.1     -466.8      206.7     90.0     38.4     34.1 2023  4  7  6 28 12.28999996  0.0   1
     2889  -1.6019999  101.1242920    1.87913    -1792.4     4274.6     -743.8    178.6    152.6    123.7 2023  4 14  5 51 20.79999924  0.0   1
     2890  -1.6065525  101.1226807    2.09111    -1971.8     3771.2     -531.8    158.8    181.1    116.7 2023  4 14  5 51 25.79999924  0.0   1
     2893  -1.6391776  101.1442546    2.89442      429.4      163.7      271.5     45.7     34.4     22.9 2023  5 15 17 26 39.81999969  0.0   1
     2894  -1.6391225  101.1483968    2.84574      890.4      169.8      222.8     38.7     29.0     30.7 2023  5 15 17 32 30.39999962  0.0   1
     2895  -1.6453363  101.1394531    2.60917     -105.1     -517.3      -13.8     55.4     33.3     35.6 2023  5 19 22 49 48.45999908  0.0   1
     2896  -1.6425376  101.1436686    2.84087      364.1     -207.8      217.9     57.6     35.1     28.1 2023  5 19 22 54 49.02000046  0.0   1
     2897  -1.6403356  101.1405273    2.86538       14.6       35.7      242.4     52.1     36.9     24.8 2023  5 19 22 54 53.54000092  0.0   1
     2901  -1.6422574  101.1350423    2.72040     -596.2     -176.8       97.5     79.6     39.7     26.6 2023  5 27 15 42  8.60000038  0.0   1
     2903  -1.6437133  101.1394368    2.67924     -107.2     -337.8       56.3    220.1     62.3    100.8 2023  5 28 18 49 16.21999931  0.0   1
     2905  -1.6469062  101.1234863    1.72409    -1881.6     -690.9     -898.9    131.5    115.1    139.1 2023  6  6  1 40 44.04000092  0.0   1
     2906  -1.6428762  101.1326660    2.44083     -860.0     -245.3     -182.1     71.9     42.4     66.3 2023  6  6  1 42 24.76000023  0.0   1
     2907  -1.6417192  101.1367188    2.72252     -409.3     -117.3       99.6     67.3     43.8     25.9 2023  6  6  1 48 22.26000023  0.0   1
     2908  -1.6410109  101.1434001    2.76726      334.5      -39.0      144.3     52.8     28.4     25.3 2023  6  6  1 48 43.06999969  0.0   1
     2909  -1.6430550  101.1442464    2.71866      428.2     -265.0       95.7     53.0     27.6     31.4 2023  6  6  1 51 12.57999992  0.0   1
     2910  -1.6426458  101.1434082    2.77330      335.3     -219.8      150.4    146.0     44.5     43.3 2023  6  6  1 51 15.86999989  0.0   1
     2911  -1.6425123  101.1416992    2.87504      145.1     -205.0      252.1     68.0     31.2     25.6 2023  6  6  1 51 30.25000000  0.0   1
     2912  -1.6434273  101.1446940    2.95913      478.5     -306.2      336.2     66.7     31.7     30.0 2023  6  6  1 52 19.11000061  0.0   1
     2913  -1.6420931  101.1420247    2.94719      180.7     -158.7      324.2     67.3     32.6     27.5 2023  6  6  1 52 40.33000183  0.0   1
     2914  -1.6401845  101.1423421    3.01778      216.8       52.4      394.8     62.7     34.9     32.4 2023  6  6  1 52 50.29999924  0.0   1
     2915  -1.6425804  101.1415039    2.84922      122.8     -212.5      226.3     69.1     45.5     31.8 2023  6  6  1 53 28.01000023  0.0   1
     2916  -1.6458266  101.1417318    2.79939      148.8     -571.5      176.5    129.9     55.4     41.3 2023  6  6  1 54  5.28999996  0.0   1
     2917  -1.6436865  101.1454590    2.76687      563.4     -334.9      143.9     60.9     33.6     37.7 2023  6  6  1 54 28.88999939  0.0   1
     2918  -1.6437580  101.1384115    2.83446     -221.1     -342.8      211.5    123.9     47.5     45.7 2023  6  6  1 54 37.52999878  0.0   1
     2919  -1.6423424  101.1505534    2.78765     1130.0     -186.2      164.7     49.1     33.4     32.4 2023  6  6  1 54 44.18999863  0.0   1
     2921  -1.6475849  101.1263265    1.50206    -1565.7     -765.9    -1120.9     86.8     65.8     90.6 2023  6  6  1 55 12.25000000  0.0   1
     2922  -1.6415521  101.1406820    2.87140       32.1      -98.8      248.5     75.3     32.5     31.5 2023  6  6  1 55 25.79999924  0.0   1
     2923  -1.6433624  101.1395996    2.66354      -88.6     -299.0       40.6    117.1     40.4     40.7 2023  6  6  1 55 44.54999924  0.0   1
     2924  -1.6402252  101.1449707    2.90179      508.7       47.9      278.8     64.2     31.0     31.4 2023  6  6  1 55 52.50999832  0.0   1
     2925  -1.6422119  101.1379476    2.85724     -272.8     -171.8      234.3     80.5     48.2     26.8 2023  6  6  1 56  1.14999998  0.0   1
     2926  -1.6424271  101.1413900    3.07990      110.7     -195.6      457.0     91.1     50.2     45.5 2023  6  6  1 56  8.31999969  0.0   1
     2927  -1.6508027  101.1259766    0.67797    -1604.9    -1121.7    -1945.0    125.0     89.3    221.8 2023  6  6  1 56 16.76000023  0.0   1
     2928  -1.6425996  101.1417562    2.81559      151.0     -214.7      192.6     66.4     28.6     25.6 2023  6  6  1 56 29.04999924  0.0   1
     2929  -1.6482941  101.1277507    1.66696    -1406.9     -844.3     -956.0    101.3     70.0    113.8 2023  6  6  1 56 36.79000092  0.0   1
     2930  -1.6407213  101.1438721    2.89774      386.8       -7.0      274.8     59.2     29.6     27.3 2023  6  6  1 57 14.22000027  0.0   1
     2931  -1.6421427  101.1424479    2.80927      227.9     -164.2      186.3     50.2     23.4     22.3 2023  6  6  1 57 25.55999947  0.0   1
     2932  -1.6408723  101.1419678    2.84508      174.7      -23.7      222.1     81.9     30.9     38.1 2023  6  6  1 57 28.88999939  0.0   1
     2933  -1.6420676  101.1437500    2.66329      372.6     -155.8       40.3     48.9     22.5     20.4 2023  6  6  1 57 37.61999893  0.0   1
     2934  -1.6419627  101.1436361    3.07046      360.7     -144.2      447.5     60.8     37.2     34.0 2023  6  6  1 57 45.38000107  0.0   1
     2935  -1.6386395  101.1479004    2.92347      835.1      223.2      301.5     62.0     48.1     33.6 2023  6  6  1 58  3.48000002  0.0   1
     2936  -1.6415277  101.1421875    2.83511      199.6      -96.2      212.2     73.9     29.1     32.7 2023  6  6  1 58 51.29000092  0.0   1
     2937  -1.6459274  101.1441162    2.53870      413.8     -582.6      -84.2     56.9     54.1     66.0 2023  6  6  1 59  4.92000008  0.0   1
     2938  -1.6432048  101.1249756    1.75428    -1716.4     -281.6     -868.7    181.2    189.8    207.8 2023  6  6  2  0 18.29000092  0.0   1
     2939  -1.6412392  101.1450277    2.88312      515.2      -64.2      260.2     33.6     23.0     20.1 2023  6  6  2  0 50.33000183  0.0   1
     2940  -1.6426099  101.1419352    2.83358      171.5     -215.8      210.6     51.0     22.1     21.8 2023  6  6  2  1 17.14999962  0.0   1
     2941  -1.6445215  101.1426595    2.55197      252.0     -427.2      -71.0     66.1     45.7     39.1 2023  6  6  2  1 29.55999947  0.0   1
     2942  -1.6413282  101.1426351    2.77715      249.0      -74.1      154.2     36.8     22.7     24.8 2023  6  6  2  1 36.97999954  0.0   1
     2943  -1.6398735  101.1465413    2.49996      683.7       86.8     -123.0     54.9     33.7     39.1 2023  6  6  2  1 54.45999908  0.0   1
     2944  -1.6401082  101.1426432    2.92851      250.0       60.8      305.6     45.8     27.0     24.1 2023  6  6  2  2 19.39999962  0.0   1
     2945  -1.6466585  101.1443034    2.59767      434.8     -663.5      -25.3     95.1     52.0     46.1 2023  6  6  2  3 32.54000092  0.0   1
     2946  -1.6439747  101.1438721    2.67889      386.3     -366.7       55.9     57.0     29.5     26.8 2023  6  6  2  5 16.29999924  0.0   1
     2947  -1.6319092  101.1530436    2.75464     1407.4      967.4      131.7     38.6     58.7     27.5 2023  6  6  2 11 56.61000061  0.0   1
     2948  -1.6410105  101.1447998    2.78056      489.7      -39.0      157.6     47.2     33.0     26.3 2023  6  6  2 57 14.14999962  0.0   1
     2949  -1.6412577  101.1439860    2.80457      399.2      -66.3      181.6     41.9     28.8     31.0 2023  6  6  2 57 29.37000084  0.0   1
     2950  -1.6396760  101.1488851    2.68833      944.5      108.6       65.4     47.1     33.5     33.6 2023  6  6  2 57 54.09999847  0.0   1
     2951  -1.6401606  101.1389486    2.59608     -161.6       55.0      -26.9    241.1     86.2     63.2 2023  6  6  2 58  2.06999993  0.0   1
     2952  -1.6414352  101.1513184    1.91306     1215.2      -85.9     -709.9     42.7     42.7     42.6 2023  6  6  2 58 17.95000076  0.0   1
     2953  -1.6455706  101.1350749    2.36972     -592.4     -543.2     -253.2     75.3     36.1     39.2 2023  6  6  2 58 41.36999893  0.0   1
     2954  -1.6423155  101.1464681    2.51873      675.9     -183.3     -104.2     47.1     31.2     28.7 2023  6  6  2 59 47.00999832  0.0   1
     2955  -1.6391373  101.1500977    3.01022     1079.8      168.2      387.3     74.6     64.4     45.3 2023  6  6 22 40 15.80000019  0.0   1
     2962  -1.6414836  101.1401693    2.66559      -25.4      -91.3       42.6     55.4     39.4     29.5 2023  7  4 19 19 48.45999908  0.0   1
     2967  -1.6455214  101.1252604    2.13552    -1684.1     -537.7     -487.4    156.4    113.4    141.6 2023  7 14 23 38 10.26000023  0.0   1
     2968  -1.6411818  101.1424235    2.87621      225.4      -57.9      253.3     49.4     34.3     27.7 2023  7 15  2  2 49.29000092  0.0   1
     2969  -1.6418812  101.1415690    2.76619      130.6     -135.2      143.3     72.5     29.0     29.5 2023  7 15  2  5 39.86000061  0.0   1
     2972  -1.6421197  101.1383789    2.80305     -224.5     -161.6      180.1     82.6     43.4     35.1 2023  7 15  9 27  6.65999985  0.0   1
     2973  -1.6414102  101.1431478    2.74491      306.0      -83.2      122.0     37.4     20.9     19.0 2023  7 15  9 29 55.13999939  0.0   1
     2974  -1.6416397  101.1433187    2.71062      324.8     -108.5       87.7     40.2     35.9     31.3 2023  7 15  9 30  2.75999999  0.0   1
     2975  -1.6415953  101.1417480    2.70884      150.4     -103.6       85.9     47.8     25.3     24.3 2023  7 15  9 30 27.43000031  0.0   1
     2976  -1.6419532  101.1429362    2.68225      282.9     -143.2       59.3     85.8     34.8     27.5 2023  7 15  9 31 39.70999908  0.0   1
     2977  -1.6360143  101.1181152    1.92132    -2479.6      513.5     -701.6    134.5    187.8    178.0 2023  7 17 15  4 33.40000153  0.0   1
     2978  -1.6403407  101.1424642    2.84183      230.4       35.1      218.9     51.6     28.9     26.6 2023  7 19  2  5 31.29000092  0.0   1
     2979  -1.6392376  101.1416911    3.13801      144.4      157.1      515.1     62.3     39.6     29.6 2023  7 19  2 18 47.72999954  0.0   1
     2980  -1.6424454  101.1439697    2.86420      397.5     -197.6      241.3     84.5     35.6     30.9 2023  7 19  2 21  5.59999990  0.0   1
     2981  -1.6357760  101.1531657    2.78585     1421.1      539.8      162.9     69.8     48.6     53.9 2023  7 19  2 21  8.77999973  0.0   1
     2982  -1.6394025  101.1419759    2.95982      175.5      138.8      336.9     41.1     41.1     37.2 2023  7 19  2 59 40.54000092  0.0   1
     2983  -1.6408316  101.1429281    2.87805      282.1      -19.2      255.1     29.2     33.2     26.1 2023  7 19  3  0  3.86999989  0.0   1
     2984  -1.6411714  101.1468587    2.59368      718.7      -56.8      -29.3     51.8     36.5     22.5 2023  7 19  3  0 15.28999996  0.0   1
     2985  -1.6405373  101.1441895    2.68994      422.2       13.4       67.0     46.3     42.2     31.6 2023  7 19  3  0 25.79000092  0.0   1
     2986  -1.6423347  101.1388672    2.88947     -170.3     -185.4      266.5     68.1     44.4     34.4 2023  7 19  3  1  0.31999999  0.0   1
     2987  -1.6446878  101.1438395    2.61884      382.7     -445.6       -4.1     36.4     19.5     22.3 2023  7 19  3  1 12.77000046  0.0   1
     2988  -1.6420471  101.1429932    2.60505      288.6     -153.6      -17.9     31.2     28.8     22.8 2023  7 19  3  1 20.85000038  0.0   1
     2989  -1.6408460  101.1397380    2.94975      -73.1      -20.8      326.8    118.0     42.7     32.1 2023  7 19  3  1 31.04999924  0.0   1
     2990  -1.6405471  101.1466797    2.84577      699.4       12.3      222.8     45.5     37.0     36.6 2023  7 19  3  1 58.95000076  0.0   1
     2991  -1.6409164  101.1427734    3.02761      264.0      -28.6      404.7     60.9     35.1     24.0 2023  7 19  3  2 24.22999954  0.0   1
     2992  -1.6409362  101.1420817    2.68733      187.1      -30.7       64.4     94.8     45.3     32.5 2023  7 19  3  2 31.32999992  0.0   1
     2994  -1.6456374  101.1404460    2.48770        5.6     -550.6     -135.2    185.2     62.0     49.4 2023  7 19  3  3  5.17000008  0.0   1
     2995  -1.6421291  101.1431966    2.77184      311.7     -162.6      148.9     59.8     29.8     22.7 2023  7 19  3  3 49.45000076  0.0   1
     2996  -1.6407107  101.1437744    2.92536      376.0       -5.8      302.4     52.1     35.2     28.2 2023  7 19  3  4 25.73999977  0.0   1
     2997  -1.6422410  101.1400960    2.56313      -33.1     -175.0      -59.8     71.8     46.3     49.3 2023  7 19  3  4 42.90000153  0.0   1
     2998  -1.6398730  101.1443034    3.02934      434.4       86.8      406.4     60.9     38.1     26.7 2023  7 19  3  4 47.33000183  0.0   1
     2999  -1.6404321  101.1413737    3.03230      108.6       25.0      409.4     69.8     38.1     30.5 2023  7 19  3  5 55.38999939  0.0   1
     3000  -1.6394881  101.1448324    2.82622      493.5      129.4      203.3     45.9     29.4     27.2 2023  7 19  3  6 34.20999908  0.0   1
     3001  -1.6415159  101.1431152    2.70719      302.5      -94.8       84.2     25.0     32.0     29.6 2023  7 19  3  7 18.03000069  0.0   1
     3002  -1.6437728  101.1419678    2.64795      175.0     -344.4       25.0     55.3     31.1     37.6 2023  7 19  3  7 20.17000008  0.0   1
     3003  -1.6403903  101.1500570    2.66469     1074.5       29.6       41.8     54.3     56.9     60.7 2023  7 19  3  8 37.70999908  0.0   1
     3004  -1.6426474  101.1421631    2.85576      196.6     -220.0      232.8     77.7     58.9     66.4 2023  7 19  3 10 29.87999916  0.0   1
     3005  -1.6402384  101.1433838    2.87510      332.5       46.4      252.2     49.2     27.4     28.9 2023  7 19  3 11  7.88000011  0.0   1
     3006  -1.6374550  101.1455973    3.15144      579.1      354.2      528.5    100.8     53.5     54.4 2023  7 19  3 12 10.78999996  0.0   1
     3007  -1.6409276  101.1483073    2.71946      880.6      -29.8       96.5     51.3     50.6     36.2 2023  7 19  3 14 29.62999916  0.0   1
     3008  -1.6416926  101.1467692    2.37731      708.9     -114.4     -245.6     36.6     30.4     29.1 2023  7 19  3 14 38.36000061  0.0   1
     3009  -1.6410983  101.1431966    2.72758      311.3      -48.7      104.6     72.7     80.5     63.6 2023  7 19  3 17 13.86999989  0.0   1
     3010  -1.6407617  101.1454102    2.81066      558.0      -11.4      187.7     47.5     33.2     27.7 2023  7 19  3 22  8.31999969  0.0   1
     3011  -1.6392668  101.1421956    2.86650      200.3      153.8      243.6     40.3     32.4     31.8 2023  7 19  3 23  0.50000000  0.0   1
     3012  -1.6412296  101.1439128    2.72330      391.3      -63.2      100.4     33.6     21.3     26.1 2023  7 19  3 23 19.36000061  0.0   1
     3013  -1.6420119  101.1438314    2.78740      381.7     -149.7      164.5     39.7     26.2     25.9 2023  7 19  3 23 22.77000046  0.0   1
     3014  -1.6383035  101.1417806    2.96633      154.0      260.4      343.4     42.3     31.6     28.3 2023  7 19  3 23 38.40000153  0.0   1
     3015  -1.6414476  101.1444906    2.72266      455.6      -87.3       99.7     35.8     25.0     21.4 2023  7 19  3 24  8.73999977  0.0   1
     3016  -1.6406816  101.1428467    2.88558      272.3       -2.6      262.6     44.2     30.1     29.5 2023  7 19  3 24 11.84000015  0.0   1
     3017  -1.6437443  101.1433268    2.74854      326.0     -341.2      125.6     49.1     39.4     33.2 2023  7 19  3 24 18.10000038  0.0   1
     3018  -1.6414204  101.1422933    2.69297      211.0      -84.3       70.0     51.0     26.4     25.8 2023  7 19  3 26 25.94000053  0.0   1
     3019  -1.6431957  101.1359945    2.81378     -489.8     -280.6      190.8     67.6     44.5     34.1 2023  7 19  3 26 54.45000076  0.0   1
     3020  -1.6381191  101.1477620    2.89903      819.6      280.8      276.1     57.8     45.1     20.2 2023  7 19  3 28  6.32000017  0.0   1
     3021  -1.6356860  101.1388753    3.13974     -169.0      549.8      516.8     77.5     33.8     35.1 2023  7 19  3 28 11.30000019  0.0   1
     3022  -1.6401520  101.1493815    2.67692     1000.1       56.0       54.0     55.3     41.0     39.0 2023  7 19  3 29  4.26999998  0.0   1
     3023  -1.6453091  101.1393229    2.51167     -119.2     -514.3     -111.3    141.4     61.1     50.7 2023  7 19  3 30 50.99000168  0.0   1
     3024  -1.6472116  101.1424561    2.50465      228.9     -724.6     -118.3     63.6     27.3     37.7 2023  7 19  3 37 19.65999985  0.0   1
     3025  -1.6407458  101.1335286    2.71004     -764.2       -9.7       87.1     75.2     73.8     55.9 2023  7 19  3 39 24.28000069  0.0   1
     3026  -1.6446065  101.1414958    2.77300      121.8     -436.6      150.1    229.8     61.4     65.7 2023  7 19  3 48 22.11000061  0.0   1
     3027  -1.6411911  101.1422445    2.83231      205.2      -58.9      209.4     43.7     44.1     43.7 2023  7 19 19  1 51.08000183  0.0   1
     3028  -1.6423859  101.1400146    2.76068      -43.0     -191.0      137.7     96.4     41.8     38.2 2023  7 20  1 15 46.22999954  0.0   1
     3029  -1.6420973  101.1378418    2.71896     -284.1     -159.1       96.0    147.2     43.6     59.7 2023  7 20  1 16 25.07999992  0.0   1
     3030  -1.6390535  101.1401611    3.03248      -26.0      177.4      409.5    360.5     92.1     78.0 2023  7 20  1 18 27.22999954  0.0   1
     3031  -1.6423180  101.1415609    2.68916      129.9     -183.5       66.2     32.5     30.4     36.1 2023  7 20 16 59 18.79999924  0.0   1
     3032  -1.6407269  101.1434001    2.78941      334.6       -7.6      166.5     95.4     40.9     34.7 2023  7 21  6 50 53.00999832  0.0   1
     3033  -1.6471458  101.1419515    2.43853      173.3     -717.4     -184.4    199.9     70.1     83.4 2023  7 21 12 31 45.83000183  0.0   1
     3034  -1.6447848  101.1424398    2.63473      227.6     -456.3       11.8     58.8     38.5     41.5 2023  7 23  3 56 19.47999954  0.0   1
     3037  -1.6426196  101.1452148    2.59408      536.2     -216.9      -28.9     52.2     44.9     46.9 2023  7 31 23 41 35.38000107  0.0   1
     3042  -1.6414429  101.1397298    3.00431      -74.2      -86.8      381.4     95.9     55.3     39.3 2023  8 25 22  0  2.96000004  0.0   1
     3043  -1.6405927  101.1454671    2.85325      564.1        7.2      230.3     35.2     25.6     27.9 2023  8 25 22  1 20.63999939  0.0   1
     3044  -1.6496806  101.1334229    2.34874     -775.7     -997.6     -274.2    128.2     67.0     93.0 2023  8 25 22  1 29.57999992  0.0   1
     3045  -1.6416704  101.1429036    2.69033      278.9     -111.9       67.4     65.3     31.0     27.4 2023  8 25 22  1 39.70000076  0.0   1
     3046  -1.6397671  101.1381022    2.83928     -255.5       98.5      216.3     94.3     40.3     31.2 2023  8 25 22  2 23.94000053  0.0   1
     3047  -1.6412172  101.1428141    2.77524      269.2      -61.8      152.3     29.8     21.0     21.9 2023  8 25 22  2 28.13999939  0.0   1
     3048  -1.6391243  101.1513835    2.50817     1222.8      169.6     -114.8     55.3     39.4     35.4 2023  8 25 22  2 42.25999832  0.0   1
     3049  -1.6423101  101.1433838    2.63078      332.7     -182.7        7.8     71.9     33.9     29.1 2023  8 25 22  2 51.50000000  0.0   1
     3050  -1.6418809  101.1426351    2.83859      248.6     -135.2      215.6     32.3     23.7     22.2 2023  8 25 22  2 58.43999863  0.0   1
     3051  -1.6392607  101.1500570    1.95209     1075.0      154.5     -670.9     88.9     57.3     62.6 2023  8 25 22  3 19.87999916  0.0   1
     3052  -1.6423452  101.1346273    2.81969     -642.2     -186.5      196.7     77.6     45.4     33.6 2023  8 25 22  3 24.92000008  0.0   1
     3054  -1.6434489  101.1423584    2.71861      217.9     -308.6       95.7     65.7     39.1     49.0 2023  8 25 22  3 32.50000000  0.0   1
     3055  -1.6416569  101.1397705    2.87634      -69.9     -110.4      253.4    164.9     40.5     32.4 2023  8 25 22  3 45.52000046  0.0   1
     3056  -1.6470037  101.1248861    2.08729    -1725.8     -701.6     -535.7     76.8     66.5     74.2 2023  8 25 22  4 22.10000038  0.0   1
     3057  -1.6419336  101.1438639    2.81646      385.8     -141.0      193.5     77.3     34.8     35.0 2023  8 25 22  4 39.36000061  0.0   1
     3058  -1.6417831  101.1428711    2.90573      275.6     -124.4      282.8     62.0     35.8     32.3 2023  8 25 22  4 42.74000168  0.0   1
     3059  -1.6392822  101.1493083    2.53186      991.2      152.2      -91.1     55.1     27.0     23.9 2023  8 25 22  5 22.65999985  0.0   1
     3060  -1.6391257  101.1565348    2.32412     1795.8      169.4     -298.8     42.6     70.6     42.9 2023  8 25 22  5 45.79999924  0.0   1
     3061  -1.6441798  101.1376546    2.71629     -305.3     -389.4       93.3    113.6     51.7     40.6 2023  8 25 22  7 34.09999847  0.0   1
     3062  -1.6427856  101.1420817    2.64760      187.2     -235.2       24.7     42.9     43.6     36.7 2023  8 25 22  9 17.42000008  0.0   1
     3063  -1.6424051  101.1440918    2.58267      411.2     -193.2      -40.3     42.1     23.5     27.9 2023  8 25 22  9 21.89999962  0.0   1
     3064  -1.6400344  101.1430501    3.04508      295.6       69.0      422.1     48.0     39.1     31.3 2023  8 25 22  9 33.65999985  0.0   1
     3065  -1.6351913  101.1665446    0.48243     2909.6      604.5    -2140.5     95.3    148.0    224.3 2023  8 25 22  9 50.97999954  0.0   1
     3066  -1.6408371  101.1479411    2.62009      839.6      -19.8       -2.8     69.8     76.4     52.2 2023  8 25 22 11 54.90000153  0.0   1
     3067  -1.6400848  101.1520508    2.60909     1297.0       63.4      -13.9     68.3    100.5     58.4 2023  8 25 22 12 15.19999981  0.0   1
     3068  -1.6377435  101.1546875    2.34722     1589.9      322.3     -275.7     61.3     54.4     49.5 2023  8 25 22 14 11.64000034  0.0   1
     3069  -1.6401175  101.1464274    2.48813      671.1       59.8     -134.8     47.0     35.7     22.1 2023  8 28 21 39 39.09999847  0.0   1
     3070  -1.6453280  101.1314290    2.40440     -997.8     -516.4     -218.5     98.0     56.8     90.7 2023  8 28 22  8 57.27999878  0.0   1
     3071  -1.6411561  101.1406820    2.77871       31.3      -55.1      155.8     65.3     35.4     24.9 2023  8 29 14 22 51.02999878  0.0   1
     3072  -1.6418639  101.1398926    2.90781      -56.0     -133.3      284.9     71.7     28.8     27.6 2023  8 29 18 13 50.74000168  0.0   1
     3074  -1.6426431  101.1399170    2.67733      -53.1     -219.5       54.4     86.3     38.9     34.4 2023  8 30  1 31 17.67000008  0.0   1
     3075  -1.6406966  101.1274495    2.08777    -1440.3       -4.2     -535.2    182.3    205.7    165.5 2023  8 30  5 46 14.44999981  0.0   1
     3076  -1.6396394  101.1481689    2.54645      865.2      112.7      -76.5     71.8     39.6     38.7 2023  8 30  5 46 27.07999992  0.0   1
     3077  -1.6420166  101.1453857    2.51033      555.3     -150.2     -112.6     41.7     35.1     40.7 2023  8 30  5 47  3.69000006  0.0   1
     3078  -1.6426865  101.1390625    2.84078     -148.7     -224.3      217.8    144.3     58.1     48.2 2023  8 30  5 47  5.53999996  0.0   1
     3079  -1.6430796  101.1271484    2.23120    -1474.7     -267.7     -391.7     98.1     89.6     86.7 2023  8 30  5 47 14.06000042  0.0   1
     3080  -1.6391399  101.1531169    2.60001     1415.6      167.9      -22.9     57.6     64.8     52.9 2023  8 30  5 47 22.72999954  0.0   1
     3081  -1.6399872  101.1481120    2.57756      858.7       74.2      -45.4     40.2     53.4     40.1 2023  8 30  5 47 28.44000053  0.0   1
     3083  -1.6420401  101.1278239    1.41334    -1399.2     -152.8    -1209.6    176.3    138.8    185.2 2023  8 30  5 47 51.20000076  0.0   1
     3084  -1.6444572  101.1427409    2.61905      260.4     -420.1       -3.9     64.8     28.0     37.1 2023  8 30  5 50 22.00000000  0.0   1
     3085  -1.6419356  101.1396973    2.59988      -77.7     -141.2      -23.1     59.9     35.4     35.0 2023  8 30  5 50 28.25000000  0.0   1
     3086  -1.6425494  101.1489990    2.88581      956.7     -209.1      262.9     99.3     59.2     51.8 2023  8 30 14 17 58.83000183  0.0   1
     3087  -1.6443696  101.1374593    2.48932     -326.9     -410.4     -133.6    235.5     75.7     71.2 2023  8 30 14 22 58.09000015  0.0   1
     3088  -1.6430150  101.1421712    2.56309      197.4     -260.6      -59.8    119.9     52.7     53.8 2023  8 30 14 35 52.65000153  0.0   1
     3094  -1.6434329  101.1411702    2.59880       86.4     -306.8      -24.1     62.4     27.5     33.8 2023  9 13 15 18 58.20999908  0.0   1
     3095  -1.6403126  101.1487956    2.46695      934.4       38.2     -156.0     41.8     37.0     36.5 2023  9 14 16  1  7.05999994  0.0   1
     3096  -1.6382922  101.1510905    2.58954     1189.7      261.6      -33.4     65.6     61.0     38.1 2023  9 14 16  1 16.52000046  0.0   1
     3097  -1.6426581  101.1389974    2.73776     -155.9     -221.1      114.8     85.8     39.5     32.6 2023  9 14 16  1 24.82999992  0.0   1
     3098  -1.6442190  101.1377767    2.41797     -291.4     -393.7     -205.0    166.6     78.1     56.4 2023  9 14 16  3 59.18000031  0.0   1
     3099  -1.6392241  101.1474202    2.68793      781.1      158.6       65.0     46.1     50.3     43.2 2023  9 14 16  4  8.14000034  0.0   1
     3100  -1.6385649  101.1470703    2.97535      742.5      231.5      352.4     66.4     42.0     30.9 2023  9 14 16  7 36.65999985  0.0   1
     3101  -1.6398640  101.1428711    2.66095      275.6       87.8       38.0     62.7     48.7     34.5 2023  9 14 16  7 43.02999878  0.0   1
     3102  -1.6455877  101.1264323    1.81344    -1553.9     -545.1     -809.5    101.0     69.1    117.9 2023  9 14 16 10 57.36000061  0.0   1
     3103  -1.6382828  101.1323568    2.89781     -895.0      262.7      274.9     61.2     87.0     36.3 2023  9 14 16 11 12.31000042  0.0   1
     3104  -1.6403596  101.1482178    2.59568      870.5       33.0      -27.3     66.3     78.8     45.5 2023  9 14 16 11 17.97999954  0.0   1
     3105  -1.6421145  101.1429362    2.80851      282.8     -161.0      185.6     46.9     28.7     30.6 2023  9 14 16 23 25.43000031  0.0   1
     3106  -1.6420293  101.1425374    2.68582      237.9     -151.6       62.9     55.7     30.3     28.5 2023  9 14 16 23 33.90000153  0.0   1
     3107  -1.6425746  101.1411947    2.80705       88.7     -211.9      184.1     39.4     30.2     28.2 2023  9 14 16 23 52.75999832  0.0   1
     3108  -1.6416776  101.1395915    2.69583      -89.3     -112.7       72.9     58.2     38.9     29.4 2023  9 14 16 23 59.08000183  0.0   1
     3109  -1.6421561  101.1425700    2.60987      241.6     -165.6      -13.1     60.3     35.8     38.9 2023  9 14 16 24  4.69000006  0.0   1
     3110  -1.6427554  101.1410319    2.66625       70.3     -231.9       43.3     60.9     26.9     25.3 2023  9 14 16 24 13.52000046  0.0   1
     3111  -1.6421954  101.1434489    2.71771      339.5     -170.0       94.8     49.2     26.0     27.2 2023  9 14 16 24 25.40999985  0.0   1
     3112  -1.6420804  101.1461019    2.72741      634.5     -157.3      104.5     53.5     50.2     28.9 2023  9 14 16 24 54.75000000  0.0   1
     3113  -1.6431657  101.1406494    2.75116       28.4     -277.3      128.2     52.7     32.5     34.1 2023  9 14 16 24 59.38000107  0.0   1
     3114  -1.6427970  101.1430257    2.65033      292.5     -236.5       27.4     52.3     37.6     32.1 2023  9 14 16 25  6.48000002  0.0   1
     3115  -1.6407324  101.1462646    2.63591      653.2       -8.2       13.0     39.1     27.8     28.6 2023  9 14 16 25 25.75000000  0.0   1
     3116  -1.6404860  101.1506185    2.47424     1137.7       19.0     -148.7     45.1     56.6     31.4 2023  9 14 16 25 28.45000076  0.0   1
     3117  -1.6480570  101.1255778    1.43777    -1648.8     -818.1    -1185.2     97.6     84.6    115.0 2023  9 14 16 25 34.34999847  0.0   1
     3118  -1.6466253  101.1327230    1.69188     -853.5     -659.8     -930.1     99.4     63.2     96.4 2023  9 14 16 25 42.66999817  0.0   1
     3119  -1.6416252  101.1386475    2.65079     -194.9     -106.9       27.9     76.4     49.6     38.5 2023  9 14 16 25 48.11999893  0.0   1
     3120  -1.6423083  101.1385661    2.51966     -203.6     -182.5     -103.3     79.5     35.0     30.7 2023  9 14 16 25 56.81999969  0.0   1
     3121  -1.6397518  101.1436605    2.82591      363.2      100.2      203.0     49.8     28.1     30.1 2023  9 14 16 26  2.75999999  0.0   1
     3122  -1.6410277  101.1420898    2.83556      187.9      -40.9      212.6     43.7     23.3     21.1 2023  9 14 16 26 23.64999962  0.0   1
     3123  -1.6398874  101.1437581    2.96525      373.6       85.2      342.3     73.1     45.2     30.0 2023  9 14 16 26 34.95999908  0.0   1
     3124  -1.6413765  101.1448161    2.76333      491.4      -79.4      140.4     53.7     28.4     32.4 2023  9 14 16 26 48.50000000  0.0   1
     3125  -1.6459108  101.1367025    2.29314     -410.9     -580.8     -329.8     96.2     39.8     53.8 2023  9 14 16 27  6.15000010  0.0   1
     3126  -1.6425401  101.1470703    2.57651      742.9     -208.1      -46.4     54.3     36.1     29.8 2023  9 14 16 27 14.25000000  0.0   1
     3127  -1.6398811  101.1440674    2.72076      408.8       85.9       97.8     58.5     29.3     37.7 2023  9 14 16 27 17.69000053  0.0   1
     3128  -1.6399349  101.1464844    2.57747      677.3       80.0      -45.5     53.7     45.1     32.3 2023  9 14 16 27 22.95999908  0.0   1
     3129  -1.6374892  101.1481852    2.62264      866.4      350.4       -0.3     37.5     32.0     29.4 2023  9 14 16 27 30.12000084  0.0   1
     3130  -1.6392159  101.1438314    3.00458      382.4      159.5      381.6     59.1     37.5     35.3 2023  9 14 16 27 36.08000183  0.0   1
     3131  -1.6390533  101.1487305    2.63827      927.3      177.5       15.3     59.1     35.1     35.4 2023  9 14 16 28  5.15999985  0.0   1
     3132  -1.6423243  101.1450765    2.59258      520.8     -184.2      -30.4     38.0     26.2     24.0 2023  9 14 16 28 10.97999954  0.0   1
     3133  -1.6416631  101.1416748    2.73353      142.1     -111.1      110.6     68.1     22.5     22.3 2023  9 14 16 28 18.73999977  0.0   1
     3134  -1.6405057  101.1497721    2.18946     1042.8       16.9     -433.5     76.8     67.4     59.2 2023  9 14 16 28 27.96999931  0.0   1
     3135  -1.6421141  101.1466064    2.61257      691.3     -161.0      -10.4     36.6     25.2     27.0 2023  9 14 16 28 40.47999954  0.0   1
     3136  -1.6451492  101.1343587    2.32264     -672.2     -496.6     -300.3    105.0     49.6     46.2 2023  9 14 16 28 47.25999832  0.0   1
     3137  -1.6432913  101.1418132    2.67952      157.4     -291.2       56.6     41.2     21.7     24.2 2023  9 14 16 28 51.58000183  0.0   1
     3138  -1.6457689  101.1286296    2.07944    -1309.5     -565.1     -543.5     93.4     58.0    100.2 2023  9 14 16 29 41.08000183  0.0   1
     3139  -1.6407277  101.1299479    2.40448    -1163.0       -7.7     -218.5     71.7     55.4     64.9 2023  9 14 16 29 46.22999954  0.0   1
     3140  -1.6415025  101.1420654    2.79353      185.6      -93.4      170.6     53.6     38.3     33.7 2023  9 14 16 29 52.25999832  0.0   1
     3141  -1.6418591  101.1445068    2.75202      457.2     -132.8      129.1     34.3     27.2     23.6 2023  9 14 16 32  8.39999962  0.0   1
     3142  -1.6426231  101.1444173    2.66010      447.4     -217.3       37.2     50.5     21.8     24.4 2023  9 14 16 32 17.73999977  0.0   1
     3143  -1.6381608  101.1559652    2.32096     1732.0      276.1     -302.0     92.8     53.8     70.8 2023  9 14 16 32 30.69000053  0.0   1
     3144  -1.6414248  101.1420980    2.82534      189.0      -84.8      202.4     45.3     22.7     23.0 2023  9 14 16 32 37.11000061  0.0   1
     3145  -1.6426000  101.1396891    2.86804      -78.8     -214.7      245.1    122.7     42.7     40.3 2023  9 14 16 32 59.11000061  0.0   1
     3146  -1.6376269  101.1505127    2.83666     1125.5      335.2      213.7     55.5     39.3     39.7 2023  9 14 16 34 11.01000023  0.0   1
     3147  -1.6358250  101.1612305    2.09362     2318.3      534.4     -529.3     59.0    121.5     72.6 2023  9 14 16 34 40.43000031  0.0   1
     3148  -1.6412417  101.1489909    2.66862      956.2      -64.5       45.7     40.8     24.3     22.2 2023  9 14 16 34 47.56999969  0.0   1
     3149  -1.6383148  101.1516520    2.69750     1252.2      259.1       74.6     52.0     60.3     39.8 2023  9 14 16 34 58.79000092  0.0   1
     3150  -1.6460851  101.1288818    2.09120    -1281.1     -600.1     -531.7     79.6     62.2     66.3 2023  9 14 16 36 23.40999985  0.0   1
     3151  -1.6434565  101.1297038    2.34855    -1189.7     -309.4     -274.4     79.4     54.3     54.5 2023  9 14 16 38 46.27000046  0.0   1
     3152  -1.6389062  101.1483480    2.94613      885.1      193.7      323.2     83.5     49.6     38.6 2023  9 14 16 39 22.14999962  0.0   1
     3153  -1.6402711  101.1463949    2.72048      667.7       42.8       97.5     58.5     46.3     31.9 2023  9 14 16 40 10.57999992  0.0   1
     3154  -1.6410033  101.1352051    2.69360     -578.1      -38.2       70.7     91.5     59.7     44.6 2023  9 14 16 40 29.72999954  0.0   1
     3155  -1.6411691  101.1428630    2.81335      274.6      -56.5      190.4     38.8     35.7     32.6 2023  9 14 16 42 57.52000046  0.0   1
     3156  -1.6419879  101.1448812    2.65215      499.1     -147.0       29.2     46.5     24.3     25.6 2023  9 14 16 43 40.40999985  0.0   1
     3157  -1.6412120  101.1422689    2.82383      208.5      -61.2      200.9     58.8     43.4     30.6 2023  9 14 16 48 22.35000038  0.0   1
     3158  -1.6397232  101.1438151    2.83358      380.3      103.4      210.6     98.3     54.7     51.1 2023  9 14 16 48 45.50999832  0.0   1
     3160  -1.6416382  101.1476318    2.72056      805.0     -108.4       97.6     57.3     50.8     30.3 2023  9 14 16 56  2.07999992  0.0   1
     3161  -1.6414005  101.1440592    2.77491      407.2      -82.1      152.0     41.4     26.3     26.1 2023  9 14 17  0 13.88000011  0.0   1
     3162  -1.6391267  101.1537435    2.12669     1485.6      169.3     -496.3     67.6     60.6     64.9 2023  9 14 17 16  3.20000005  0.0   1
     3163  -1.6423365  101.1426921    2.74971      255.3     -185.6      126.8     80.2     39.7     32.3 2023  9 14 17 16 12.60000038  0.0   1
     3164  -1.6435898  101.1396322    2.62910      -85.1     -324.2        6.2     59.7     37.3     37.2 2023  9 14 17 16 20.60000038  0.0   1
     3165  -1.6419506  101.1399902    2.79165      -45.1     -142.9      168.7     59.7     39.5     33.0 2023  9 14 17 22 43.41999817  0.0   1
     3166  -1.6423753  101.1403971    2.83038        0.3     -189.9      207.4     60.2     44.2     39.9 2023  9 14 17 23  1.67999995  0.0   1
     3167  -1.6440119  101.1419108    2.72238      168.9     -370.8       99.4     54.7     40.4     37.7 2023  9 14 17 23  3.44000006  0.0   1
     3168  -1.6410028  101.1407633    2.85686       40.9      -38.1      233.9     52.1     27.8     22.8 2023  9 14 17 23 38.47999954  0.0   1
     3169  -1.6433094  101.1371257    2.61584     -364.3     -293.2       -7.1     60.1     41.9     36.6 2023  9 14 17 24 47.47999954  0.0   1
     3170  -1.6429187  101.1346436    2.41918     -640.1     -249.9     -203.8     54.2     29.4     35.4 2023  9 14 18  6 58.63999939  0.0   1
     3172  -1.6410249  101.1430501    2.70208      294.9      -40.6       79.1     74.4     37.5     36.1 2023  9 15 17 48 41.77999878  0.0   1
     3173  -1.6382966  101.1463542    2.92522      663.0      261.1      302.3     53.0     29.8     26.3 2023  9 15 17 50 48.40000153  0.0   1
     3174  -1.6398263  101.1483887    2.68775      889.7       92.0       64.8     78.2     52.1     46.4 2023  9 15 17 51  9.39999962  0.0   1
     3175  -1.6396076  101.1443766    2.81042      442.8      116.2      187.5     58.7     41.7     29.7 2023  9 18  5 36 41.97999954  0.0   1
     3176  -1.6410085  101.1435059    2.72979      346.1      -38.7      106.8     54.7     30.4     32.2 2023  9 18 16 33 14.22000027  0.0   1
     3177  -1.6382998  101.1490153    2.92358      958.8      260.8      300.6     57.7     55.1     41.3 2023  9 19 22 37 53.88000107  0.0   1
     3178  -1.6405654  101.1420329    2.84741      182.3       10.3      224.5     55.4     31.7     31.3 2023  9 20 20 41 28.63999939  0.0   1
     3179  -1.6398267  101.1443848    2.77344      443.5       91.9      150.5     53.1     31.2     25.3 2023  9 21  3 26 18.59000015  0.0   1
     3180  -1.6391904  101.1447998    2.74406      490.2      162.3      121.1    119.8     68.6     42.1 2023  9 21  3 26 48.38999939  0.0   1
     3181  -1.6391939  101.1441406    2.90775      416.3      161.9      284.8     56.4     34.5     33.4 2023  9 21  3 26 59.63000107  0.0   1
     3182  -1.6449352  101.1316162    2.08093     -976.8     -472.9     -542.0    104.5     75.3    103.0 2023  9 21  3 27 59.75000000  0.0   1
     3183  -1.6416143  101.1459066    2.52784      613.1     -105.7      -95.1     62.9     50.8     47.7 2023  9 21  3 28  2.72000003  0.0   1
     3184  -1.6404669  101.1458659    2.74463      608.2       21.1      121.7     38.4     29.1     32.4 2023  9 21  3 28 44.74000168  0.0   1
     3185  -1.6480846  101.1219564    0.58633    -2051.7     -821.2    -2036.6     95.3     84.8    161.6 2023  9 21  3 37 14.60999966  0.0   1
     3186  -1.6418030  101.1437256    2.83299      370.4     -126.6      210.1     55.8     48.1     53.8 2023  9 21  3 43  8.53999996  0.0   1
     3187  -1.6416555  101.1441488    2.70077      417.6     -110.3       77.8     46.3     39.7     34.3 2023  9 21  3 43 36.95999908  0.0   1
     3188  -1.6423518  101.1440511    2.99715      406.2     -187.3      374.2     74.9     56.5     36.7 2023  9 21  3 44 35.31000137  0.0   1
     3189  -1.6393864  101.1404053    2.88080        0.9      140.6      257.9     61.7     49.1     40.3 2023  9 21  3 45  0.40000001  0.0   1
     3190  -1.6406530  101.1435059    2.74322      345.9        0.6      120.3     49.9     36.9     31.0 2023  9 21  3 46 23.75000000  0.0   1
     3191  -1.6411438  101.1464600    2.69064      674.8      -53.7       67.7     44.0     27.3     37.7 2023  9 21  3 47 35.90000153  0.0   1
     3192  -1.6398776  101.1486491    2.69089      917.9       86.3       67.9     55.9     48.1     34.2 2023  9 21  3 47 45.47000122  0.0   1
     3193  -1.6407650  101.1447184    2.70496      480.9      -11.8       82.0     34.0     27.7     26.9 2023  9 21  3 50 10.31999969  0.0   1
     3194  -1.6383589  101.1434163    2.95181      336.4      254.2      328.9     38.9     33.6     23.6 2023  9 21  3 51 53.75000000  0.0   1
     3195  -1.6405970  101.1422689    2.86308      207.8        6.8      240.1     65.4     46.3     38.4 2023  9 21  3 54 41.15999985  0.0   1
     3196  -1.6378525  101.1512858    2.68301     1211.2      310.2       60.1     68.1     45.8     33.6 2023  9 21  3 54 56.18999863  0.0   1
     3197  -1.6381730  101.1460693    2.94748      631.1      274.8      324.5     56.6     37.9     37.4 2023  9 21  3 55  2.20000005  0.0   1
     3198  -1.6373065  101.1493490    2.71619      995.7      370.6       93.2     38.6     42.7     33.8 2023  9 21  3 57 10.92000008  0.0   1
     3200  -1.6401638  101.1671712    1.57220     2979.4       54.7    -1050.7     87.7     95.2    173.4 2023  9 21 18  0 24.65999985  0.0   1
     3202  -1.6433524  101.1406413    2.80759       26.9     -297.9      184.6     66.3     35.0     27.9 2023  9 21 18  2 53.29999924  0.0   1
     3203  -1.6408840  101.1448405    2.61871      494.9      -25.0       -4.2     41.9     21.4     27.4 2023  9 21 18  3  1.86000001  0.0   1
     3204  -1.6416121  101.1468750    2.63994      720.5     -105.5       17.0     45.6     31.2     26.0 2023  9 21 18  3  6.84000015  0.0   1
     3206  -1.6398513  101.1475260    2.80259      793.4       89.2      179.6     62.6     37.5     30.7 2023  9 21 18  3 58.45999908  0.0   1
     3207  -1.6380923  101.1586833    1.99048     2034.3      283.7     -632.5     80.5     55.6     76.2 2023  9 21 18  4  4.84000015  0.0   1
     3208  -1.6411883  101.1436686    2.66719      364.4      -58.6       44.2     37.1     24.1     23.9 2023  9 21 18  4  8.68000031  0.0   1
     3209  -1.6417268  101.1487305    2.70285      927.0     -118.2       79.9     65.8     48.4     48.3 2023  9 21 18  5 31.94000053  0.0   1
     3210  -1.6432635  101.1421143    2.64442      191.3     -288.1       21.5     58.6     29.0     23.4 2023  9 21 18  5 48.38000107  0.0   1
     3211  -1.6482132  101.1244954    1.96650    -1769.5     -835.4     -656.4     86.8     66.4     89.9 2023  9 21 18  6 39.50000000  0.0   1
     3212  -1.6426833  101.1421794    2.89355      198.3     -223.9      270.6     49.8     33.7     32.6 2023  9 21 18 40 21.60000038  0.0   1
     3213  -1.6403862  101.1461344    2.79707      638.6       30.1      174.1     55.0     44.2     30.8 2023  9 28  7  5  1.83000004  0.0   1
     3214  -1.6381129  101.1454915    2.87836      566.5      281.4      255.4     41.1     35.1     20.9 2023  9 28  7 39  3.82999992  0.0   1
     3215  -1.6416615  101.1417480    2.77559      150.4     -110.9      152.6     66.1     39.4     29.5 2023  9 28  7 40  2.51999998  0.0   1
     3216  -1.6400088  101.1472575    2.62006      763.2       71.8       -2.9     40.5     33.2     28.8 2023  9 28  7 55 56.93999863  0.0   1
     3217  -1.6415619  101.1427246    2.73736      259.1      -99.9      114.4     36.2     23.7     20.6 2023  9 28  7 56  5.48999977  0.0   1
     3218  -1.6420383  101.1447917    2.71471      489.4     -152.6       91.8     36.4     33.8     35.4 2023  9 28  7 56 11.47999954  0.0   1
     3219  -1.6384932  101.1423014    3.08393      211.6      239.4      461.0     46.0     36.2     27.9 2023  9 28  7 57 46.27000046  0.0   1
     3220  -1.6416924  101.1447754    2.58265      487.4     -114.4      -40.3     44.2     23.0     28.3 2023  9 28  7 59 35.90000153  0.0   1
     3221  -1.6422723  101.1402425    2.55489      -16.9     -178.5      -67.1     70.3     30.7     23.2 2023  9 28  8  1 35.72000122  0.0   1
     3222  -1.6405635  101.1478516    2.56670      829.3       10.5      -56.2     39.3     24.9     26.5 2023  9 28  8  2  3.35999990  0.0   1
     3223  -1.6410505  101.1439046    2.73844      390.7      -43.4      115.5     42.1     25.0     25.7 2023  9 28  8  2 40.31000137  0.0   1
     3224  -1.6410211  101.1469645    2.57745      730.7      -40.1      -45.5     40.2     23.9     24.6 2023  9 28  8  7 49.70999908  0.0   1
     3225  -1.6414655  101.1447510    2.73702      484.0      -89.3      114.1     45.3     30.9     22.1 2023  9 28  8 13  6.84000015  0.0   1
     3226  -1.6396146  101.1471924    2.70183      756.0      115.4       78.9     41.3     26.8     21.2 2023  9 28  8 15 50.84999847  0.0   1
     3227  -1.6401946  101.1460205    2.56456      625.9       51.3      -58.4     61.8     32.9     26.6 2023  9 28  8 15 58.18999863  0.0   1
     3228  -1.6431939  101.1455078    2.74293      568.5     -280.4      120.0     40.9     26.6     21.7 2023  9 28  8 17  0.49000001  0.0   1
     3229  -1.6410281  101.1446533    2.65932      473.7      -40.9       36.4     73.6     44.2     33.1 2023  9 28  8 17 24.29000092  0.0   1
     3230  -1.6395711  101.1454508    2.83467      561.9      120.2      211.7     34.3     42.7     31.3 2023  9 28  8 19 49.29999924  0.0   1
     3231  -1.6417035  101.1409098    2.74170       57.2     -115.6      118.8     63.4     26.9     23.1 2023  9 28  8 20 55.52000046  0.0   1
     3232  -1.6409448  101.1447103    2.78305      480.1      -31.7      160.1     37.0     25.6     22.7 2023  9 28  8 26 42.88000107  0.0   1
     3233  -1.6423622  101.1458089    2.71493      601.8     -188.4       92.0     36.6     28.3     25.7 2023  9 28  8 26 46.84000015  0.0   1
     3234  -1.6414021  101.1435547    2.82888      351.1      -82.2      205.9     37.4     25.1     19.5 2023  9 28  8 27  2.09999990  0.0   1
     3235  -1.6417447  101.1440267    2.57618      403.6     -120.1      -46.8     43.8     29.0     26.9 2023  9 28  8 29 31.02000046  0.0   1
     3236  -1.6409683  101.1429606    2.74159      285.0      -34.3      118.6     51.2     34.8     26.0 2023  9 28  8 33 52.38000107  0.0   1
     3237  -1.6413472  101.1425700    2.73629      242.0      -76.2      113.3     29.4     25.8     23.1 2023  9 28  8 34 52.70000076  0.0   1
     3238  -1.6413756  101.1428467    2.80223      272.4      -79.3      179.3     38.6     22.5     17.5 2023  9 28  8 35 23.65999985  0.0   1
     3239  -1.6401791  101.1464193    2.59696      670.5       53.0      -26.0     44.3     26.6     28.7 2023  9 28  8 35 37.04000092  0.0   1
     3240  -1.6413282  101.1417725    2.79524      153.0      -74.1      172.3     64.2     44.3     32.2 2023  9 28  8 36  6.26000023  0.0   1
     3241  -1.6412039  101.1430827    2.66382      298.8      -60.3       40.9     36.7     24.0     23.3 2023  9 28  8 36  9.26000023  0.0   1
     3242  -1.6432868  101.1465576    2.67375      685.7     -290.6       50.8     48.6     28.0     29.5 2023  9 28  8 36 18.69000053  0.0   1
     3243  -1.6423786  101.1390788    2.84307     -147.0     -190.2      220.1     68.7     27.7     27.4 2023  9 28  8 36 33.70999908  0.0   1
     3244  -1.6430639  101.1427165    2.66363      257.7     -266.0       40.7     43.2     36.1     37.3 2023  9 28  8 36 39.86999893  0.0   1
     3245  -1.6447337  101.1433431    2.45228      327.5     -450.6     -170.7    104.9     55.3     60.7 2023  9 28  8 37 37.74000168  0.0   1
     3246  -1.6412336  101.1421549    2.83141      195.3      -63.6      208.5     40.2     25.8     23.5 2023  9 28  8 37 40.75999832  0.0   1
     3247  -1.6409996  101.1419596    2.86376      173.8      -37.8      240.8     35.6     30.0     24.3 2023  9 28  8 38  9.71000004  0.0   1
     3248  -1.6413855  101.1444987    2.69614      456.5      -80.4       73.2     34.8     33.5     25.0 2023  9 28  8 39  3.31999993  0.0   1
     3249  -1.6424538  101.1438883    2.78354      388.7     -198.5      160.6     37.9     23.7     20.5 2023  9 28  8 39 16.25000000  0.0   1
     3250  -1.6428055  101.1383789    2.70936     -224.4     -237.4       86.4     63.4     36.2     37.5 2023  9 28  8 39 29.69000053  0.0   1
     3251  -1.6414700  101.1426758    2.85345      253.2      -89.8      230.5     27.9     22.1     21.7 2023  9 28  8 40 15.93999958  0.0   1
     3252  -1.6411682  101.1451172    2.73062      525.1      -56.4      107.7     39.8     23.0     22.1 2023  9 28  8 40 38.47999954  0.0   1
     3253  -1.6427935  101.1425049    2.70156      234.9     -236.1       78.6     38.8     32.6     29.6 2023  9 28  8 40 41.38000107  0.0   1
     3254  -1.6428106  101.1440023    2.77025      401.1     -238.0      147.3     45.0     32.8     32.8 2023  9 28  8 41  2.16000009  0.0   1
     3255  -1.6421729  101.1472249    2.59437      760.0     -167.5      -28.6     49.5     31.0     23.2 2023  9 28  8 41 20.87999916  0.0   1
     3256  -1.6413722  101.1428385    2.80698      271.4      -78.9      184.0     32.7     19.3     18.5 2023  9 28  8 41 55.04999924  0.0   1
     3257  -1.6403240  101.1467529    2.89098      707.3       37.0      268.0     56.2     43.7     34.1 2023  9 28  8 42 14.56999969  0.0   1
     3258  -1.6412745  101.1423747    2.74990      220.2      -68.2      127.0     50.3     49.4     36.8 2023  9 28  8 42 19.54999924  0.0   1
     3259  -1.6428453  101.1462972    2.61206      657.0     -241.8      -10.9     46.2     37.1     35.2 2023  9 28  8 43 54.72999954  0.0   1
     3260  -1.6441809  101.1434326    2.53627      337.7     -389.5      -86.7     55.1     50.6     52.2 2023  9 28  8 44 16.90999985  0.0   1
     3261  -1.6407683  101.1421468    2.91304      194.3      -12.2      290.1     42.6     36.3     27.5 2023  9 28  8 44 28.37999916  0.0   1
     3262  -1.6414242  101.1424154    2.85566      224.6      -84.7      232.7     30.6     26.8     21.2 2023  9 28  8 47 19.86000061  0.0   1
     3263  -1.6415045  101.1440348    2.70225      404.9      -93.6       79.3     35.9     24.8     24.1 2023  9 28  8 47 33.06999969  0.0   1
     3264  -1.6442698  101.1409098    2.64752       57.4     -399.4       24.6     55.3     37.6     23.9 2023  9 28  8 51 42.25999832  0.0   1
     3265  -1.6418091  101.1403727    2.86012       -2.4     -127.3      237.2     74.3     32.0     22.5 2023  9 28  8 59 46.52999878  0.0   1
     3266  -1.6421702  101.1429281    2.69276      281.5     -167.2       69.8     57.7     25.4     22.6 2023  9 28  9  4 21.27000046  0.0   1
     3267  -1.6414892  101.1408040    2.79261       45.0      -91.9      169.7     65.0     36.6     27.2 2023  9 28  9  5 15.84000015  0.0   1
     3268  -1.6418393  101.1432861    2.77496      321.3     -130.6      152.0     40.7     24.5     22.5 2023  9 28  9 10 20.37000084  0.0   1
     3269  -1.6438548  101.1368083    2.65982     -399.0     -353.5       36.9     81.2     40.6     33.3 2023  9 28  9 17 17.36000061  0.0   1
     3270  -1.6409585  101.1442546    2.73631      429.5      -33.2      113.4     53.4     39.7     28.1 2023 10  5  7 35 44.90999985  0.0   1
     3271  -1.6114632  101.1311849    2.44755    -1024.7     3228.2     -175.4     93.4    112.2     81.3 2023 10  8  0 46  1.73000002  0.0   1
     3272  -1.6121708  101.1306396    2.31916    -1085.4     3150.0     -303.8     91.1    107.4     79.4 2023 10  8  0 46 50.84000015  0.0   1
     3273  -1.6394938  101.1431315    2.91263      304.3      128.7      289.7     58.7     39.7     28.3 2023 10  9 12  0 57.20999908  0.0   1
     3274  -1.6389957  101.1543457    2.56181     1551.7      183.8      -61.1     67.1     43.0     42.1 2023 10  9 13 10 28.75000000  0.0   1
     3275  -1.6427747  101.1483073    2.36972      879.8     -234.0     -253.2     48.3     37.9     35.3 2023 10 10  8 52 47.47999954  0.0   1
     3276  -1.6416622  101.1453532    2.85403      551.5     -111.0      231.1     64.6     47.8     37.5 2023 10 12  2  8 51.72999954  0.0   1
     3277  -1.6435801  101.1407308    2.49242       37.4     -323.1     -130.5     81.2     55.2     47.5 2023 10 12  2 25 53.88999939  0.0   1
     3278  -1.6464709  101.1414551    2.53230      117.9     -642.7      -90.6     67.1     49.4     43.2 2023 10 12  2 26 44.36999893  0.0   1
     3279  -1.6439190  101.1389486    2.71956     -161.3     -360.6       96.6     61.2     30.9     31.9 2023 10 12  7 33 35.72000122  0.0   1
     3280  -1.6394600  101.1425618    2.85432      241.1      132.5      231.4     53.0     36.3     21.0 2023 10 12  7 35 26.72999954  0.0   1
     3281  -1.6385176  101.1438721    2.95924      387.0      236.7      336.3     46.2     37.9     24.7 2023 10 12  7 44 21.15999985  0.0   1
     3282  -1.6405764  101.1432454    2.86595      317.3        9.0      243.0     68.2     45.5     36.3 2023 10 14  8 24 30.54000092  0.0   1
     3283  -1.6421883  101.1454020    2.81804      556.5     -169.2      195.1     70.2     46.0     43.6 2023 10 14 10 32 46.22999954  0.0   1
     3284  -1.6409673  101.1435791    2.82567      354.2      -34.2      202.7     42.4     24.4     22.1 2023 10 14 16 31 41.02000046  0.0   1
     3285  -1.6420135  101.1421794    2.80201      197.9     -149.9      179.1     62.1     56.6     45.2 2023 10 17  8 13 56.77000046  0.0   1
     3286  -1.6437681  101.1349854    2.78101     -602.3     -343.9      158.1    105.7     37.3     44.6 2023 10 17  9  1 32.40999985  0.0   1
     3288  -1.6460937  101.1497070    3.27906     1036.2     -601.0      656.1    118.3     72.5     69.1 2023 10 18 14 21 34.95000076  0.0   1
