     2719  -1.6410413  101.1460449    2.84558      628.6      -42.4      222.6     13.5     12.1      7.7 2023  1  3  3 43 21.02000046  0.0   1
     2720  -1.6380909  101.1470459    3.04470      739.5      283.9      421.8     15.4     10.7      7.1 2023  1  3  3 52  5.73000002  0.0   1
     2721  -1.6371065  101.1503906    2.69433     1111.9      392.7       71.4     14.9     14.0     10.3 2023  1  3  3 52 21.03000069  0.0   1
     2722  -1.6424589  101.1374756    2.74738     -325.2     -199.1      124.4     13.8      6.3      6.0 2023  1  3  3 52 34.75000000  0.0   1
     2723  -1.6399647  101.1447510    2.83447      484.8       76.7      211.5      8.6      6.2      6.2 2023  1  3  4  2 20.45000076  0.0   1
     2724  -1.6395711  101.1458333    2.91015      604.5      120.2      287.2     10.1      6.8      6.8 2023  1  4 20 11 39.40000153  0.0   1
     2725  -1.6417240  101.1431885    2.83527      310.2     -117.8      212.3     11.7      8.8      7.1 2023  1  4 20 16 15.53999996  0.0   1
     2726  -1.6447929  101.1395426    2.64830      -95.3     -457.2       25.4     26.6     10.3      8.6 2023  1  4 20 17  9.68000031  0.0   1
     2727  -1.6494817  101.1279948    1.80107    -1379.8     -975.7     -821.9     90.1     74.8     93.2 2023  1  4 20 18 22.71999931  0.0   1
     2729  -1.6465663  101.1394287    2.76094     -107.7     -653.3      138.0     37.7     18.1     15.2 2023  1 11 13 28 50.43999863  0.0   1
     2734  -1.6420431  101.1464600    2.95326      674.2     -153.1      330.3     11.7      8.3      8.6 2023  1 20 18 30  0.36000001  0.0   1
     2735  -1.6439510  101.1391683    2.99673     -136.6     -364.1      373.8     20.1      9.3      7.5 2023  1 20 19 10 25.45999908  0.0   1
     2736  -1.6413520  101.1447266    2.65510      482.0      -76.7       32.2      7.7      7.0      6.7 2023  1 20 19 10 36.45999908  0.0   1
     2737  -1.6420102  101.1434326    2.60002      337.8     -149.5      -22.9      9.4      4.9      4.2 2023  1 20 19 11 19.44000053  0.0   1
     2738  -1.6412535  101.1412516    3.01790       94.9      -65.8      395.0     13.8      6.8      5.3 2023  1 20 19 11 38.47999954  0.0   1
     2739  -1.6397601  101.1427897    2.86692      266.0       99.3      244.0      8.6      5.9      4.4 2023  1 20 19 11 46.86000061  0.0   1
     2740  -1.6410758  101.1433350    2.66566      326.7      -46.2       42.7      9.6      5.3      4.2 2023  1 20 19 12  2.07999992  0.0   1
     2741  -1.6417187  101.1443929    2.86887      444.4     -117.3      245.9      7.3      6.9      4.9 2023  1 20 19 12 14.30000019  0.0   1
     2742  -1.6457652  101.1379557    2.57499     -271.3     -564.7      -48.0     21.9     11.2     10.9 2023  1 20 19 12 27.89999962  0.0   1
     2743  -1.6402356  101.1430827    2.80073      298.7       46.7      177.8      8.6      7.0      6.0 2023  1 20 19 12 41.43999863  0.0   1
     2744  -1.6386311  101.1443115    3.15308      435.7      224.2      530.1     10.2      7.7      5.2 2023  1 20 19 12 45.20000076  0.0   1
     2745  -1.6420583  101.1415365    2.97699      127.2     -154.8      354.0     13.6      8.1      5.4 2023  1 20 19 12 58.77999878  0.0   1
     2746  -1.6428046  101.1420898    2.91699      188.7     -237.3      294.0     11.7      6.5      6.3 2023  1 20 19 13  8.81999969  0.0   1
     2747  -1.6455194  101.1441650    2.55744      418.9     -537.5      -65.5     12.5      7.6      6.2 2023  1 20 19 13 21.52000046  0.0   1
     2748  -1.6400734  101.1413818    3.05290      109.2       64.7      430.0     31.3     14.6      8.7 2023  1 20 19 13 50.47999954  0.0   1
     2749  -1.6416061  101.1305583    2.47904    -1095.1     -104.8     -143.9     22.1     17.8     16.0 2023  1 20 19 13 59.40000153  0.0   1
     2750  -1.6407962  101.1360514    2.78921     -483.8      -15.3      166.3     18.8     11.5      7.6 2023  1 20 19 14 14.26000023  0.0   1
     2751  -1.6418672  101.1435954    2.93635      355.6     -133.7      313.4     12.9      8.7      5.8 2023  1 20 19 14 47.25999832  0.0   1
     2752  -1.6429401  101.1467936    2.69168      711.7     -252.3       68.7     13.8     10.6      8.6 2023  1 20 19 14 50.77999878  0.0   1
     2753  -1.6423361  101.1385986    2.93435     -200.4     -185.5      311.4     20.6      9.3      8.1 2023  1 20 19 15  4.05999994  0.0   1
     2754  -1.6414660  101.1440674    2.73046      408.6      -89.3      107.5      6.5      4.5      3.9 2023  1 20 19 15 37.75999832  0.0   1
     2755  -1.6405924  101.1430094    2.78389      290.3        7.3      161.0      7.2      7.4      5.7 2023  1 20 19 15 47.91999817  0.0   1
     2756  -1.6406189  101.1435059    2.79816      346.2        4.3      175.2      9.9      6.5      5.9 2023  1 20 19 16  4.34000015  0.0   1
     2757  -1.6430504  101.1388835    2.76298     -168.3     -264.5      140.0     16.6      7.4      7.2 2023  1 20 19 16 23.39999962  0.0   1
     2758  -1.6388967  101.1462077    2.82075      646.1      194.8      197.8     17.2     13.0      7.9 2023  1 20 19 16 33.02000046  0.0   1
     2759  -1.6408946  101.1445312    2.79462      460.3      -26.1      171.7      8.2      5.2      4.8 2023  1 20 19 16 54.11999893  0.0   1
     2760  -1.6414455  101.1481364    2.75975      861.6      -87.1      136.8     14.1      7.3      6.4 2023  1 20 19 17 18.65999985  0.0   1
     2761  -1.6409729  101.1427653    2.80796      263.2      -34.8      185.0      8.2      6.5      4.7 2023  1 20 19 17 23.44000053  0.0   1
     2762  -1.6418200  101.1429769    2.73941      287.2     -128.5      116.5      6.8      4.2      4.1 2023  1 20 19 17 53.41999817  0.0   1
     2763  -1.6455453  101.1217855    1.83721    -2070.8     -540.4     -785.7     21.8     24.3     25.8 2023  1 20 19 17 59.56000137  0.0   1
     2764  -1.6377171  101.1484782    2.96073      899.3      325.2      337.8     13.4     14.6      6.4 2023  1 20 19 18 19.47999954  0.0   1
     2765  -1.6433481  101.1460286    2.94737      627.0     -297.4      324.4     10.3      7.9      6.9 2023  1 20 19 18 31.20000076  0.0   1
     2766  -1.6439409  101.1392171    2.73338     -131.7     -363.0      110.4     15.8      8.1      9.3 2023  1 20 19 18 39.00000000  0.0   1
     2767  -1.6414106  101.1408040    2.90921       45.5      -83.2      286.3     11.9      8.3      5.6 2023  1 20 19 20 12.10000038  0.0   1
     2768  -1.6417814  101.1362467    2.75750     -461.6     -124.2      134.6     18.2     11.4      8.1 2023  1 20 19 20 39.81999969  0.0   1
     2769  -1.6420241  101.1409017    2.91454       56.6     -151.0      291.6     22.9     11.1      7.4 2023  1 20 19 21  7.40000010  0.0   1
     2770  -1.6418563  101.1413737    2.93073      108.8     -132.5      307.8     16.5      6.1      5.7 2023  1 20 19 21 18.81999969  0.0   1
     2771  -1.6405830  101.1515869    2.57551     1244.9        8.3      -47.4     11.9     12.1      9.8 2023  1 20 19 21 59.91999817  0.0   1
     2772  -1.6421633  101.1442952    3.05866      433.4     -166.4      435.7     12.2      7.9      7.1 2023  1 20 19 22 12.19999981  0.0   1
     2773  -1.6388040  101.1541016    2.38912     1525.1      205.0     -233.8     28.4     25.6     25.1 2023  1 20 19 22 39.93999863  0.0   1
     2774  -1.6433200  101.1414307    3.07436      115.2     -294.3      451.4     14.3      7.6      6.7 2023  1 20 19 22 45.40000153  0.0   1
     2775  -1.6450765  101.1360921    2.80638     -478.8     -488.5      183.4     18.8      9.8      7.0 2023  1 20 19 23  1.05999994  0.0   1
     2776  -1.6459873  101.1424886    2.37521      232.4     -589.3     -247.7      9.4      6.9      8.6 2023  1 20 19 23  6.86000013  0.0   1
     2777  -1.6417714  101.1394287    2.75513     -108.1     -123.1      132.2     13.5      9.2      6.8 2023  1 20 19 24 26.95999908  0.0   1
     2778  -1.6463106  101.1255859    2.56721    -1648.1     -625.0      -55.7     25.4     18.1     21.6 2023  1 20 19 24 30.94000053  0.0   1
     2779  -1.6460344  101.1366943    2.60120     -412.2     -594.5      -21.7     25.5     10.2      5.9 2023  1 20 19 24 45.20000076  0.0   1
     2780  -1.6475741  101.1310628    2.30100    -1038.6     -764.7     -321.9     22.3     14.6     15.2 2023  1 20 19 24 52.18000031  0.0   1
     2782  -1.6397942  101.1524740    2.63469     1344.3       95.5       11.7     14.9     14.3     11.1 2023  1 20 19 25 16.07999992  0.0   1
     2783  -1.6496202  101.1322103    1.46297     -911.2     -991.0    -1160.0     32.4     20.3     30.2 2023  1 20 19 26 19.50000000  0.0   1
     2784  -1.6362420  101.1563070    2.75186     1770.5      488.3      128.9     39.1     44.7     31.7 2023  1 20 19 26 40.24000168  0.0   1
     2785  -1.6451078  101.1451497    2.99652      529.1     -492.0      373.6     20.6     10.5     11.6 2023  1 20 19 26 53.72000122  0.0   1
     2786  -1.6416466  101.1444173    2.63446      447.8     -109.3       11.5      7.9      4.9      5.0 2023  1 20 19 28  3.14000010  0.0   1
     2787  -1.6430514  101.1402588    2.69506      -15.2     -264.6       72.1     19.3      7.0      6.6 2023  1 20 19 28 27.34000015  0.0   1
     2788  -1.6413007  101.1440755    2.84093      408.9      -71.0      218.0      9.3      7.6      6.3 2023  1 20 19 28 29.31999969  0.0   1
     2789  -1.6412514  101.1442383    2.65454      427.0      -65.6       31.6     12.7      8.0      7.6 2023  1 20 19 28 39.91999817  0.0   1
     2790  -1.6451684  101.1421549    2.82752      195.6     -498.7      204.6     20.3     11.8      8.0 2023  1 20 19 29 12.73999977  0.0   1
     2791  -1.6435341  101.1415934    2.83821      133.1     -318.0      215.3     10.6      5.8      5.2 2023  1 20 19 29 38.18000031  0.0   1
     2792  -1.6420630  101.1453206    2.77184      547.9     -155.3      148.9     12.7      6.1      7.4 2023  1 20 19 30 28.65999985  0.0   1
     2793  -1.6412720  101.1423584    2.77412      218.2      -67.9      151.2     10.6      7.3      6.2 2023  1 20 19 30 43.77999878  0.0   1
     2794  -1.6455725  101.1322835    2.49599     -902.7     -543.4     -127.0     23.3     13.6     14.0 2023  1 20 19 30 58.61999893  0.0   1
     2795  -1.6337930  101.1571289    2.15758     1861.5      759.1     -465.4     36.0     41.2     33.8 2023  1 20 19 31  4.38000011  0.0   1
     2796  -1.6426212  101.1473389    2.55603      772.6     -217.1      -66.9     19.6     12.2      7.4 2023  1 20 19 31  9.84000015  0.0   1
     2797  -1.6421098  101.1429850    2.88909      287.6     -160.5      266.1      7.6      4.2      4.2 2023  1 20 19 31 49.70000076  0.0   1
     2798  -1.6421422  101.1487386    2.78663      928.3     -164.1      163.7     10.2      7.6      6.1 2023  1 20 19 32  3.83999991  0.0   1
     2799  -1.6425705  101.1426595    2.75508      251.8     -211.5      132.1     21.6      8.3      9.5 2023  1 20 19 32  9.02000046  0.0   1
     2800  -1.6414013  101.1413656    2.91534      107.8      -82.2      292.4      7.6      4.4      4.4 2023  1 20 19 32 20.89999962  0.0   1
     2801  -1.6423347  101.1409993    2.76832       66.9     -185.4      145.4     10.4      6.0      6.0 2023  1 20 19 32 52.88000107  0.0   1
     2802  -1.6420996  101.1436279    2.70678      359.7     -159.4       83.8     10.8      5.3      5.2 2023  1 20 19 32 59.25999832  0.0   1
     2803  -1.6422419  101.1424154    2.96234      224.3     -175.1      339.4     13.8      8.1      5.7 2023  1 20 19 33  9.80000019  0.0   1
     2804  -1.6433749  101.1381917    2.72088     -245.4     -300.4       97.9     14.4      7.6      8.8 2023  1 20 19 33 34.56000137  0.0   1
     2805  -1.6406442  101.1503337    2.87689     1105.8        1.5      253.9     13.2     14.8     11.2 2023  1 20 19 33 48.00000000  0.0   1
     2806  -1.6433681  101.1392415    2.89421     -128.2     -299.7      271.3     37.1     11.6      9.1 2023  1 20 19 33 53.97999954  0.0   1
     2807  -1.6405099  101.1469645    2.71487      731.0       16.4       91.9     12.6      8.2      5.2 2023  1 20 19 34 15.69999981  0.0   1
     2808  -1.6461675  101.1237874    1.37579    -1848.7     -609.2    -1247.1     28.0     21.0     31.3 2023  1 20 19 34 33.22000122  0.0   1
     2809  -1.6444960  101.1359375    2.61508     -496.1     -424.4       -7.9     18.9      9.4     15.2 2023  1 20 19 34 48.20000076  0.0   1
     2810  -1.6421407  101.1427083    2.58621      257.3     -163.9      -36.7      8.6      8.3      6.5 2023  1 20 19 34 58.11999893  0.0   1
     2811  -1.6428541  101.1461426    2.98444      639.4     -242.8      361.5     13.1      8.1      5.9 2023  1 20 19 35 21.10000038  0.0   1
     2812  -1.6417678  101.1421468    2.90986      194.7     -122.7      286.9     10.4      8.1      5.6 2023  1 20 19 35 48.25999832  0.0   1
     2813  -1.6414771  101.1447184    2.78291      481.3      -90.5      160.0      8.3      5.3      4.5 2023  1 20 19 36 32.65999985  0.0   1
     2814  -1.6436329  101.1444906    2.88766      455.4     -328.9      264.7     10.1      7.1      5.4 2023  1 20 19 36 50.90000153  0.0   1
     2815  -1.6411390  101.1427816    2.80510      265.0      -53.2      182.2     10.1      6.3      5.5 2023  1 20 19 43 50.43999863  0.0   1
     2816  -1.6418646  101.1431803    2.94392      309.9     -133.4      321.0     13.0     11.3      9.3 2023  1 20 19 43 54.97999954  0.0   1
     2817  -1.6411022  101.1440837    2.72274      409.8      -49.1       99.8      6.4      5.7      5.1 2023  1 20 19 49 56.54000092  0.0   1
     2818  -1.6415538  101.1455322    2.91447      571.2      -99.0      291.5     14.8     10.1      6.4 2023  1 20 19 53 30.76000023  0.0   1
     2819  -1.6412726  101.1435628    2.81396      352.4      -67.9      191.0     10.6      8.7      7.7 2023  1 20 19 57 15.27999973  0.0   1
     2820  -1.6419070  101.1437093    2.61170      368.8     -138.1      -11.2      9.0      5.2      4.9 2023  1 20 19 57 23.65999985  0.0   1
     2821  -1.6401047  101.1441162    2.77724      413.6       61.2      154.3      9.6      7.5      5.5 2023  1 20 20 23  4.65999985  0.0   1
     2822  -1.6413523  101.1404867    2.79617        9.8      -76.8      173.2     19.4      8.3      6.9 2023  1 21  1 56 37.25000000  0.0   1
     2823  -1.6397144  101.1482015    2.82339      868.8      104.4      200.4     13.6      7.1      8.5 2023  1 30 17 30  4.76000023  0.0   1
     2824  -1.6422679  101.1404134    2.77734        2.0     -178.0      154.4     15.6      8.4      7.5 2023  1 30 17 30 40.74000168  0.0   1
     2825  -1.6454802  101.1283447    1.89427    -1341.3     -533.2     -728.7     18.4     13.3     17.2 2023  2 18 22 35 10.69999981  0.0   1
     2826  -1.6388461  101.1441488    2.81648      417.7      200.4      193.5     15.2      9.9      8.6 2023  2 18 22 38 25.92000008  0.0   1
     2827  -1.6411798  101.1426107    2.65249      246.6      -57.7       29.5     11.9      8.5      6.0 2023  2 18 22 38 33.40000153  0.0   1
     2828  -1.6451486  101.1314860    2.22239     -991.7     -496.5     -400.6     19.7     12.4     13.3 2023  2 18 22 39  5.48000002  0.0   1
     2829  -1.6468291  101.1361735    2.39042     -470.1     -682.3     -232.5     20.6     12.0      9.7 2023  2 26 15 14 57.77000046  0.0   1
     2830  -1.6463830  101.1328044    2.03379     -844.9     -633.0     -589.1     20.5     11.1     15.0 2023  2 27 22 34 11.93999958  0.0   1
     2831  -1.6420797  101.1523844    2.69988     1334.0     -157.2       76.9     19.0     18.2     13.7 2023  2 27 22 34 17.97999954  0.0   1
     2832  -1.6473790  101.1373942    2.18831     -334.2     -743.2     -434.6     22.6      9.2     13.4 2023  2 27 22 34 39.31999969  0.0   1
     2833  -1.6422628  101.1361572    2.74455     -472.0     -177.4      121.6     15.4     11.6      8.2 2023  2 27 22 34 42.22000122  0.0   1
     2834  -1.6406069  101.1395996    2.75397      -89.0        5.7      131.0     11.0      6.8      5.3 2023  3  8  4 53 44.11000061  0.0   1
     2835  -1.6399479  101.1377197    2.83026     -298.2       78.5      207.3     18.2     10.5      6.8 2023  3 12 23 29 24.12000084  0.0   1
     2836  -1.6410945  101.1381592    2.92548     -249.3      -48.2      302.5     29.2     10.0      4.8 2023  3 19 14 58 26.79999924  0.0   1
     2837  -1.6421262  101.1444173    2.82616      447.6     -162.3      203.2     10.6      8.8      6.3 2023  3 19 14 58 27.35000038  0.0   1
     2838  -1.6392302  101.1438883    2.90684      388.1      157.9      283.9     13.9     11.2      6.8 2023  3 19 14 58 41.38999939  0.0   1
     2839  -1.6429409  101.1416992    2.78080      144.6     -252.4      157.9     17.6      6.3      6.0 2023  3 19 14 59  5.11999989  0.0   1
     2840  -1.6415624  101.1428467    2.87354      272.3     -100.0      250.6     18.9      9.0      7.0 2023  3 19 15  0 56.34000015  0.0   1
     2841  -1.6406417  101.1454264    2.78580      559.5        1.8      162.9     11.5     10.0      7.0 2023  3 19 15  7 48.63000107  0.0   1
     2842  -1.6407889  101.1437174    2.79309      369.2      -14.5      170.1     11.8      8.6      6.2 2023  3 19 15  8  6.13999987  0.0   1
     2843  -1.6413286  101.1462077    2.70678      646.2      -74.1       83.8     11.0      6.2      7.6 2023  3 19 15  8 45.77000046  0.0   1
     2844  -1.6424070  101.1448079    2.64051      491.0     -193.4       17.6     10.9      8.7      7.1 2023  3 19 15 10  1.89999998  0.0   1
     2845  -1.6417929  101.1417480    3.00924      150.7     -125.5      386.3     16.1      8.0      7.1 2023  3 19 15 10 17.05999947  0.0   1
     2846  -1.6431347  101.1358724    2.87575     -503.5     -273.8      252.8     19.0     12.1      8.8 2023  3 19 15 10 42.45999908  0.0   1
     2847  -1.6396825  101.1400472    3.24125      -39.0      107.9      618.3     25.2     15.5      8.8 2023  3 19 15 12  7.92000008  0.0   1
     2848  -1.6389645  101.1452799    2.99784      543.2      187.3      374.9     12.8     16.4      8.3 2023  3 19 15 12 41.66999817  0.0   1
     2849  -1.6396512  101.1458984    2.94454      611.8      111.3      321.6     11.7     10.7      6.1 2023  3 19 15 13  3.02999997  0.0   1
     2850  -1.6450597  101.1351237    2.72935     -586.4     -486.7      106.4     19.9     11.5     13.5 2023  3 19 15 13 29.22999954  0.0   1
     2851  -1.6408455  101.1416748    2.88160      141.8      -20.7      258.7     23.8      9.9      7.4 2023  3 19 15 14 14.53999996  0.0   1
     2852  -1.6442969  101.1290609    2.11410    -1261.6     -402.3     -508.8     17.3     16.1     17.0 2023  3 19 15 14 23.75000000  0.0   1
     2853  -1.6404521  101.1432292    2.72229      315.4       22.8       99.4     17.8      9.3      5.8 2023  3 19 15 17  0.95999998  0.0   1
     2854  -1.6413130  101.1427816    2.69503      264.9      -72.4       72.1     13.9      6.8      8.5 2023  3 19 15 17 15.43000031  0.0   1
     2855  -1.6401952  101.1418945    2.92393      166.9       51.2      301.0     32.1     10.8      9.2 2023  3 19 15 17 23.26000023  0.0   1
     2856  -1.6426725  101.1395345    2.78026      -96.1     -222.7      157.3     26.8     11.0      7.2 2023  3 19 15 17 27.55999947  0.0   1
     2857  -1.6399728  101.1491536    2.87680      974.7       75.8      253.9     11.9     14.0      9.8 2023  3 19 15 17 37.34000015  0.0   1
     2858  -1.6412071  101.1440267    2.83487      403.8      -60.7      211.9     14.4      8.3      6.2 2023  3 30 10 37 55.43000031  0.0   1
     2859  -1.6408389  101.1465983    2.74638      689.6      -20.0      123.4     10.8      7.1      5.8 2023  3 30 10 38 31.47999954  0.0   1
     2860  -1.6440473  101.1368571    2.88452     -393.8     -374.7      261.6     19.0     10.5      7.3 2023  3 30 10 38 50.88000107  0.0   1
     2861  -1.6423611  101.1415771    2.99036      131.6     -188.3      367.4     36.2      9.3      6.3 2023  3 30 10 38 55.63999939  0.0   1
     2862  -1.6424839  101.1434652    2.58870      340.9     -201.9      -34.2      9.3      8.4      6.9 2023  3 30 10 39 42.11999893  0.0   1
     2863  -1.6405722  101.1388102    3.26708     -176.7        9.5      644.1     29.6      8.2      7.4 2023  3 30 10 39 48.84999847  0.0   1
     2864  -1.6423481  101.1426839    2.77869      254.4     -186.9      155.7      5.7      7.0      5.9 2023  3 30 10 40  7.73999977  0.0   1
     2865  -1.6415839  101.1400798    2.84041      -35.7     -102.4      217.5     17.7      6.9      7.5 2023  3 30 10 40 14.48999977  0.0   1
     2866  -1.6392681  101.1379801    2.83998     -268.6      153.7      217.0     24.1     10.1      8.5 2023  3 30 10 40 28.92000008  0.0   1
     2867  -1.6407284  101.1410970    2.73293       78.3       -7.8      110.0     18.2      9.8      9.9 2023  3 30 10 40 36.38999939  0.0   1
     2868  -1.6389943  101.1439860    2.71637      399.3      184.0       93.4     16.6     10.2      8.4 2023  3 30 10 40 42.43999863  0.0   1
     2869  -1.6454180  101.1350423    2.72427     -595.9     -526.3      101.3     21.7     10.4     11.1 2023  3 30 10 41  9.31999969  0.0   1
     2870  -1.6413811  101.1414469    2.81252      117.2      -79.9      189.6     15.7      5.2      4.6 2023  3 30 10 41 20.13999939  0.0   1
     2871  -1.6457280  101.1374023    2.84226     -333.4     -560.6      219.3     18.3      9.0      8.5 2023  3 30 10 41 29.93000031  0.0   1
     2872  -1.6451564  101.1329102    2.43336     -833.0     -497.4     -189.6     17.0     10.0      9.3 2023  3 30 10 42  3.19000006  0.0   1
     2873  -1.6421374  101.1441081    2.72420      413.3     -163.6      101.3     11.0      6.9      5.4 2023  3 30 10 42 11.61999989  0.0   1
     2874  -1.6422306  101.1403076    2.85014       -9.7     -173.9      227.2     20.0     10.6      7.6 2023  3 30 10 45 34.45999908  0.0   1
     2875  -1.6406043  101.1392090    2.85612     -131.9        6.0      233.2     20.4     12.9      8.5 2023  3 30 10 49 11.32999992  0.0   1
     2877  -1.6392900  101.1461507    2.86628      640.5      151.3      243.3     12.9     11.0      5.9 2023  4  4 21 16 12.35999966  0.0   1
     2878  -1.6396791  101.1367920    2.99678     -401.3      108.3      373.8     17.3     14.1      6.8 2023  4  4 21 17 38.91999817  0.0   1
     2879  -1.6403201  101.1448486    2.67873      495.1       37.4       55.8     12.5      8.7      7.2 2023  4  4 21 19 37.68000031  0.0   1
     2880  -1.6406642  101.1497965    2.85962     1046.3       -0.7      236.7     14.7     13.6     10.8 2023  4  4 21 20  7.90000010  0.0   1
     2881  -1.6399190  101.1451904    2.90137      533.3       81.7      278.4     10.5      9.6      7.1 2023  4  4 21 21 24.20000076  0.0   1
     2882  -1.6401159  101.1468913    2.55512      722.9       60.0      -67.8     11.9      6.7      7.2 2023  4  4 21 21 37.93999863  0.0   1
     2883  -1.6407913  101.1382487    2.77650     -238.9      -14.7      153.6     32.2     13.2     10.5 2023  4  4 21 21 52.75999832  0.0   1
     2884  -1.6446042  101.1418783    2.57925      164.6     -436.3      -43.7     13.7      8.8      6.3 2023  4  4 21 21 54.95999908  0.0   1
     2885  -1.6400227  101.1515951    2.88656     1246.0       70.3      263.6     19.9     15.8     12.5 2023  4  4 21 22  3.64000010  0.0   1
     2886  -1.6440809  101.1415039    2.82226      123.3     -378.5      199.3     12.3      7.6      8.2 2023  4  7  6 28 12.28999996  0.0   1
     2889  -1.6017544  101.1255534    1.90346    -1651.4     4301.7     -719.5     29.4     25.5     19.9 2023  4 14  5 51 20.79999924  0.0   1
     2890  -1.6060340  101.1243083    2.15291    -1789.8     3828.5     -470.0     30.2     31.4     19.0 2023  4 14  5 51 25.79999924  0.0   1
     2893  -1.6390841  101.1443766    2.92750      443.2      174.1      304.6     14.4      8.8      8.1 2023  5 15 17 26 39.81999969  0.0   1
     2894  -1.6390458  101.1486735    2.86638      920.8      178.3      243.4     14.7     12.2      9.4 2023  5 15 17 32 30.39999962  0.0   1
     2895  -1.6448177  101.1396729    2.65982      -80.3     -459.9       36.9     12.3      9.1      8.8 2023  5 19 22 49 48.45999908  0.0   1
     2896  -1.6427766  101.1439779    2.80683      398.1     -234.2      183.9     17.8      9.1      7.4 2023  5 19 22 54 49.02000046  0.0   1
     2897  -1.6406532  101.1397135    2.86437      -76.1        0.5      241.4     25.6      8.3      7.4 2023  5 19 22 54 53.54000092  0.0   1
     2901  -1.6417100  101.1354655    2.70838     -548.9     -116.3       85.4     17.2     10.8      8.4 2023  5 27 15 42  8.60000038  0.0   1
     2903  -1.6431669  101.1398682    2.62375      -58.9     -277.4        0.8     19.4      9.4     10.9 2023  5 28 18 49 16.21999931  0.0   1
     2905  -1.6474639  101.1240479    1.71465    -1818.8     -752.5     -908.3     19.8     17.5     21.6 2023  6  6  1 40 44.04000092  0.0   1
     2906  -1.6419352  101.1343669    2.54043     -671.2     -141.2      -82.5     14.0      9.2      7.6 2023  6  6  1 42 24.76000023  0.0   1
     2907  -1.6406330  101.1382568    2.75314     -238.5        2.8      130.2     19.0     11.0      7.0 2023  6  6  1 48 22.26000023  0.0   1
     2908  -1.6410535  101.1441325    2.74626      415.9      -43.7      123.3     13.9      5.3      6.3 2023  6  6  1 48 43.06999969  0.0   1
     2909  -1.6429554  101.1460693    2.66518      631.4     -254.0       42.2     24.4      6.4      7.9 2023  6  6  1 51 12.57999992  0.0   1
     2910  -1.6426736  101.1449056    2.71847      501.4     -222.9       95.5     16.5      6.8      6.0 2023  6  6  1 51 15.86999989  0.0   1
     2911  -1.6424239  101.1421305    2.87413      193.1     -195.2      251.2     10.3      6.0      4.6 2023  6  6  1 51 30.25000000  0.0   1
     2912  -1.6433422  101.1454264    2.93466      559.7     -296.8      311.7      9.8      5.6      5.9 2023  6  6  1 52 19.11000061  0.0   1
     2913  -1.6421847  101.1428060    2.93799      268.2     -168.8      315.0     11.0      7.3      6.1 2023  6  6  1 52 40.33000183  0.0   1
     2914  -1.6406325  101.1434489    2.97863      339.2        2.8      355.7     12.3      9.9      8.5 2023  6  6  1 52 50.29999924  0.0   1
     2915  -1.6420036  101.1435303    2.83922      348.3     -148.8      216.3     17.2      8.6      8.0 2023  6  6  1 53 28.01000023  0.0   1
     2916  -1.6445994  101.1425863    2.84356      243.6     -435.8      220.6     12.7      8.6      7.8 2023  6  6  1 54  5.28999996  0.0   1
     2917  -1.6432597  101.1456299    2.80461      582.4     -287.7      181.7      9.5      6.3      6.8 2023  6  6  1 54 28.88999939  0.0   1
     2918  -1.6437017  101.1410645    2.87925       74.7     -336.5      256.3     25.1      7.7      7.6 2023  6  6  1 54 37.52999878  0.0   1
     2919  -1.6428101  101.1509277    2.77696     1171.9     -237.9      154.0      9.6      9.8      8.4 2023  6  6  1 54 44.18999863  0.0   1
     2921  -1.6473948  101.1272705    1.61682    -1461.0     -744.9    -1006.1     17.1     12.9     18.0 2023  6  6  1 55 12.25000000  0.0   1
     2922  -1.6415583  101.1417074    2.88322      145.7      -99.5      260.3     19.3      6.7      6.2 2023  6  6  1 55 25.79999924  0.0   1
     2923  -1.6430154  101.1403809    2.65311       -2.1     -260.7       30.2     15.5      5.3      4.7 2023  6  6  1 55 44.54999924  0.0   1
     2924  -1.6400576  101.1457926    2.84921      600.7       66.4      226.3     12.4      7.9      6.7 2023  6  6  1 55 52.50999832  0.0   1
     2925  -1.6433118  101.1370768    2.84408     -369.5     -293.4      221.1     24.9     14.3     11.1 2023  6  6  1 56  1.14999998  0.0   1
     2926  -1.6428387  101.1418701    2.99120      164.1     -241.1      368.3     20.9      8.7      7.9 2023  6  6  1 56  8.31999969  0.0   1
     2927  -1.6508287  101.1280436    0.86362    -1374.3    -1124.6    -1759.3     20.8     15.9     30.4 2023  6  6  1 56 16.76000023  0.0   1
     2928  -1.6425165  101.1419271    2.79786      170.1     -205.5      174.9     11.1      4.2      4.4 2023  6  6  1 56 29.04999924  0.0   1
     2929  -1.6482455  101.1289714    1.78258    -1271.8     -839.0     -840.4     18.8     13.4     17.7 2023  6  6  1 56 36.79000092  0.0   1
     2930  -1.6410625  101.1446533    2.88192      473.2      -44.7      259.0     13.4      7.2      5.5 2023  6  6  1 57 14.22000027  0.0   1
     2931  -1.6421752  101.1430583    2.79567      296.0     -167.7      172.7     12.2      5.4      5.3 2023  6  6  1 57 25.55999947  0.0   1
     2932  -1.6411179  101.1405355    2.88189       15.6      -50.8      258.9     11.1      9.3      7.5 2023  6  6  1 57 28.88999939  0.0   1
     2933  -1.6420329  101.1439779    2.66368      398.2     -152.0       40.7      8.9      4.9      4.7 2023  6  6  1 57 37.61999893  0.0   1
     2934  -1.6421890  101.1439779    3.02222      398.2     -169.3      399.3      8.0      5.3      5.4 2023  6  6  1 57 45.38000107  0.0   1
     2935  -1.6388584  101.1483398    2.86880      884.0      199.0      246.9      9.6      8.4      6.5 2023  6  6  1 58  3.48000002  0.0   1
     2936  -1.6409896  101.1425130    2.83143      235.1      -36.6      208.5     17.3     13.7      6.9 2023  6  6  1 58 51.29000092  0.0   1
     2937  -1.6441554  101.1449463    2.69815      505.8     -386.7       75.2      9.3      7.7      8.1 2023  6  6  1 59  4.92000008  0.0   1
     2938  -1.6427193  101.1253011    1.71094    -1680.1     -227.9     -912.0     78.9     82.8     91.2 2023  6  6  2  0 18.29000092  0.0   1
     2939  -1.6417970  101.1447754    2.86597      487.4     -125.9      243.0     13.5      9.8      5.4 2023  6  6  2  0 50.33000183  0.0   1
     2940  -1.6426001  101.1425863    2.80843      243.7     -214.7      185.5     13.7      6.1      5.4 2023  6  6  2  1 17.14999962  0.0   1
     2941  -1.6443493  101.1427572    2.52622      262.3     -408.1      -96.7     16.5     11.3     10.7 2023  6  6  2  1 29.55999947  0.0   1
     2942  -1.6414094  101.1430501    2.74655      295.0      -83.1      123.6      9.5      4.5      4.3 2023  6  6  2  1 36.97999954  0.0   1
     2943  -1.6400304  101.1448405    2.58285      494.8       69.4      -39.1     12.1      8.9      6.6 2023  6  6  2  1 54.45999908  0.0   1
     2944  -1.6401006  101.1430257    2.90922      292.4       61.6      286.3      8.7      5.4      4.8 2023  6  6  2  2 19.39999962  0.0   1
     2945  -1.6465599  101.1440023    2.72392      401.5     -652.6      101.0     18.8      9.8     10.0 2023  6  6  2  3 32.54000092  0.0   1
     2946  -1.6440638  101.1446208    2.66398      470.0     -376.6       41.0      9.0      9.8      7.3 2023  6  6  2  5 16.29999924  0.0   1
     2947  -1.6336698  101.1534424    2.72371     1451.4      772.7      100.8     22.6     37.8     15.9 2023  6  6  2 11 56.61000061  0.0   1
     2948  -1.6413503  101.1446452    2.76771      472.4      -76.5      144.8     11.6      6.9      6.4 2023  6  6  2 57 14.14999962  0.0   1
     2949  -1.6412153  101.1439535    2.74920      395.5      -61.6      126.3      9.0      4.3      5.4 2023  6  6  2 57 29.37000084  0.0   1
     2950  -1.6401272  101.1488200    2.63939      937.7       58.7       16.4      9.0      8.6      6.4 2023  6  6  2 57 54.09999847  0.0   1
     2951  -1.6393940  101.1368164    2.67818     -398.2      139.8       55.2     13.3     10.4      7.1 2023  6  6  2 58  2.06999993  0.0   1
     2952  -1.6414655  101.1500732    1.92646     1076.8      -89.3     -696.5     30.2     23.2     25.5 2023  6  6  2 58 17.95000076  0.0   1
     2953  -1.6456945  101.1346842    2.29880     -636.0     -556.9     -324.1     21.5     12.1     13.1 2023  6  6  2 58 41.36999893  0.0   1
     2954  -1.6423059  101.1468831    2.48007      721.4     -182.2     -142.9     10.9      7.0      7.6 2023  6  6  2 59 47.00999832  0.0   1
     2955  -1.6391230  101.1516520    3.02827     1252.2      169.7      405.3     19.4     17.8     15.1 2023  6  6 22 40 15.80000019  0.0   1
     2962  -1.6410615  101.1401693    2.67328      -25.2      -44.6       50.3     12.4      6.0      4.6 2023  7  4 19 19 48.45999908  0.0   1
     2967  -1.6459263  101.1268311    2.26748    -1509.8     -582.5     -355.5     23.9     19.7     23.0 2023  7 14 23 38 10.26000023  0.0   1
     2968  -1.6408445  101.1432617    2.89967      319.2      -20.6      276.7      8.9      6.7      5.6 2023  7 15  2  2 49.29000092  0.0   1
     2969  -1.6415577  101.1416911    2.78890      144.0      -99.5      166.0     15.0      9.1      8.3 2023  7 15  2  5 39.86000061  0.0   1
     2972  -1.6414756  101.1400553    2.87277      -37.7      -90.4      249.8     18.9     13.7      7.8 2023  7 15  9 27  6.65999985  0.0   1
     2973  -1.6413953  101.1433919    2.74456      333.6      -81.5      121.6      6.2      5.0      4.1 2023  7 15  9 29 55.13999939  0.0   1
     2974  -1.6415040  101.1433268    2.70262      325.6      -93.5       79.7      8.9      5.0      4.4 2023  7 15  9 30  2.75999999  0.0   1
     2975  -1.6416823  101.1420898    2.73088      188.0     -113.2      107.9      6.5      5.9      4.9 2023  7 15  9 30 27.43000031  0.0   1
     2976  -1.6415638  101.1440999    2.70988      412.0     -100.1       86.9     12.5      6.7      5.7 2023  7 15  9 31 39.70999908  0.0   1
     2977  -1.6347060  101.1208659    2.04499    -2173.7      658.2     -577.9     28.3     20.5     27.5 2023  7 17 15  4 33.40000153  0.0   1
     2978  -1.6405746  101.1422933    2.83146      211.0        9.2      208.5      8.6      6.3      5.6 2023  7 19  2  5 31.29000092  0.0   1
     2979  -1.6396427  101.1419434    3.12402      172.3      112.3      501.1      9.2      6.1      5.2 2023  7 19  2 18 47.72999954  0.0   1
     2980  -1.6424773  101.1450033    2.83104      512.5     -201.1      208.1      9.5      5.2      5.1 2023  7 19  2 21  5.59999990  0.0   1
     2981  -1.6360388  101.1509115    2.91947     1169.5      510.8      296.5     14.7     13.1     12.7 2023  7 19  2 21  8.77999973  0.0   1
     2982  -1.6400084  101.1420573    2.93503      184.7       71.8      312.1      9.4      5.9      5.9 2023  7 19  2 59 40.54000092  0.0   1
     2983  -1.6413078  101.1430257    2.84406      292.1      -71.8      221.1     10.3      5.5      5.2 2023  7 19  3  0  3.86999989  0.0   1
     2984  -1.6412811  101.1468587    2.58042      718.6      -68.9      -42.5      9.3      6.2      6.1 2023  7 19  3  0 15.28999996  0.0   1
     2985  -1.6410784  101.1438314    2.71030      381.7      -46.5       87.4      7.9      4.8      4.9 2023  7 19  3  0 25.79000092  0.0   1
     2986  -1.6430843  101.1388346    2.82336     -173.7     -268.3      200.4     24.7      9.3      6.3 2023  7 19  3  1  0.31999999  0.0   1
     2987  -1.6449458  101.1441081    2.57915      412.6     -474.1      -43.8      7.4      7.5      7.1 2023  7 19  3  1 12.77000046  0.0   1
     2988  -1.6421323  101.1427327    2.61859      259.6     -163.0       -4.3      7.2      5.5      4.6 2023  7 19  3  1 20.85000038  0.0   1
     2989  -1.6412642  101.1391846    2.94477     -135.0      -67.0      321.8     23.4      7.6      5.4 2023  7 19  3  1 31.04999924  0.0   1
     2990  -1.6402963  101.1469076    2.90898      724.3       40.0      286.0     11.1      7.2      6.7 2023  7 19  3  1 58.95000076  0.0   1
     2991  -1.6415525  101.1423503    2.99504      217.5      -98.9      372.1     14.9      7.4      5.6 2023  7 19  3  2 24.22999954  0.0   1
     2992  -1.6411822  101.1428467    2.69216      272.4      -57.9       69.2     13.3      6.8      5.6 2023  7 19  3  2 31.32999992  0.0   1
     2994  -1.6461033  101.1417725    2.42177      152.8     -602.1     -201.2     39.9     11.9      9.0 2023  7 19  3  3  5.17000008  0.0   1
     2995  -1.6423082  101.1429443    2.78289      283.3     -182.4      159.9     12.2     10.1      4.4 2023  7 19  3  3 49.45000076  0.0   1
     2996  -1.6410353  101.1438070    2.88679      379.8      -41.7      263.8     10.2      5.5      5.8 2023  7 19  3  4 25.73999977  0.0   1
     2997  -1.6427601  101.1410482    2.43292       72.3     -232.4     -190.0     33.2     10.3      7.9 2023  7 19  3  4 42.90000153  0.0   1
     2998  -1.6402752  101.1429769    3.02547      287.3       42.4      402.5     20.5      8.7      7.8 2023  7 19  3  4 47.33000183  0.0   1
     2999  -1.6412271  101.1413167    2.98686      102.4      -62.9      363.9     11.9      7.9      6.3 2023  7 19  3  5 55.38999939  0.0   1
     3000  -1.6396058  101.1446126    2.84692      468.7      116.4      224.0     10.6      5.5      5.6 2023  7 19  3  6 34.20999908  0.0   1
     3001  -1.6420851  101.1430664    2.70835      297.1     -157.8       85.4      7.1      5.2      4.7 2023  7 19  3  7 18.03000069  0.0   1
     3002  -1.6436353  101.1423584    2.70559      218.6     -329.2       82.6      8.3      6.6      5.5 2023  7 19  3  7 20.17000008  0.0   1
     3003  -1.6416920  101.1510254    2.50606     1182.9     -114.3     -116.9     13.7     11.2     10.9 2023  7 19  3  8 37.70999908  0.0   1
     3004  -1.6433210  101.1430257    2.77708      292.3     -294.4      154.1     13.7      7.9      8.5 2023  7 19  3 10 29.87999916  0.0   1
     3005  -1.6403512  101.1432617    2.86758      319.2       33.9      244.6     10.4      5.5      4.9 2023  7 19  3 11  7.88000011  0.0   1
     3006  -1.6363253  101.1476481    3.26400      806.9      479.1      641.1     14.8     12.5     10.2 2023  7 19  3 12 10.78999996  0.0   1
     3007  -1.6417716  101.1482096    2.66839      869.5     -123.1       45.4     10.8     11.8      7.3 2023  7 19  3 14 29.62999916  0.0   1
     3008  -1.6419432  101.1461751    2.40508      643.2     -142.1     -217.9      6.9      5.6      6.3 2023  7 19  3 14 38.36000061  0.0   1
     3009  -1.6396645  101.1423096    2.82507      212.5      109.9      202.1     13.6      9.0      9.8 2023  7 19  3 17 13.86999989  0.0   1
     3010  -1.6408908  101.1454346    2.81887      560.2      -25.7      195.9      7.7      9.4      5.3 2023  7 19  3 22  8.31999969  0.0   1
     3011  -1.6391931  101.1422933    2.86048      211.1      162.0      237.5     11.2      6.3      4.1 2023  7 19  3 23  0.50000000  0.0   1
     3012  -1.6411892  101.1434733    2.74552      342.3      -58.7      122.6      6.4      4.7      4.3 2023  7 19  3 23 19.36000061  0.0   1
     3013  -1.6418081  101.1437419    2.82421      372.2     -127.2      201.3      8.4      7.5      7.4 2023  7 19  3 23 22.77000046  0.0   1
     3014  -1.6379326  101.1409180    3.00770       57.6      301.4      384.8     18.5      9.9      8.0 2023  7 19  3 23 38.40000153  0.0   1
     3015  -1.6412768  101.1443929    2.70558      444.3      -68.4       82.6      8.1      5.1      3.4 2023  7 19  3 24  8.73999977  0.0   1
     3016  -1.6402847  101.1424479    2.91351      228.1       41.3      290.6      8.5      8.3      7.5 2023  7 19  3 24 11.84000015  0.0   1
     3017  -1.6443146  101.1437907    2.69549      377.9     -404.3       72.5      9.5      4.6      5.2 2023  7 19  3 24 18.10000038  0.0   1
     3018  -1.6414806  101.1423910    2.66262      221.5      -90.9       39.7      6.6      5.0      4.8 2023  7 19  3 26 25.94000053  0.0   1
     3019  -1.6437982  101.1366048    2.84702     -421.6     -347.2      224.1     14.3      8.8      8.9 2023  7 19  3 26 54.45000076  0.0   1
     3020  -1.6381626  101.1484863    2.89483      900.2      275.9      271.9      9.3     11.3      6.7 2023  7 19  3 28  6.32000017  0.0   1
     3021  -1.6353432  101.1378011    3.19665     -288.4      587.7      573.7     29.5     10.4      7.8 2023  7 19  3 28 11.30000019  0.0   1
     3022  -1.6408318  101.1478271    2.67235      827.2      -19.2       49.4      9.6     11.5      7.4 2023  7 19  3 29  4.26999998  0.0   1
     3023  -1.6447816  101.1402832    2.54644      -12.7     -455.9      -76.5     19.4      7.1      6.6 2023  7 19  3 30 50.99000168  0.0   1
     3024  -1.6474342  101.1429932    2.53222      289.1     -749.3      -90.7     17.4     10.5     11.5 2023  7 19  3 37 19.65999985  0.0   1
     3025  -1.6392120  101.1327799    2.70905     -847.4      159.9       86.1     20.4     11.5     11.8 2023  7 19  3 39 24.28000069  0.0   1
     3026  -1.6441475  101.1464193    2.73934      670.4     -385.8      116.4     13.6     11.7      7.7 2023  7 19  3 48 22.11000061  0.0   1
     3027  -1.6412224  101.1425293    2.81287      237.5      -62.4      189.9      7.7      8.5      6.0 2023  7 19 19  1 51.08000183  0.0   1
     3028  -1.6417411  101.1406901    2.78250       32.2     -119.7      159.6     12.4      8.2      7.0 2023  7 20  1 15 46.22999954  0.0   1
     3029  -1.6414833  101.1385335    2.81763     -207.7      -91.2      194.7     32.5     11.6      9.6 2023  7 20  1 16 25.07999992  0.0   1
     3030  -1.6397007  101.1424479    2.98796      227.9      105.9      365.0     30.0     13.6      8.1 2023  7 20  1 18 27.22999954  0.0   1
     3031  -1.6418490  101.1415446    2.73443      127.9     -131.7      111.5      6.6      5.2      4.8 2023  7 20 16 59 18.79999924  0.0   1
     3032  -1.6400374  101.1440674    2.81262      408.0       68.6      189.7     13.0      9.3      6.8 2023  7 21  6 50 53.00999832  0.0   1
     3033  -1.6454390  101.1429606    2.61832      285.6     -528.6       -4.6     11.9      6.6      7.4 2023  7 21 12 31 45.83000183  0.0   1
     3034  -1.6444803  101.1425781    2.63717      242.4     -422.6       14.2     11.4      9.0      7.2 2023  7 23  3 56 19.47999954  0.0   1
     3037  -1.6421705  101.1452637    2.67585      541.6     -167.2       52.9      7.2      7.4      7.6 2023  7 31 23 41 35.38000107  0.0   1
     3042  -1.6418733  101.1398031    2.94763      -66.5     -134.4      324.7     18.2      8.7      6.6 2023  8 25 22  0  2.96000004  0.0   1
     3043  -1.6404675  101.1453613    2.82469      552.3       21.1      201.7      9.5      7.1      7.0 2023  8 25 22  1 20.63999939  0.0   1
     3044  -1.6490737  101.1357422    2.53526     -518.2     -930.5      -87.7     27.1     14.7     16.0 2023  8 25 22  1 29.57999992  0.0   1
     3045  -1.6416373  101.1434408    2.68026      338.8     -108.3       57.3     10.7      5.7      6.0 2023  8 25 22  1 39.70000076  0.0   1
     3046  -1.6400297  101.1357992    2.84140     -511.5       69.5      218.5     33.5     14.7      8.9 2023  8 25 22  2 23.94000053  0.0   1
     3047  -1.6412310  101.1432048    2.75383      312.7      -63.3      130.9      8.5      4.3      4.2 2023  8 25 22  2 28.13999939  0.0   1
     3048  -1.6390764  101.1526774    2.45006     1366.8      174.9     -172.9     13.7     15.1     11.0 2023  8 25 22  2 42.25999832  0.0   1
     3049  -1.6416270  101.1440592    2.63021      407.9     -107.1        7.3     10.8      7.1      6.3 2023  8 25 22  2 51.50000000  0.0   1
     3050  -1.6419065  101.1431722    2.81391      308.8     -138.0      191.0     11.9      5.5      5.0 2023  8 25 22  2 58.43999863  0.0   1
     3051  -1.6395917  101.1508545    2.00311     1163.4      117.9     -619.8     25.3     19.7     19.5 2023  8 25 22  3 19.87999916  0.0   1
     3052  -1.6429495  101.1330160    2.85345     -821.3     -253.4      230.5     16.8     12.0      9.4 2023  8 25 22  3 24.92000008  0.0   1
     3054  -1.6433317  101.1411784    2.82023       86.9     -295.6      197.3     29.6      8.9      8.1 2023  8 25 22  3 32.50000000  0.0   1
     3055  -1.6417100  101.1402913    2.85449      -12.0     -116.3      231.5     25.8      7.3      5.0 2023  8 25 22  3 45.52000046  0.0   1
     3056  -1.6471210  101.1242269    2.08096    -1799.5     -714.6     -542.0     21.4     20.1     21.5 2023  8 25 22  4 22.10000038  0.0   1
     3057  -1.6418863  101.1445150    2.77879      458.6     -135.8      155.8     14.5      8.1      6.3 2023  8 25 22  4 39.36000061  0.0   1
     3058  -1.6421787  101.1434733    2.85196      342.0     -168.1      229.0     16.7      7.8      6.8 2023  8 25 22  4 42.74000168  0.0   1
     3059  -1.6392171  101.1481608    2.55219      864.3      159.3      -70.8      6.4      6.7      6.0 2023  8 25 22  5 22.65999985  0.0   1
     3060  -1.6396692  101.1564941    2.27713     1791.1      109.4     -345.8     13.7     18.1     12.4 2023  8 25 22  5 45.79999924  0.0   1
     3061  -1.6444275  101.1369954    2.66087     -378.4     -416.8       37.9     14.7      7.4      7.7 2023  8 25 22  7 34.09999847  0.0   1
     3062  -1.6430557  101.1422445    2.63736      206.0     -265.1       14.4     12.2      6.0      6.7 2023  8 25 22  9 17.42000008  0.0   1
     3063  -1.6425341  101.1444336    2.58323      448.7     -207.4      -39.7     12.9     10.9      9.1 2023  8 25 22  9 21.89999962  0.0   1
     3064  -1.6400889  101.1432780    3.00694      320.7       62.9      384.0      9.9      5.4      5.1 2023  8 25 22  9 33.65999985  0.0   1
     3065  -1.6356373  101.1670980    1.03190     2970.7      555.2    -1591.0     27.4     28.4     74.0 2023  8 25 22  9 50.97999954  0.0   1
     3066  -1.6404079  101.1450114    2.67908      513.5       27.7       56.1     25.6     13.8     10.5 2023  8 25 22 11 54.90000153  0.0   1
     3067  -1.6408911  101.1513753    2.61680     1221.6      -25.8       -6.1     14.9     15.0      8.4 2023  8 25 22 12 15.19999981  0.0   1
     3068  -1.6371816  101.1541504    2.37839     1530.1      384.4     -244.6     16.9     15.7     13.2 2023  8 25 22 14 11.64000034  0.0   1
     3069  -1.6396262  101.1468831    2.48327      721.9      114.1     -139.7     10.5      8.7      6.5 2023  8 28 21 39 39.09999847  0.0   1
     3070  -1.6445432  101.1331055    2.55848     -811.4     -429.6      -64.5     22.5     11.6     13.8 2023  8 28 22  8 57.27999878  0.0   1
     3071  -1.6415628  101.1404622    2.77115        6.8     -100.0      148.2     10.0      6.4      6.3 2023  8 29 14 22 51.02999878  0.0   1
     3072  -1.6418512  101.1402262    2.92326      -18.8     -131.9      300.3     13.3      8.0      6.6 2023  8 29 18 13 50.74000168  0.0   1
     3074  -1.6426623  101.1379557    2.66059     -271.3     -221.6       37.6     38.2     10.7      7.4 2023  8 30  1 31 17.67000008  0.0   1
     3075  -1.6406431  101.1268717    2.09353    -1504.7        1.7     -529.4     50.7     86.1     47.2 2023  8 30  5 46 14.44999981  0.0   1
     3076  -1.6397013  101.1478597    2.58652      830.6      105.8      -36.4     10.9      6.2      4.8 2023  8 30  5 46 27.07999992  0.0   1
     3077  -1.6419210  101.1461589    2.43624      640.8     -139.6     -186.7     11.7      8.6      7.4 2023  8 30  5 47  3.69000006  0.0   1
     3078  -1.6417356  101.1440430    2.90889      406.1     -119.1      285.9     14.1      6.1      7.7 2023  8 30  5 47  5.53999996  0.0   1
     3079  -1.6427844  101.1266683    2.14346    -1527.6     -235.1     -479.5     32.3     28.6     29.1 2023  8 30  5 47 14.06000042  0.0   1
     3080  -1.6379860  101.1538818    2.65896     1500.7      295.5       36.0     21.3     19.6     17.2 2023  8 30  5 47 22.72999954  0.0   1
     3081  -1.6396453  101.1478760    2.59171      831.9      112.0      -31.2      9.0      6.7      6.6 2023  8 30  5 47 28.44000053  0.0   1
     3083  -1.6413727  101.1275553    1.43389    -1428.5      -79.0    -1189.1     46.6     72.3     49.8 2023  8 30  5 47 51.20000076  0.0   1
     3084  -1.6443409  101.1437907    2.66361      377.2     -407.2       40.7     13.1      7.6      8.6 2023  8 30  5 50 22.00000000  0.0   1
     3085  -1.6418468  101.1396240    2.65321      -85.9     -131.4       30.3     23.4      7.0      7.4 2023  8 30  5 50 28.25000000  0.0   1
     3086  -1.6426061  101.1489176    2.95052      948.3     -215.4      327.6     12.0      8.9      9.6 2023  8 30 14 17 58.83000183  0.0   1
     3087  -1.6455327  101.1388346    2.32506     -174.0     -539.0     -297.9     26.1     13.9      9.2 2023  8 30 14 22 58.09000015  0.0   1
     3088  -1.6422375  101.1426107    2.66468      246.6     -174.6       41.7     15.6     10.4      7.9 2023  8 30 14 35 52.65000153  0.0   1
     3094  -1.6436693  101.1398926    2.61437      -56.2     -332.9       -8.6     27.6      6.3      7.0 2023  9 13 15 18 58.20999908  0.0   1
     3095  -1.6394515  101.1489014    2.45548      946.1      133.4     -167.5      9.0     10.1     10.2 2023  9 14 16  1  7.05999994  0.0   1
     3096  -1.6383718  101.1486816    2.58766      921.8      252.8      -35.3     16.9     12.9      7.7 2023  9 14 16  1 16.52000046  0.0   1
     3097  -1.6418543  101.1391520    2.77052     -138.8     -132.3      147.6     24.8     10.7      8.2 2023  9 14 16  1 24.82999992  0.0   1
     3098  -1.6418248  101.1376872    2.47259     -301.5     -129.0     -150.4     17.6     12.4      9.5 2023  9 14 16  3 59.18000031  0.0   1
     3099  -1.6383556  101.1481445    2.62940      861.8      254.6        6.5     11.1      8.8      6.4 2023  9 14 16  4  8.14000034  0.0   1
     3100  -1.6376537  101.1489583    2.96942      952.4      332.2      346.5     18.7     14.7      8.6 2023  9 14 16  7 36.65999985  0.0   1
     3101  -1.6395266  101.1431966    2.61154      311.3      125.1      -11.4     12.1      5.9      5.3 2023  9 14 16  7 43.02999878  0.0   1
     3102  -1.6449879  101.1272461    1.95149    -1463.6     -478.8     -671.5     15.5     15.9     14.7 2023  9 14 16 10 57.36000061  0.0   1
     3103  -1.6364619  101.1312744    2.93490    -1015.2      464.0      312.0     23.5     28.2     16.0 2023  9 14 16 11 12.31000042  0.0   1
     3104  -1.6401526  101.1457438    2.63305      595.2       55.9       10.1     11.3      7.3      4.5 2023  9 14 16 11 17.97999954  0.0   1
     3105  -1.6420533  101.1434245    2.84572      337.3     -154.3      222.8      8.4      5.5      5.2 2023  9 14 16 23 25.43000031  0.0   1
     3106  -1.6417500  101.1428711    2.70041      275.4     -120.7       77.5     11.1      6.9      6.5 2023  9 14 16 23 33.90000153  0.0   1
     3107  -1.6421185  101.1409912    2.86538       65.7     -161.5      242.4     12.2      9.0      6.2 2023  9 14 16 23 52.75999832  0.0   1
     3108  -1.6409379  101.1401367    2.71127      -28.9      -30.9       88.3     17.2      8.6      8.0 2023  9 14 16 23 59.08000183  0.0   1
     3109  -1.6417672  101.1423096    2.55261      212.5     -122.6      -70.3     14.3      7.6      7.7 2023  9 14 16 24  4.69000006  0.0   1
     3110  -1.6424065  101.1415202    2.67363      125.0     -193.3       50.7     13.6      6.6      6.4 2023  9 14 16 24 13.52000046  0.0   1
     3111  -1.6419450  101.1433838    2.69720      331.9     -142.3       74.3      6.7      5.1      5.1 2023  9 14 16 24 25.40999985  0.0   1
     3112  -1.6409968  101.1467204    2.77684      703.6      -37.4      153.9      8.9      8.7      6.6 2023  9 14 16 24 54.75000000  0.0   1
     3113  -1.6428074  101.1409261    2.80338       58.5     -237.6      180.4     16.6      7.6      6.9 2023  9 14 16 24 59.38000107  0.0   1
     3114  -1.6417517  101.1439860    2.68874      399.4     -120.9       65.8     11.4     10.4      9.5 2023  9 14 16 25  6.48000002  0.0   1
     3115  -1.6409827  101.1457845    2.67643      599.2      -35.9       53.5      5.8      5.8      5.6 2023  9 14 16 25 25.75000000  0.0   1
     3116  -1.6403297  101.1511800    2.44611     1200.2       36.3     -176.8      8.1     11.3      7.3 2023  9 14 16 25 28.45000076  0.0   1
     3117  -1.6488552  101.1263346    1.24914    -1564.7     -906.4    -1373.8     19.8     16.8     21.4 2023  9 14 16 25 34.34999847  0.0   1
     3118  -1.6454539  101.1367106    1.88139     -410.2     -530.3     -740.6     26.9     13.1     13.5 2023  9 14 16 25 42.66999817  0.0   1
     3119  -1.6405846  101.1394124    2.70889     -109.4        8.1       86.0     19.0      7.7      5.8 2023  9 14 16 25 48.11999893  0.0   1
     3120  -1.6419247  101.1390706    2.54030     -148.0     -140.0      -82.6     25.7      6.8      5.4 2023  9 14 16 25 56.81999969  0.0   1
     3121  -1.6401855  101.1433024    2.84093      323.3       52.3      218.0      6.8      6.4      5.3 2023  9 14 16 26  2.75999999  0.0   1
     3122  -1.6412238  101.1424154    2.82935      224.7      -62.5      206.4     10.6      4.9      4.6 2023  9 14 16 26 23.64999962  0.0   1
     3123  -1.6404743  101.1433268    2.94775      326.3       20.3      324.8     16.1      9.3      8.4 2023  9 14 16 26 34.95999908  0.0   1
     3124  -1.6413343  101.1451416    2.78569      527.7      -74.8      162.8      8.3      6.6      4.7 2023  9 14 16 26 48.50000000  0.0   1
     3125  -1.6452549  101.1382243    2.44194     -242.0     -508.3     -181.0     25.7     13.5     13.8 2023  9 14 16 27  6.15000010  0.0   1
     3126  -1.6419792  101.1474691    2.59228      786.9     -146.1      -30.7     10.6      7.8      7.7 2023  9 14 16 27 14.25000000  0.0   1
     3127  -1.6400579  101.1437826    2.71541      376.8       66.4       92.5      7.5      8.4      7.1 2023  9 14 16 27 17.69000053  0.0   1
     3128  -1.6396481  101.1454671    2.63956      563.8      111.7       16.6     12.3     11.1      8.1 2023  9 14 16 27 22.95999908  0.0   1
     3129  -1.6374499  101.1481852    2.65170      866.5      354.8       28.8     11.1      7.4      5.2 2023  9 14 16 27 30.12000084  0.0   1
     3130  -1.6398313  101.1420085    3.05585      179.6       91.4      432.9     21.1      8.9      8.2 2023  9 14 16 27 36.08000183  0.0   1
     3131  -1.6396795  101.1473470    2.69781      773.2      108.2       74.9      5.3      4.6      4.0 2023  9 14 16 28  5.15999985  0.0   1
     3132  -1.6423594  101.1447510    2.61980      484.5     -188.1       -3.1      5.8      4.0      3.8 2023  9 14 16 28 10.97999954  0.0   1
     3133  -1.6415391  101.1408040    2.73161       45.5      -97.4      108.7     25.9      6.2      7.2 2023  9 14 16 28 18.73999977  0.0   1
     3134  -1.6384543  101.1498698    2.06708     1053.8      243.7     -555.9     15.2     12.8      9.7 2023  9 14 16 28 27.96999931  0.0   1
     3135  -1.6422723  101.1462402    2.63004      650.4     -178.5        7.1      9.9      7.7      7.3 2023  9 14 16 28 40.47999954  0.0   1
     3136  -1.6445918  101.1353516    2.40876     -561.8     -435.0     -214.2     13.8      9.2      6.9 2023  9 14 16 28 47.25999832  0.0   1
     3137  -1.6429671  101.1416585    2.71969      140.1     -255.3       96.7     14.1      7.8      7.6 2023  9 14 16 28 51.58000183  0.0   1
     3138  -1.6448542  101.1313639    2.29787    -1005.3     -464.0     -325.1     19.2     12.5     15.0 2023  9 14 16 29 41.08000183  0.0   1
     3139  -1.6400244  101.1309245    2.29067    -1054.2       70.1     -332.3     31.2     22.9     22.6 2023  9 14 16 29 46.22999954  0.0   1
     3140  -1.6408939  101.1426676    2.82527      252.5      -26.1      202.3      7.9      5.0      4.8 2023  9 14 16 29 52.25999832  0.0   1
     3141  -1.6420208  101.1441325    2.76603      415.5     -150.7      143.1      5.7      4.7      3.6 2023  9 14 16 32  8.39999962  0.0   1
     3142  -1.6426790  101.1440348    2.64139      404.5     -223.4       18.5      8.1      5.5      5.8 2023  9 14 16 32 17.73999977  0.0   1
     3143  -1.6387431  101.1549316    2.48019     1617.1      211.8     -142.8     18.7     18.3     15.7 2023  9 14 16 32 30.69000053  0.0   1
     3144  -1.6415536  101.1422201    2.80846      203.0      -99.0      185.5      9.3      5.6      4.9 2023  9 14 16 32 37.11000061  0.0   1
     3145  -1.6429516  101.1400635    2.90868      -37.0     -253.6      285.7     22.2      6.8      5.7 2023  9 14 16 32 59.11000061  0.0   1
     3146  -1.6383470  101.1491455    2.91823      973.4      255.6      295.3     14.8     10.8      6.8 2023  9 14 16 34 11.01000023  0.0   1
     3147  -1.6358582  101.1617432    2.10061     2375.6      530.8     -522.3     24.4     35.2     26.0 2023  9 14 16 34 40.43000031  0.0   1
     3148  -1.6411599  101.1493734    2.67063      999.1      -55.5       47.7      6.6      6.6      5.9 2023  9 14 16 34 47.56999969  0.0   1
     3149  -1.6390629  101.1516520    2.65597     1252.4      176.4       33.0     13.1     16.8      9.5 2023  9 14 16 34 58.79000092  0.0   1
     3150  -1.6460496  101.1274984    2.04193    -1435.5     -596.1     -581.0     24.7     23.8     22.7 2023  9 14 16 36 23.40999985  0.0   1
     3151  -1.6436211  101.1300212    2.40094    -1155.0     -327.6     -222.0     17.9     14.2     13.2 2023  9 14 16 38 46.27000046  0.0   1
     3152  -1.6383933  101.1498047    2.91380     1046.6      250.4      290.9     14.3     11.2      8.1 2023  9 14 16 39 22.14999962  0.0   1
     3153  -1.6403316  101.1448486    2.73523      495.6       36.1      112.3     13.4      9.4      7.6 2023  9 14 16 40 10.57999992  0.0   1
     3154  -1.6405366  101.1352132    2.73856     -577.2       13.4      115.6     13.8      9.7      6.2 2023  9 14 16 40 29.72999954  0.0   1
     3155  -1.6419339  101.1431478    2.80991      306.4     -141.1      187.0     12.2      7.2      7.1 2023  9 14 16 42 57.52000046  0.0   1
     3156  -1.6420143  101.1445475    2.66545      462.0     -150.0       42.5      8.4      6.2      5.4 2023  9 14 16 43 40.40999985  0.0   1
     3157  -1.6415493  101.1415365    2.81405      126.9      -98.5      191.1     15.0      7.2      6.5 2023  9 14 16 48 22.35000038  0.0   1
     3158  -1.6403180  101.1361898    2.85285     -467.7       37.6      229.9     18.8      9.4      9.3 2023  9 14 16 48 45.50999832  0.0   1
     3160  -1.6413596  101.1481201    2.74204      859.2      -77.5      119.1      7.6      6.5      4.3 2023  9 14 16 56  2.07999992  0.0   1
     3161  -1.6417681  101.1437500    2.80513      373.2     -122.7      182.2      9.3      6.7      5.4 2023  9 14 17  0 13.88000011  0.0   1
     3162  -1.6397647  101.1526693    2.18776     1365.7       98.8     -435.2     40.2     34.0     36.3 2023  9 14 17 16  3.20000005  0.0   1
     3163  -1.6417051  101.1434814    2.77834      342.8     -115.8      155.4     10.9      7.8      4.9 2023  9 14 17 16 12.60000038  0.0   1
     3164  -1.6431315  101.1398763    2.70812      -57.5     -273.5       85.2     23.0      9.5      9.2 2023  9 14 17 16 20.60000038  0.0   1
     3165  -1.6411767  101.1406738    2.84725       31.2      -57.3      224.3     13.2      8.8      7.0 2023  9 14 17 22 43.41999817  0.0   1
     3166  -1.6414186  101.1407389    2.85739       37.7      -84.1      234.5     16.0      7.6      7.6 2023  9 14 17 23  1.67999995  0.0   1
     3167  -1.6432257  101.1423096    2.73618      212.5     -283.9      113.2      9.9      6.7      6.4 2023  9 14 17 23  3.44000006  0.0   1
     3168  -1.6405182  101.1405599    2.88292       18.0       15.5      260.0     17.4      6.7      6.1 2023  9 14 17 23 38.47999954  0.0   1
     3169  -1.6424773  101.1378011    2.66380     -288.5     -201.2       40.9     16.5     11.9      9.9 2023  9 14 17 24 47.47999954  0.0   1
     3170  -1.6427188  101.1353109    2.44140     -566.0     -227.8     -181.5     16.2      9.6      8.4 2023  9 14 18  6 58.63999939  0.0   1
     3172  -1.6406595  101.1435465    2.70961      350.4       -0.1       86.7     15.3      9.7      8.7 2023  9 15 17 48 41.77999878  0.0   1
     3173  -1.6377878  101.1464518    2.93555      673.7      317.4      312.6     11.7     11.2      8.2 2023  9 15 17 50 48.40000153  0.0   1
     3174  -1.6389992  101.1497640    2.67741     1042.5      183.4       54.5     12.7     11.8      9.4 2023  9 15 17 51  9.39999962  0.0   1
     3175  -1.6403690  101.1439453    2.77102      395.1       32.0      148.1     11.1      8.9      6.8 2023  9 18  5 36 41.97999954  0.0   1
     3176  -1.6406537  101.1434408    2.72292      338.6        0.5      100.0     10.5      6.7      6.0 2023  9 18 16 33 14.22000027  0.0   1
     3177  -1.6385484  101.1491130    2.86418      970.2      233.3      241.2     13.2     11.5     10.0 2023  9 19 22 37 53.88000107  0.0   1
     3178  -1.6399923  101.1424072    2.84079      223.5       73.6      217.8      9.2      6.7      5.9 2023  9 20 20 41 28.63999939  0.0   1
     3179  -1.6396329  101.1437744    2.79715      375.7      113.4      174.2     16.1     10.9      9.3 2023  9 21  3 26 18.59000015  0.0   1
     3180  -1.6386669  101.1414388    2.82666      116.2      220.2      203.7     18.1     10.4     13.7 2023  9 21  3 26 48.38999939  0.0   1
     3181  -1.6391275  101.1439372    2.87041      394.0      169.3      247.5      7.8     10.0      8.1 2023  9 21  3 26 59.63000107  0.0   1
     3182  -1.6443483  101.1332601    2.19076     -793.9     -408.0     -432.2     27.4     19.4     20.3 2023  9 21  3 27 59.75000000  0.0   1
     3183  -1.6416995  101.1442627    2.51706      430.2     -115.1     -105.9      9.3      5.6      7.0 2023  9 21  3 28  2.72000003  0.0   1
     3184  -1.6406338  101.1456299    2.73540      581.9        2.7      112.5      8.8      6.5      6.7 2023  9 21  3 28 44.74000168  0.0   1
     3185  -1.6467894  101.1222168    0.39375    -2023.2     -678.0    -2229.2     42.1     47.7     90.5 2023  9 21  3 37 14.60999966  0.0   1
     3186  -1.6409103  101.1432699    2.97548      319.8      -27.9      352.5     15.8      9.1     14.1 2023  9 21  3 43  8.53999996  0.0   1
     3187  -1.6410072  101.1438232    2.76329      381.1      -38.6      140.3     13.0     10.5     11.2 2023  9 21  3 43 36.95999908  0.0   1
     3188  -1.6425322  101.1429606    3.03019      285.5     -207.2      407.3     24.5     13.4     10.6 2023  9 21  3 44 35.31000137  0.0   1
     3189  -1.6393298  101.1398600    2.86363      -59.4      146.9      240.7     29.1     11.6      8.1 2023  9 21  3 45  0.40000001  0.0   1
     3190  -1.6406722  101.1427572    2.69232      262.5       -1.5       69.4     10.4      9.6      7.0 2023  9 21  3 46 23.75000000  0.0   1
     3191  -1.6412629  101.1459066    2.64773      613.1      -66.9       24.8     12.6      6.6      8.2 2023  9 21  3 47 35.90000153  0.0   1
     3192  -1.6396295  101.1482910    2.68248      878.5      113.7       59.5     12.6     10.7     10.2 2023  9 21  3 47 45.47000122  0.0   1
     3193  -1.6408104  101.1444906    2.68968      455.1      -16.8       66.7     12.8      8.3      8.0 2023  9 21  3 50 10.31999969  0.0   1
     3194  -1.6381442  101.1433757    2.95264      331.5      278.0      329.7     11.5     15.0      8.2 2023  9 21  3 51 53.75000000  0.0   1
     3195  -1.6419664  101.1411784    2.77930       87.3     -144.6      156.4     17.7     12.5     11.5 2023  9 21  3 54 41.15999985  0.0   1
     3196  -1.6380967  101.1503581    2.68579     1108.4      283.2       62.8     10.6     11.5      8.8 2023  9 21  3 54 56.18999863  0.0   1
     3197  -1.6389139  101.1447021    2.90145      479.1      192.9      278.5     12.1      8.3      8.2 2023  9 21  3 55  2.20000005  0.0   1
     3198  -1.6369676  101.1497559    2.72210     1041.7      408.1       99.2     11.7     11.3      8.5 2023  9 21  3 57 10.92000008  0.0   1
     3200  -1.6408192  101.1674479    1.68872     3010.3      -17.8     -934.2     33.2     34.8     59.8 2023  9 21 18  0 24.65999985  0.0   1
     3202  -1.6440244  101.1397298    2.76897      -74.5     -372.2      146.0     33.9      9.8     10.2 2023  9 21 18  2 53.29999924  0.0   1
     3203  -1.6407351  101.1449707    2.61069      509.2       -8.5      -12.3      9.4      3.8      4.9 2023  9 21 18  3  1.86000001  0.0   1
     3204  -1.6420146  101.1464030    2.64377      668.6     -150.0       20.8     11.1      4.6      5.8 2023  9 21 18  3  6.84000015  0.0   1
     3206  -1.6398228  101.1478516    2.84455      829.6       92.4      221.6     13.0      9.2      7.4 2023  9 21 18  3 58.45999908  0.0   1
     3207  -1.6385779  101.1582031    2.07421     1981.6      230.0     -548.7     20.4     22.8     19.7 2023  9 21 18  4  4.84000015  0.0   1
     3208  -1.6411289  101.1436686    2.66110      364.3      -52.1       38.2      8.5      3.6      4.6 2023  9 21 18  4  8.68000031  0.0   1
     3209  -1.6406512  101.1500488    2.65820     1073.8        0.8       35.3     13.5     12.4      9.0 2023  9 21 18  5 31.94000053  0.0   1
     3210  -1.6432693  101.1423096    2.63202      212.6     -288.7        9.1     10.5      5.5      5.5 2023  9 21 18  5 48.38000107  0.0   1
     3211  -1.6478437  101.1245036    2.03386    -1768.7     -794.5     -589.1     19.3     17.6     19.5 2023  9 21 18  6 39.50000000  0.0   1
     3212  -1.6424664  101.1428467    2.92199      273.0     -199.9      299.0     10.8      6.5      5.0 2023  9 21 18 40 21.60000038  0.0   1
     3213  -1.6413525  101.1438395    2.78380      383.2      -76.8      160.9     14.5     10.3      6.6 2023  9 28  7  5  1.83000004  0.0   1
     3214  -1.6386576  101.1451335    2.87412      527.2      221.2      251.2      8.1      7.4      5.7 2023  9 28  7 39  3.82999992  0.0   1
     3215  -1.6420015  101.1421631    2.75818      196.7     -148.5      135.2     18.8      7.9      6.8 2023  9 28  7 40  2.51999998  0.0   1
     3216  -1.6403451  101.1471029    2.60366      746.0       34.6      -19.3      8.6      6.2      5.2 2023  9 28  7 55 56.93999863  0.0   1
     3217  -1.6417833  101.1425049    2.74145      234.4     -124.4      118.5      7.7      4.7      3.7 2023  9 28  7 56  5.48999977  0.0   1
     3218  -1.6417466  101.1442952    2.72508      433.4     -120.4      102.1     11.3      5.4      4.2 2023  9 28  7 56 11.47999954  0.0   1
     3219  -1.6390764  101.1424805    3.06699      231.9      174.9      444.0     14.4      7.9      7.3 2023  9 28  7 57 46.27000046  0.0   1
     3220  -1.6418134  101.1442871    2.62039      432.5     -127.7       -2.6     11.4      5.3      5.8 2023  9 28  7 59 35.90000153  0.0   1
     3221  -1.6422209  101.1393799    2.54546     -112.8     -172.8      -76.5     20.3      5.5      5.8 2023  9 28  8  1 35.72000122  0.0   1
     3222  -1.6404888  101.1472738    2.59100      765.6       18.7      -31.9      6.1      7.5      6.7 2023  9 28  8  2  3.35999990  0.0   1
     3223  -1.6412462  101.1435384    2.76510      349.8      -65.0      142.2      7.9      5.1      5.0 2023  9 28  8  2 40.31000137  0.0   1
     3224  -1.6409786  101.1463135    2.58965      658.1      -35.4      -33.3      7.1      3.8      3.5 2023  9 28  8  7 49.70999908  0.0   1
     3225  -1.6412354  101.1443685    2.75180      441.5      -63.8      128.9      7.8      3.9      4.6 2023  9 28  8 13  6.84000015  0.0   1
     3226  -1.6397135  101.1464111    2.72283      668.8      104.5       99.9      8.6      4.7      4.1 2023  9 28  8 15 50.84999847  0.0   1
     3227  -1.6399684  101.1460938    2.60221      633.8       76.3      -20.7      6.6      5.5      5.6 2023  9 28  8 15 58.18999863  0.0   1
     3228  -1.6433648  101.1453857    2.74798      555.2     -299.3      125.0     11.7      8.7      5.3 2023  9 28  8 17  0.49000001  0.0   1
     3229  -1.6412650  101.1437337    2.67924      371.3      -67.1       56.3     12.4      7.5      5.4 2023  9 28  8 17 24.29000092  0.0   1
     3230  -1.6397513  101.1451742    2.82722      531.8      100.3      204.3     11.8      8.9      6.9 2023  9 28  8 19 49.29999924  0.0   1
     3231  -1.6418214  101.1411947    2.75284       88.4     -128.6      129.9     12.1      8.4      5.6 2023  9 28  8 20 55.52000046  0.0   1
     3232  -1.6409267  101.1442301    2.78579      426.5      -29.7      162.8      6.2      4.5      4.2 2023  9 28  8 26 42.88000107  0.0   1
     3233  -1.6421459  101.1453044    2.71899      546.4     -164.5       96.0      6.4      4.1      3.9 2023  9 28  8 26 46.84000015  0.0   1
     3234  -1.6415455  101.1435221    2.83521      347.6      -98.1      212.3      8.1      5.8      5.1 2023  9 28  8 27  2.09999990  0.0   1
     3235  -1.6417004  101.1435384    2.61808      349.4     -115.2       -4.9     10.9      5.2      5.5 2023  9 28  8 29 31.02000046  0.0   1
     3236  -1.6410315  101.1425700    2.76808      242.2      -41.3      145.1     15.7      6.7      5.7 2023  9 28  8 33 52.38000107  0.0   1
     3237  -1.6412484  101.1425618    2.75586      241.2      -65.3      132.9      7.1      4.5      4.7 2023  9 28  8 34 52.70000076  0.0   1
     3238  -1.6414740  101.1430420    2.80476      294.7      -90.2      181.8      4.7      3.6      3.2 2023  9 28  8 35 23.65999985  0.0   1
     3239  -1.6402883  101.1456299    2.63925      582.0       40.9       16.3      5.1      5.7      4.9 2023  9 28  8 35 37.04000092  0.0   1
     3240  -1.6412000  101.1430420    2.80960      294.4      -59.9      186.7     20.8     14.3      8.3 2023  9 28  8 36  6.26000023  0.0   1
     3241  -1.6413757  101.1428223    2.69412      270.0      -79.3       71.2      6.9      4.0      3.8 2023  9 28  8 36  9.26000023  0.0   1
     3242  -1.6431952  101.1465169    2.69944      680.7     -280.5       76.5      6.3      4.5      4.0 2023  9 28  8 36 18.69000053  0.0   1
     3243  -1.6422869  101.1396647    2.86868      -81.2     -180.1      245.7     10.5      7.3      6.4 2023  9 28  8 36 33.70999908  0.0   1
     3244  -1.6422854  101.1430013    2.69991      289.3     -179.9       77.0      9.9      5.8      5.4 2023  9 28  8 36 39.86999893  0.0   1
     3245  -1.6434939  101.1442708    2.51384      431.4     -313.6     -109.1     11.2      6.9      6.6 2023  9 28  8 37 37.74000168  0.0   1
     3246  -1.6413489  101.1424072    2.83417      223.6      -76.4      211.2     10.4      5.1      4.9 2023  9 28  8 37 40.75999832  0.0   1
     3247  -1.6411064  101.1425537    2.87516      240.3      -49.6      252.2     13.0      4.9      5.2 2023  9 28  8 38  9.71000004  0.0   1
     3248  -1.6416609  101.1438721    2.71392      386.6     -110.9       91.0     12.2      5.5      6.5 2023  9 28  8 39  3.31999993  0.0   1
     3249  -1.6425030  101.1437663    2.77242      375.2     -204.0      149.5     10.5      3.6      4.0 2023  9 28  8 39 16.25000000  0.0   1
     3250  -1.6431405  101.1380452    2.72941     -261.6     -274.5      106.5     10.5      8.1      6.7 2023  9 28  8 39 29.69000053  0.0   1
     3251  -1.6416086  101.1425944    2.87148      244.4     -105.1      248.5      7.8      4.0      3.7 2023  9 28  8 40 15.93999958  0.0   1
     3252  -1.6412888  101.1446859    2.74523      476.9      -69.7      122.3      9.0      4.2      4.8 2023  9 28  8 40 38.47999954  0.0   1
     3253  -1.6428033  101.1428548    2.71600      273.6     -237.2       93.1      9.1      4.9      4.4 2023  9 28  8 40 41.38000107  0.0   1
     3254  -1.6426050  101.1445475    2.81119      461.6     -215.3      188.2     10.8      4.7      5.6 2023  9 28  8 41  2.16000009  0.0   1
     3255  -1.6423336  101.1471354    2.60048      749.6     -185.3      -22.5      7.0      5.8      6.0 2023  9 28  8 41 20.87999916  0.0   1
     3256  -1.6414827  101.1426921    2.81333      255.4      -91.2      190.4      8.4      5.2      4.5 2023  9 28  8 41 55.04999924  0.0   1
     3257  -1.6408763  101.1474528    2.83591      785.1      -24.1      213.0     11.0      9.0      8.1 2023  9 28  8 42 14.56999969  0.0   1
     3258  -1.6403116  101.1426758    2.77897      253.5       38.3      156.0     12.5      9.3      7.8 2023  9 28  8 42 19.54999924  0.0   1
     3259  -1.6431814  101.1461019    2.63559      634.7     -279.0       12.6      6.3      8.5      7.7 2023  9 28  8 43 54.72999954  0.0   1
     3260  -1.6429139  101.1437012    2.62746      367.5     -249.4        4.5      8.1      7.7      6.9 2023  9 28  8 44 16.90999985  0.0   1
     3261  -1.6413712  101.1421224    2.91397      191.6      -78.8      291.0     10.8      7.0      6.0 2023  9 28  8 44 28.37999916  0.0   1
     3262  -1.6416433  101.1426514    2.85995      251.2     -108.9      237.0      9.7      3.6      3.9 2023  9 28  8 47 19.86000061  0.0   1
     3263  -1.6416330  101.1437093    2.70270      368.9     -107.8       79.8     13.8      5.3      6.0 2023  9 28  8 47 33.06999969  0.0   1
     3264  -1.6450359  101.1408040    2.60352       45.4     -484.1      -19.4     29.2      8.9      9.0 2023  9 28  8 51 42.25999832  0.0   1
     3265  -1.6416501  101.1405518    2.86806       17.3     -109.7      245.1     10.3      4.8      3.7 2023  9 28  8 59 46.52999878  0.0   1
     3266  -1.6419627  101.1427327    2.70020      260.0     -144.2       77.3     12.0      4.2      4.1 2023  9 28  9  4 21.27000046  0.0   1
     3267  -1.6415009  101.1409180    2.80146       57.5      -93.2      178.5      8.2      5.1      4.3 2023  9 28  9  5 15.84000015  0.0   1
     3268  -1.6418928  101.1430501    2.78103      294.9     -136.5      158.1      6.9      4.7      4.4 2023  9 28  9 10 20.37000084  0.0   1
     3269  -1.6446251  101.1370361    2.63461     -374.1     -438.6       11.7     27.7     14.6     11.9 2023  9 28  9 17 17.36000061  0.0   1
     3270  -1.6409658  101.1437988    2.76912      378.3      -34.0      146.2     15.2      8.6      8.5 2023 10  5  7 35 44.90999985  0.0   1
     3271  -1.6107681  101.1294352    2.41450    -1219.5     3305.1     -208.4     30.6     29.7     19.9 2023 10  8  0 46  1.73000002  0.0   1
     3272  -1.6124224  101.1275879    2.30268    -1425.7     3122.1     -320.3     30.0     29.2     20.0 2023 10  8  0 46 50.84000015  0.0   1
     3273  -1.6393531  101.1433757    2.90458      331.6      144.3      281.6     10.5     13.7      7.6 2023 10  9 12  0 57.20999908  0.0   1
     3274  -1.6386009  101.1532227    2.57462     1427.3      227.5      -48.3     13.9     14.1     10.4 2023 10  9 13 10 28.75000000  0.0   1
     3275  -1.6429415  101.1482178    2.33453      870.3     -252.5     -288.4      9.7      8.0      6.4 2023 10 10  8 52 47.47999954  0.0   1
     3276  -1.6413909  101.1468669    2.86118      720.3      -81.0      238.2     11.4     10.8      7.9 2023 10 12  2  8 51.72999954  0.0   1
     3277  -1.6425560  101.1411296    2.52763       81.1     -209.8      -95.3     15.8      6.5      7.9 2023 10 12  2 25 53.88999939  0.0   1
     3278  -1.6458848  101.1431152    2.54548      302.5     -577.9      -77.5     27.6     10.0     12.3 2023 10 12  2 26 44.36999893  0.0   1
     3279  -1.6435937  101.1392822    2.74972     -124.4     -324.6      126.8     35.2     11.0     13.4 2023 10 12  7 33 35.72000122  0.0   1
     3280  -1.6395794  101.1422282    2.86057      203.6      119.3      237.6     17.4      8.6      7.6 2023 10 12  7 35 26.72999954  0.0   1
     3281  -1.6389507  101.1441081    2.92851      413.1      188.8      305.6     11.9      8.8      5.7 2023 10 12  7 44 21.15999985  0.0   1
     3282  -1.6416574  101.1421468    2.76261      194.3     -110.5      139.7     16.9     13.4      9.9 2023 10 14  8 24 30.54000092  0.0   1
     3283  -1.6432446  101.1446208    2.69140      469.8     -286.0       68.5     14.1     12.0      7.5 2023 10 14 10 32 46.22999954  0.0   1
     3284  -1.6411983  101.1434814    2.80907      343.6      -59.7      186.1     12.7      8.7      6.2 2023 10 14 16 31 41.02000046  0.0   1
     3285  -1.6422362  101.1413330    2.71925      104.3     -174.5       96.3     18.7      6.5      8.9 2023 10 17  8 13 56.77000046  0.0   1
     3286  -1.6441055  101.1352214    2.82712     -576.1     -381.2      204.2     20.0      9.0      7.8 2023 10 17  9  1 32.40999985  0.0   1
     3288  -1.6439045  101.1493815    2.99337      999.3     -359.0      370.4     52.2     33.9     33.3 2023 10 18 14 21 34.95000076  0.0   1
