     2719  -1.6438129  101.1412516    3.49600       95.3     -348.8      873.1    256.8    164.9    153.7 2023  1  3  3 43 21.02000046  0.0   1
     2720  -1.6388734  101.1497070    3.55421     1036.1      197.4      931.3    220.4    177.1    117.5 2023  1  3  3 52  5.73000002  0.0   1
     2721  -1.6346451  101.1446289    2.86212      470.7      664.9      239.2    170.8    131.2    124.0 2023  1  3  3 52 21.03000069  0.0   1
     2722  -1.6407883  101.1357910    2.96882     -512.2      -14.4      345.9    234.0    130.3    115.6 2023  1  3  3 52 34.75000000  0.0   1
     2723  -1.6366213  101.1461426    2.94321      639.6      446.4      320.3    690.3    241.8    139.9 2023  1  3  4  2 20.45000076  0.0   1
     2724  -1.6361928  101.1461751    2.75526      643.0      493.8      132.3    110.6    120.1     80.7 2023  1  4 20 11 39.40000153  0.0   1
     2725  -1.6430084  101.1403890    2.70287       -1.1     -259.9       79.9    292.0    112.6    146.5 2023  1  4 20 16 15.53999996  0.0   1
     2726  -1.6438162  101.1358073    2.85662     -510.5     -349.2      233.7    203.1    143.5    158.9 2023  1  4 20 17  9.68000031  0.0   1
     2727  -1.6487136  101.1280680    2.77732    -1372.0     -890.7      154.4    386.0    243.7    373.7 2023  1  4 20 18 22.71999931  0.0   1
     2729  -1.6602394  101.1336751    3.16086     -747.7    -2165.2      537.9    253.8    148.1    168.5 2023  1 11 13 28 50.43999863  0.0   1
     2734  -1.6428783  101.1377686    3.08654     -292.9     -245.5      463.6    297.1    150.8    146.9 2023  1 20 18 30  0.36000001  0.0   1
     2735  -1.6419017  101.1274577    3.08452    -1439.6     -137.5      461.6    184.4    112.4    102.4 2023  1 20 19 10 25.45999908  0.0   1
     2736  -1.6371696  101.1451090    2.59515      524.6      385.7      -27.8    110.9    107.0     94.6 2023  1 20 19 10 36.45999908  0.0   1
     2737  -1.6380744  101.1436605    2.54020      363.2      285.7      -82.7    151.7    113.9    105.6 2023  1 20 19 11 19.44000053  0.0   1
     2738  -1.6365420  101.1395264    3.27028      -96.6      455.1      647.3    270.4    158.0    110.7 2023  1 20 19 11 38.47999954  0.0   1
     2739  -1.6369397  101.1421875    2.55431      198.9      411.2      -68.6    165.5    118.7    101.3 2023  1 20 19 11 46.86000061  0.0   1
     2740  -1.6367764  101.1372884    2.59677     -346.0      429.2      -26.2    163.6    109.2     99.6 2023  1 20 19 12  2.07999992  0.0   1
     2741  -1.6363394  101.1413737    3.12589      109.1      477.5      502.9    167.4    137.6    107.7 2023  1 20 19 12 14.30000019  0.0   1
     2742  -1.6427952  101.1451823    2.80327      532.7     -236.3      180.3    282.5    181.8    184.4 2023  1 20 19 12 27.89999962  0.0   1
     2743  -1.6350613  101.1440755    2.95743      409.0      618.9      334.5    132.1    126.7     81.3 2023  1 20 19 12 41.43999863  0.0   1
     2744  -1.6332345  101.1445150    3.51480      458.5      820.9      891.9    227.3    151.9    104.6 2023  1 20 19 12 45.20000076  0.0   1
     2745  -1.6368192  101.1426921    3.48351      255.2      424.5      860.6    255.7    160.5    117.9 2023  1 20 19 12 58.77999878  0.0   1
     2746  -1.6419103  101.1449137    3.42300      503.0     -138.5      800.1    184.0    139.4    107.8 2023  1 20 19 13  8.81999969  0.0   1
     2747  -1.6428342  101.1366943    2.86681     -411.7     -240.6      243.9    224.4    102.5     93.4 2023  1 20 19 13 21.52000046  0.0   1
     2748  -1.6395175  101.1304606    2.75312    -1105.4      126.1      130.2    155.8    128.5     79.7 2023  1 20 19 13 50.47999954  0.0   1
     2749  -1.6434906  101.1234945    1.99301    -1880.9     -313.2     -629.9    263.3    164.0    348.0 2023  1 20 19 13 59.40000153  0.0   1
     2750  -1.6417241  101.1390055    1.93350     -155.0     -117.9     -689.4    523.0    197.6    191.4 2023  1 20 19 14 14.26000023  0.0   1
     2751  -1.6383277  101.1439779    3.42094      398.2      257.7      798.0    178.9    147.3    121.9 2023  1 20 19 14 47.25999832  0.0   1
     2752  -1.6493050  101.1407227    3.63422       36.2     -956.1     1011.3    550.0    313.9    335.2 2023  1 20 19 14 50.77999878  0.0   1
     2753  -1.6363201  101.1405355    3.33814       15.1      479.7      715.2    237.1    194.1    123.0 2023  1 20 19 15  4.05999994  0.0   1
     2754  -1.6374804  101.1442546    2.80122      429.1      351.4      178.3     96.9    137.7    111.9 2023  1 20 19 15 37.75999832  0.0   1
     2755  -1.6346345  101.1434652    2.65280      341.5      666.1       29.9    134.8    117.6     86.4 2023  1 20 19 15 47.91999817  0.0   1
     2756  -1.6369012  101.1468994    2.77757      723.6      415.4      154.6    137.3    151.1    105.7 2023  1 20 19 16  4.34000015  0.0   1
     2757  -1.6442513  101.1378988    2.85930     -277.7     -397.3      236.4    263.0    153.9    146.8 2023  1 20 19 16 23.39999962  0.0   1
     2758  -1.6378735  101.1469320    3.11785      727.0      307.9      494.9    204.4    127.9    116.1 2023  1 20 19 16 33.02000046  0.0   1
     2759  -1.6374126  101.1442301    2.94772      426.7      358.9      324.8    137.8    158.3    102.1 2023  1 20 19 16 54.11999893  0.0   1
     2760  -1.6358209  101.1496745    3.14119     1032.7      534.9      518.2    146.2    136.6    130.2 2023  1 20 19 17 18.65999985  0.0   1
     2761  -1.6357115  101.1447835    3.12708      488.0      547.0      504.1    160.3    124.8    102.0 2023  1 20 19 17 23.44000053  0.0   1
     2762  -1.6384576  101.1448568    2.60847      496.4      243.3      -14.5    164.8    102.8    136.5 2023  1 20 19 17 53.41999817  0.0   1
     2763  -1.6385423  101.1204997    1.61349    -2213.8      234.0    -1009.5    134.3    168.5    197.7 2023  1 20 19 17 59.56000137  0.0   1
     2764  -1.6320058  101.1520508    3.08168     1296.6      956.7      458.7    209.2    175.8    129.8 2023  1 20 19 18 19.47999954  0.0   1
     2765  -1.6471469  101.1531250    4.11734     1416.3     -717.5     1494.4    297.9    151.3    215.2 2023  1 20 19 18 31.20000076  0.0   1
     2766  -1.6397680  101.1380697    3.01154     -259.2       98.4      388.6    253.9    139.4    118.5 2023  1 20 19 18 39.00000000  0.0   1
     2767  -1.6396125  101.1408203    3.22631       47.3      115.6      603.4    219.5    150.9    122.9 2023  1 20 19 20 12.10000038  0.0   1
     2768  -1.6395253  101.1384440    3.14327     -217.7      125.3      520.3    213.3    140.5    108.1 2023  1 20 19 20 39.81999969  0.0   1
     2769  -1.6418826  101.1415771    3.33762      131.6     -135.4      714.7    249.2    159.3    139.3 2023  1 20 19 21  7.40000010  0.0   1
     2770  -1.6391659  101.1433838    3.07404      332.0      165.0      451.1    156.6    109.2     90.1 2023  1 20 19 21 18.81999969  0.0   1
     2771  -1.6388246  101.1473145    2.91420      769.3      202.7      291.3    199.3    121.8     92.7 2023  1 20 19 21 59.91999817  0.0   1
     2772  -1.6422727  101.1460612    4.11395      630.3     -178.5     1491.0    238.2    214.5    140.4 2023  1 20 19 22 12.19999981  0.0   1
     2773  -1.6387019  101.1567301    2.65160     1817.8      216.3       28.7    222.0    162.5    189.0 2023  1 20 19 22 39.93999863  0.0   1
     2774  -1.6407534  101.1375244    3.45281     -319.8      -10.5      829.9    249.4    155.2    121.4 2023  1 20 19 22 45.40000153  0.0   1
     2775  -1.6431393  101.1309001    2.87222    -1056.5     -274.3      249.3    180.3    127.4     80.4 2023  1 20 19 23  1.05999994  0.0   1
     2776  -1.6461180  101.1503418    2.28244     1106.4     -603.7     -340.5    214.3     99.4    184.0 2023  1 20 19 23  6.86000013  0.0   1
     2777  -1.6402227  101.1381185    2.71483     -253.3       48.2       91.9    131.9    115.4     94.5 2023  1 20 19 24 26.95999908  0.0   1
     2778  -1.6472677  101.1267334    2.47414    -1520.4     -730.8     -148.8    374.7    266.9    363.0 2023  1 20 19 24 30.94000053  0.0   1
     2779  -1.6487503  101.1462565    2.88839      652.4     -894.8      265.4    724.3    258.5    164.8 2023  1 20 19 24 45.20000076  0.0   1
     2780  -1.6463374  101.1466553    2.11272      696.7     -628.0     -510.2    306.3    141.6    174.1 2023  1 20 19 24 52.18000031  0.0   1
     2782  -1.6372589  101.1484294    2.70141      893.6      375.9       78.5    170.2    128.8    114.2 2023  1 20 19 25 16.07999992  0.0   1
     2783  -1.6505414  101.1238037    1.56887    -1846.9    -1092.8    -1054.1    230.7    152.6    327.5 2023  1 20 19 26 19.50000000  0.0   1
     2784  -1.6348006  101.1516113    2.98748     1248.1      647.7      364.5    259.6    212.6    182.9 2023  1 20 19 26 40.24000168  0.0   1
     2785  -1.6430491  101.1441813    3.94659      421.4     -264.4     1323.7    271.7    180.0    154.2 2023  1 20 19 26 53.72000122  0.0   1
     2786  -1.6449603  101.1405518    2.50786       17.1     -475.7     -115.1    273.4    147.5    148.6 2023  1 20 19 28  3.14000010  0.0   1
     2787  -1.6405964  101.1418376    2.70683      160.1        6.8       83.9    189.9     97.1     83.9 2023  1 20 19 28 27.34000015  0.0   1
     2788  -1.6394881  101.1450195    3.09587      514.6      129.4      472.9    143.2    144.4    127.8 2023  1 20 19 28 29.31999969  0.0   1
     2789  -1.6423955  101.1334554    2.59597     -772.5     -192.1      -27.0    260.0    186.5    211.3 2023  1 20 19 28 39.91999817  0.0   1
     2790  -1.6473300  101.1390951    3.32631     -144.8     -737.7      703.4    259.7    136.5    147.2 2023  1 20 19 29 12.73999977  0.0   1
     2791  -1.6442590  101.1409261    2.78031       58.7     -398.2      157.4    274.5    122.6    141.4 2023  1 20 19 29 38.18000031  0.0   1
     2792  -1.6419018  101.1483805    2.82659      888.0     -137.5      203.6    152.5    126.2    110.6 2023  1 20 19 30 28.65999985  0.0   1
     2793  -1.6403669  101.1442708    2.83424      431.0       32.2      211.3    161.9    107.9    109.6 2023  1 20 19 30 43.77999878  0.0   1
     2794  -1.6483944  101.1284831    2.15993    -1325.3     -855.4     -463.0    213.3    138.6    213.8 2023  1 20 19 30 58.61999893  0.0   1
     2795  -1.6367345  101.1525798    2.39719     1356.0      433.9     -225.8    302.2    258.6    219.4 2023  1 20 19 31  4.38000011  0.0   1
     2796  -1.6447341  101.1340983    2.16889     -701.1     -450.7     -454.1    359.6    181.2    116.5 2023  1 20 19 31  9.84000015  0.0   1
     2797  -1.6452005  101.1432129    2.95294      313.5     -502.3      330.0    208.9    125.1    141.4 2023  1 20 19 31 49.70000076  0.0   1
     2798  -1.6406133  101.1497965    3.26010     1046.2        5.0      637.2    185.6    114.7    124.3 2023  1 20 19 32  3.83999991  0.0   1
     2799  -1.6414369  101.1477376    2.73613      817.0      -86.1      113.2    166.0    101.9    128.0 2023  1 20 19 32  9.02000046  0.0   1
     2800  -1.6395929  101.1399251    2.84191      -52.7      117.8      219.0    221.1    124.7    109.9 2023  1 20 19 32 20.89999962  0.0   1
     2801  -1.6416781  101.1385010    2.80593     -211.3     -112.8      183.0    238.7    103.6    101.2 2023  1 20 19 32 52.88000107  0.0   1
     2802  -1.6416842  101.1430990    2.61140      300.7     -113.5      -11.5    155.3    114.0    118.7 2023  1 20 19 32 59.25999832  0.0   1
     2803  -1.6412584  101.1411458    2.97218       83.2      -66.4      349.2    244.5    124.5     91.8 2023  1 20 19 33  9.80000019  0.0   1
     2804  -1.6471658  101.1320719    2.56893     -926.6     -719.6      -54.0    215.7    124.4    154.9 2023  1 20 19 33 34.56000137  0.0   1
     2805  -1.6392473  101.1518636    2.97386     1276.1      156.0      350.9    135.4    143.5    128.5 2023  1 20 19 33 48.00000000  0.0   1
     2806  -1.6444272  101.1485026    3.19240      902.1     -416.8      569.5    204.2    120.6    123.4 2023  1 20 19 33 53.97999954  0.0   1
     2807  -1.6422039  101.1432617    2.81735      319.0     -170.9      194.4    171.2    151.3    129.2 2023  1 20 19 34 15.69999981  0.0   1
     2808  -1.6423712  101.1288574    1.82510    -1284.4     -189.4     -797.8    147.2    114.9    150.7 2023  1 20 19 34 33.22000122  0.0   1
     2809  -1.6484403  101.1357422    2.74069     -517.9     -860.5      117.7    368.9    193.4    214.9 2023  1 20 19 34 48.20000076  0.0   1
     2810  -1.6416300  101.1401042    2.39185      -32.2     -107.5     -231.1    138.9    133.3    126.9 2023  1 20 19 34 58.11999893  0.0   1
     2811  -1.6417231  101.1417236    3.47640      147.7     -117.8      853.5    210.3    147.0    126.1 2023  1 20 19 35 21.10000038  0.0   1
     2812  -1.6434601  101.1377035    2.84139     -299.8     -309.8      218.4    191.6    128.0    124.8 2023  1 20 19 35 48.25999832  0.0   1
     2813  -1.6367589  101.1455566    2.70430      574.4      431.1       81.4    111.6    122.3    111.7 2023  1 20 19 36 32.65999985  0.0   1
     2814  -1.6403522  101.1439046    3.14986      390.7       33.8      526.9    190.8    150.1    100.6 2023  1 20 19 36 50.90000153  0.0   1
     2815  -1.6377878  101.1432699    2.77750      319.4      317.4      154.6    227.4    108.6    130.2 2023  1 20 19 43 50.43999863  0.0   1
     2816  -1.6370766  101.1427490    3.35950      261.6      396.0      736.6    193.5    163.0    108.3 2023  1 20 19 43 54.97999954  0.0   1
     2817  -1.6391944  101.1441813    2.97813      421.0      161.9      355.2    207.1    147.8    126.1 2023  1 20 19 49 56.54000092  0.0   1
     2818  -1.6382318  101.1322428    3.32089     -907.3      268.3      697.9    236.9    138.3    121.7 2023  1 20 19 53 30.76000023  0.0   1
     2819  -1.6391911  101.1395264    2.91367      -96.7      162.2      290.7    208.1    123.8     89.1 2023  1 20 19 57 15.27999973  0.0   1
     2820  -1.6390188  101.1485596    2.61668      908.4      181.3       -6.3    233.0    168.9    137.4 2023  1 20 19 57 23.65999985  0.0   1
     2821  -1.6345462  101.1483968    2.98338      890.2      675.8      360.4    206.3    163.9    103.7 2023  1 20 20 23  4.65999985  0.0   1
     2822  -1.6373985  101.1419759    3.16261      175.8      360.4      539.7    214.8    139.3    103.0 2023  1 21  1 56 37.25000000  0.0   1
     2823  -1.6446562  101.1481283    2.90823      860.5     -442.1      285.3    181.6    122.5    119.3 2023  1 30 17 30  4.76000023  0.0   1
     2824  -1.6458116  101.1363851    2.89178     -446.4     -569.8      268.8    159.9    116.4    119.4 2023  1 30 17 30 40.74000168  0.0   1
     2825  -1.6460696  101.1202718    1.61110    -2239.7     -598.4    -1011.8    238.8    177.5    358.0 2023  2 18 22 35 10.69999981  0.0   1
     2826  -1.6459380  101.1431559    3.16346      306.9     -583.8      540.5    211.4    114.9    152.5 2023  2 18 22 38 25.92000008  0.0   1
     2827  -1.6450671  101.1366536    2.86456     -416.5     -487.5      241.6    183.3    114.6    114.0 2023  2 18 22 38 33.40000153  0.0   1
     2828  -1.6493778  101.1266439    1.68527    -1530.6     -964.2     -937.7    304.9    216.9    424.7 2023  2 18 22 39  5.48000002  0.0   1
     2829  -1.6442576  101.1290039    2.14723    -1267.7     -398.0     -475.7    176.6    123.1    187.4 2023  2 26 15 14 57.77000046  0.0   1
     2830  -1.6495150  101.1310710    2.16910    -1038.2     -979.3     -453.8    150.5    121.1    122.8 2023  2 27 22 34 11.93999958  0.0   1
     2831  -1.6421750  101.1430990    2.98474      300.2     -167.7      361.8    228.6    135.0    112.6 2023  2 27 22 34 17.97999954  0.0   1
     2832  -1.6505700  101.1326416    2.43573     -862.7    -1096.0     -187.2    194.0    154.6    158.0 2023  2 27 22 34 39.31999969  0.0   1
     2833  -1.6460238  101.1329020    2.68901     -834.3     -593.3       66.1    160.8    104.9     84.2 2023  2 27 22 34 42.22000122  0.0   1
     2834  -1.6391563  101.1396729    2.49407      -80.6      166.1     -128.9    173.9     90.4    101.5 2023  3  8  4 53 44.11000061  0.0   1
     2835  -1.6429146  101.1369710    3.01982     -381.6     -249.5      396.9    221.9    122.7    112.9 2023  3 12 23 29 24.12000084  0.0   1
     2836  -1.6416410  101.1353597    3.11901     -560.4     -108.7      496.1    208.3    125.0     93.8 2023  3 19 14 58 26.79999924  0.0   1
     2837  -1.6446135  101.1437826    3.14488      376.8     -437.4      521.9    182.5    122.9    111.6 2023  3 19 14 58 27.35000038  0.0   1
     2838  -1.6434933  101.1446126    3.07237      469.2     -313.5      449.4    169.9    128.1    124.2 2023  3 19 14 58 41.38999939  0.0   1
     2839  -1.6401728  101.1347575    3.20470     -627.6       53.7      581.8    250.8    140.1    104.2 2023  3 19 14 59  5.11999989  0.0   1
     2840  -1.6414397  101.1319906    3.07372     -935.2      -86.4      450.8    172.4    115.3     82.6 2023  3 19 15  0 56.34000015  0.0   1
     2841  -1.6413897  101.1452718    3.04071      542.2      -80.9      417.8    163.4    126.3     94.6 2023  3 19 15  7 48.63000107  0.0   1
     2842  -1.6379206  101.1461751    3.01968      643.1      302.7      396.7    159.1    143.3    102.0 2023  3 19 15  8  6.13999987  0.0   1
     2843  -1.6428233  101.1454427    2.51899      561.6     -239.4     -104.0    144.3     95.8    138.7 2023  3 19 15  8 45.77000046  0.0   1
     2844  -1.6429914  101.1491943    2.25952      978.6     -258.0     -363.4    168.2     95.5    173.3 2023  3 19 15 10  1.89999998  0.0   1
     2845  -1.6390926  101.1441162    3.40631      413.9      173.1      783.4    206.8    147.9    116.0 2023  3 19 15 10 17.05999947  0.0   1
     2846  -1.6470270  101.1405436    3.30114       16.4     -704.2      678.2    243.4    156.0    153.9 2023  3 19 15 10 42.45999908  0.0   1
     2847  -1.6419983  101.1509033    3.68712     1169.4     -148.2     1064.2    154.0    214.2    154.5 2023  3 19 15 12  7.92000008  0.0   1
     2848  -1.6444182  101.1389974    3.31261     -155.9     -415.8      689.7    262.9    143.7    139.8 2023  3 19 15 12 41.66999817  0.0   1
     2849  -1.6436162  101.1420166    3.15370      179.8     -327.1      530.8    192.8    137.0    124.9 2023  3 19 15 13  3.02999997  0.0   1
     2850  -1.6465612  101.1405843    3.33074       21.2     -652.7      707.8    262.5    160.8    153.9 2023  3 19 15 13 29.22999954  0.0   1
     2851  -1.6470310  101.1416504    3.52068      139.7     -704.7      897.7    453.5    204.6    193.2 2023  3 19 15 14 14.53999996  0.0   1
     2852  -1.6434113  101.1280680    2.43759    -1371.5     -304.4     -185.4    130.6    141.5    111.4 2023  3 19 15 14 23.75000000  0.0   1
     2853  -1.6435656  101.1397217    2.66936      -74.8     -321.5       46.4    135.4    102.9    101.9 2023  3 19 15 17  0.95999998  0.0   1
     2854  -1.6453050  101.1415120    2.55290      124.0     -513.8      -70.0    181.3    114.2    142.5 2023  3 19 15 17 15.43000031  0.0   1
     2855  -1.6432212  101.1370605    2.55037     -371.5     -283.4      -72.6    176.3     85.3    127.6 2023  3 19 15 17 23.26000023  0.0   1
     2856  -1.6451955  101.1325195    2.90897     -877.0     -501.7      286.0    188.3    119.9     99.0 2023  3 19 15 17 27.55999947  0.0   1
     2857  -1.6425215  101.1348145    2.35806     -620.9     -206.0     -264.9    203.2    113.8    167.0 2023  3 19 15 17 37.34000015  0.0   1
     2858  -1.6443026  101.1436768    2.69448      365.0     -403.0       71.5    131.5    131.0    111.0 2023  3 30 10 37 55.43000031  0.0   1
     2859  -1.6423313  101.1460612    2.91343      629.8     -185.0      290.5    135.0    126.3    131.9 2023  3 30 10 38 31.47999954  0.0   1
     2860  -1.6463422  101.1295817    2.67923    -1203.1     -628.5       56.3    241.7    135.4    239.0 2023  3 30 10 38 50.88000107  0.0   1
     2861  -1.6442244  101.1422282    3.29143      203.5     -394.3      668.5    225.7    155.4    135.8 2023  3 30 10 38 55.63999939  0.0   1
     2862  -1.6432907  101.1423014    2.44935      212.0     -291.1     -173.6    122.7    116.2    114.1 2023  3 30 10 39 42.11999893  0.0   1
     2863  -1.6433428  101.1375488    3.45514     -317.1     -296.8      832.2    213.2    133.5    109.7 2023  3 30 10 39 48.84999847  0.0   1
     2864  -1.6418120  101.1426270    2.63181      248.4     -127.6        8.9    135.1     91.5     95.4 2023  3 30 10 40  7.73999977  0.0   1
     2865  -1.6419622  101.1368408    2.66017     -396.0     -144.2       37.2    267.6     87.9    121.8 2023  3 30 10 40 14.48999977  0.0   1
     2866  -1.6400043  101.1364258    2.69642     -441.5       72.3       73.5    192.0     85.6     83.3 2023  3 30 10 40 28.92000008  0.0   1
     2867  -1.6455533  101.1391032    2.95286     -144.0     -541.3      329.9    173.4    129.5    139.1 2023  3 30 10 40 36.38999939  0.0   1
     2868  -1.6449693  101.1477946    2.25544      823.0     -476.7     -367.5    158.8     96.4    169.5 2023  3 30 10 40 42.43999863  0.0   1
     2869  -1.6540225  101.1321777    3.04593     -914.9    -1477.7      423.0    248.4    114.8    121.9 2023  3 30 10 41  9.31999969  0.0   1
     2870  -1.6405357  101.1395833    3.01834      -90.6       13.5      395.4    153.7    108.4     99.7 2023  3 30 10 41 20.13999939  0.0   1
     2871  -1.6472140  101.1349284    3.17645     -608.8     -724.9      553.5    210.6    122.8    124.0 2023  3 30 10 41 29.93000031  0.0   1
     2872  -1.6445793  101.1318197    2.32872     -954.8     -433.6     -294.2    126.8    113.7    110.3 2023  3 30 10 42  3.19000006  0.0   1
     2873  -1.6431510  101.1404867    2.74125       10.1     -275.6      118.3    151.9     79.1    101.6 2023  3 30 10 42 11.61999989  0.0   1
     2874  -1.6415592  101.1394450    3.06129     -105.8      -99.6      438.3    168.7    127.6    117.2 2023  3 30 10 45 34.45999908  0.0   1
     2875  -1.6431437  101.1308350    3.02886    -1064.4     -274.8      405.9    187.6    129.6     91.8 2023  3 30 10 49 11.32999992  0.0   1
     2877  -1.6431100  101.1421061    2.60306      190.3     -271.1      -19.9    134.5    106.5    122.7 2023  4  4 21 16 12.35999966  0.0   1
     2878  -1.6430228  101.1381755    3.12541     -247.5     -261.5      502.5    216.6    132.6    114.0 2023  4  4 21 17 38.91999817  0.0   1
     2879  -1.6458815  101.1394613    2.67124     -103.9     -577.6       48.3    284.4    200.1    191.7 2023  4  4 21 19 37.68000031  0.0   1
     2880  -1.6435951  101.1474691    2.82411      786.9     -324.7      201.2    121.7     93.2    114.9 2023  4  4 21 20  7.90000010  0.0   1
     2881  -1.6426142  101.1360921    2.44269     -479.1     -216.3     -180.3    186.9     95.5    118.2 2023  4  4 21 21 24.20000076  0.0   1
     2882  -1.6466278  101.1502197    2.17898     1092.7     -660.1     -444.0    158.3    145.1    182.8 2023  4  4 21 21 37.93999863  0.0   1
     2883  -1.6490692  101.1342285    2.70289     -686.0     -930.0       79.9    272.6    169.3    233.3 2023  4  4 21 21 52.75999832  0.0   1
     2884  -1.6492963  101.1368083    2.46933     -399.8     -955.2     -153.6    360.7    143.1    130.2 2023  4  4 21 21 54.95999908  0.0   1
     2885  -1.6427284  101.1416911    3.44491      144.1     -228.9      822.0    228.0    146.5    145.6 2023  4  4 21 22  3.64000010  0.0   1
     2886  -1.6457518  101.1378825    2.62006     -280.2     -563.2       -2.9    329.0    125.0    112.1 2023  4  7  6 28 12.28999996  0.0   1
     2889  -1.6034579  101.1215739    2.05959    -2094.7     4113.4     -563.4    723.9    667.2    546.7 2023  4 14  5 51 20.79999924  0.0   1
     2890  -1.6060776  101.1188477    2.26708    -2397.5     3823.7     -355.9    633.7    775.5    478.7 2023  4 14  5 51 25.79999924  0.0   1
     2893  -1.6382165  101.1467936    2.92225      711.5      270.0      299.3    258.4    153.8    119.9 2023  5 15 17 26 39.81999969  0.0   1
     2894  -1.6384909  101.1509603    2.84546     1175.0      239.6      222.5    209.8    145.9    118.6 2023  5 15 17 32 30.39999962  0.0   1
     2895  -1.6502343  101.1388265    2.46863     -174.8    -1058.9     -154.3    332.1    183.2    206.3 2023  5 19 22 49 48.45999908  0.0   1
     2896  -1.6402796  101.1429687    3.22892      285.9       41.9      606.0    314.7    256.8    181.3 2023  5 19 22 54 49.02000046  0.0   1
     2897  -1.6398074  101.1418294    3.05342      159.2       94.1      430.5    209.0    151.8    129.7 2023  5 19 22 54 53.54000092  0.0   1
     2900  -1.6447987  101.1639567    0.73123     2621.7     -457.8    -1891.7    228.7    268.5    577.3 2023  5 27 15 41 24.02000046  0.0   1
     2901  -1.6427333  101.1307861    2.85974    -1069.7     -229.5      236.8    250.9    143.5     95.1 2023  5 27 15 42  8.60000038  0.0   1
     2903  -1.6294884  101.1284912    2.13472    -1324.6     1235.1     -488.2    618.8    460.5    266.6 2023  5 28 18 49 16.21999931  0.0   1
     2905  -1.6477894  101.1219889    2.42444    -2048.8     -788.5     -198.5    220.2    162.7    179.3 2023  6  6  1 40 44.04000092  0.0   1
     2906  -1.6412935  101.1303630    2.15778    -1116.5      -70.2     -465.2    118.1    116.9    119.8 2023  6  6  1 42 24.76000023  0.0   1
     2907  -1.6439622  101.1303304    2.81952    -1120.3     -365.3      196.6    216.2    137.4     75.3 2023  6  6  1 48 22.26000023  0.0   1
     2908  -1.6422602  101.1419271    2.92460      170.4     -177.1      301.7    471.7    151.4    134.4 2023  6  6  1 48 43.06999969  0.0   1
     2909  -1.6444729  101.1470622    3.11487      741.4     -421.8      491.9    176.9    137.0    141.1 2023  6  6  1 51 12.57999992  0.0   1
     2910  -1.6474692  101.1445801    3.34557      465.5     -753.1      722.6    585.8    184.0    153.5 2023  6  6  1 51 15.86999989  0.0   1
     2911  -1.6455641  101.1383789    3.05213     -224.9     -542.5      429.2    172.3    118.1    123.4 2023  6  6  1 51 30.25000000  0.0   1
     2912  -1.6462256  101.1433105    3.38582      323.8     -615.6      762.9    261.9    152.9    155.9 2023  6  6  1 52 19.11000061  0.0   1
     2913  -1.6443306  101.1384277    3.20260     -219.1     -406.1      579.7    194.0    119.2    133.2 2023  6  6  1 52 40.33000183  0.0   1
     2914  -1.6437941  101.1400309    3.63438      -40.8     -346.7     1011.4    245.5    214.4    193.9 2023  6  6  1 52 50.29999924  0.0   1
     2915  -1.6467709  101.1309245    3.09617    -1053.7     -675.9      473.2    204.4    117.3     93.9 2023  6  6  1 53 28.01000023  0.0   1
     2916  -1.6517902  101.1367676    2.70542     -404.0    -1230.9       82.5    436.1    222.6    217.9 2023  6  6  1 54  5.28999996  0.0   1
     2917  -1.6477211  101.1429443    2.65369      283.8     -781.0       30.7    183.1    120.2    146.9 2023  6  6  1 54 28.88999939  0.0   1
     2918  -1.6419356  101.1248372    3.24407    -1731.4     -141.3      621.1    168.3    137.3    135.1 2023  6  6  1 54 37.52999878  0.0   1
     2919  -1.6439466  101.1588053    2.89606     2048.0     -363.6      273.1    239.1    173.8    194.5 2023  6  6  1 54 44.18999863  0.0   1
     2920  -1.6442465  101.1661214    1.98880     2862.2     -396.8     -634.1    464.9    360.3    434.4 2023  6  6  1 54 53.20000076  0.0   1
     2921  -1.6459868  101.1233724    1.52721    -1894.3     -589.2    -1095.7    167.4    131.4    220.4 2023  6  6  1 55 12.25000000  0.0   1
     2922  -1.6433575  101.1322754    3.19083     -903.5     -298.5      567.9    325.6    175.5    156.4 2023  6  6  1 55 25.79999924  0.0   1
     2923  -1.6453813  101.1378581    2.83146     -282.5     -522.3      208.5    204.3    106.2    103.0 2023  6  6  1 55 44.54999924  0.0   1
     2924  -1.6430841  101.1355957    3.27748     -534.7     -268.2      654.5    232.3    129.5    121.4 2023  6  6  1 55 52.50999832  0.0   1
     2925  -1.6387212  101.1525798    2.81725     1355.2      214.2      194.3    304.0    201.8    280.8 2023  6  6  1 56  1.14999998  0.0   1
     2926  -1.6448008  101.1459066    3.81462      613.3     -458.1     1191.7    221.3    214.0    171.9 2023  6  6  1 56  8.31999969  0.0   1
     2927  -1.6488778  101.1227214    1.35384    -1966.6     -908.9    -1269.1    208.8    163.7    279.6 2023  6  6  1 56 16.76000023  0.0   1
     2928  -1.6433065  101.1383626    2.99582     -226.3     -292.8      372.9    197.5    132.4    114.3 2023  6  6  1 56 29.04999924  0.0   1
     2929  -1.6488850  101.1220459    1.67294    -2042.1     -909.7     -950.0    201.5    144.8    237.1 2023  6  6  1 56 36.79000092  0.0   1
     2930  -1.6405210  101.1424398    3.08057      227.0       15.2      457.6    221.8    123.9    122.9 2023  6  6  1 57 14.22000027  0.0   1
     2931  -1.6406802  101.1339762    2.84038     -714.6       -2.4      217.4    176.4    106.4     82.3 2023  6  6  1 57 25.55999947  0.0   1
     2932  -1.6387839  101.1429687    2.65720      286.0      207.2       34.3    130.5    106.4     94.7 2023  6  6  1 57 28.88999939  0.0   1
     2933  -1.6397727  101.1371989    2.57217     -356.3       97.9      -50.8    137.4     91.9     99.9 2023  6  6  1 57 37.61999893  0.0   1
     2934  -1.6430044  101.1360270    3.63210     -486.2     -259.4     1009.2    249.2    178.7    149.0 2023  6  6  1 57 45.38000107  0.0   1
     2935  -1.6341281  101.1349284    3.06882     -608.3      722.1      445.9    371.5    204.9    123.9 2023  6  6  1 58  3.48000002  0.0   1
     2936  -1.6450817  101.1348633    3.24089     -615.9     -489.1      617.9    351.3    158.7     87.2 2023  6  6  1 58 51.29000092  0.0   1
     2937  -1.6514788  101.1472738    2.66517      765.1    -1196.5       42.2    261.3    230.2    266.1 2023  6  6  1 59  4.92000008  0.0   1
     2938  -1.6498057  101.1247721    3.21665    -1738.5    -1011.5      593.7    671.8    241.2    211.3 2023  6  6  2  0 18.29000092  0.0   1
     2939  -1.6392289  101.1405111    2.96014       12.4      158.0      337.2    239.2    145.4     94.4 2023  6  6  2  0 50.33000183  0.0   1
     2940  -1.6428496  101.1397298    2.99063      -74.3     -242.3      367.7    174.1    116.2     96.2 2023  6  6  2  1 17.14999962  0.0   1
     2941  -1.6464642  101.1407145    2.77055       35.1     -642.0      147.6    206.8    164.6    147.2 2023  6  6  2  1 29.55999947  0.0   1
     2942  -1.6407773  101.1439209    2.89217      392.5      -13.2      269.2    149.9    104.7     88.3 2023  6  6  2  1 36.97999954  0.0   1
     2943  -1.6428965  101.1450114    2.02781      513.9     -247.5     -595.1    569.6    195.1    253.8 2023  6  6  2  1 54.45999908  0.0   1
     2944  -1.6389418  101.1337646    2.95874     -738.5      189.8      335.8    229.8    126.6     72.3 2023  6  6  2  2 19.39999962  0.0   1
     2945  -1.6473784  101.1462646    2.46880      652.6     -743.1     -154.1    363.5    354.0    312.4 2023  6  6  2  3 32.54000092  0.0   1
     2946  -1.6474868  101.1433105    3.00016      324.2     -755.1      377.2    226.4     99.1    133.5 2023  6  6  2  5 16.29999924  0.0   1
     2947  -1.6314838  101.1435791    2.52775      353.8     1014.4      -95.2    307.4    186.2    144.2 2023  6  6  2 11 56.61000061  0.0   1
     2948  -1.6409534  101.1361247    3.15546     -475.3      -32.7      532.5    188.2    125.8    128.5 2023  6  6  2 57 14.14999962  0.0   1
     2949  -1.6403618  101.1428792    3.02669      276.5       32.8      403.7    177.6    130.8    101.0 2023  6  6  2 57 29.37000084  0.0   1
     2950  -1.6395382  101.1512288    2.95059     1205.2      123.8      327.7    205.4    125.5    148.3 2023  6  6  2 57 54.09999847  0.0   1
     2951  -1.6366227  101.1460205    1.91744      625.4      446.2     -705.5    172.2    172.9    136.9 2023  6  6  2 58  2.06999993  0.0   1
     2952  -1.6413952  101.1516927    1.93773     1257.3      -81.5     -685.2    216.0    166.3    236.3 2023  6  6  2 58 17.95000076  0.0   1
     2953  -1.6451903  101.1431803    2.57038      310.0     -501.1      -52.6    215.6     97.8     94.0 2023  6  6  2 58 41.36999893  0.0   1
     2954  -1.6437396  101.1474854    2.74438      788.6     -340.7      121.4    158.4    105.7    118.4 2023  6  6  2 59 47.00999832  0.0   1
     2955  -1.6418617  101.1360596    3.46497     -482.3     -133.1      842.0    411.1    224.2    180.3 2023  6  6 22 40 15.80000019  0.0   1
     2961  -1.6347445  101.1217122    2.67439    -2078.9      653.9       51.4   1025.7    791.0    512.1 2023  6 27 17 47  0.12000000  0.0   1
     2962  -1.6417587  101.1393555    2.55344     -115.9     -121.7      -69.5    138.1    105.2    104.7 2023  7  4 19 19 48.45999908  0.0   1
     2964  -1.6200832  101.1044027    2.10910    -4004.9     2275.1     -513.8    548.5    690.8    607.6 2023  7  5  0 17 41.68999863  0.0   1
     2967  -1.6454938  101.1170573    2.94640    -2597.2     -534.7      323.5    726.3    331.5    219.7 2023  7 14 23 38 10.26000023  0.0   1
     2968  -1.6411847  101.1339925    2.78771     -712.3      -58.2      164.8    215.1    105.9     75.6 2023  7 15  2  2 49.29000092  0.0   1
     2969  -1.6414263  101.1321696    2.70717     -915.3      -84.9       84.2    258.5    123.8     97.1 2023  7 15  2  5 39.86000061  0.0   1
     2971  -1.5956159  101.1331543    0.03174     -806.1     4980.5    -2591.2    880.4    642.6   1140.1 2023  7 15  4 36 18.90999985  0.0   1
     2972  -1.6385306  101.1339681    2.69899     -715.8      235.3       76.0    171.6    111.1     72.4 2023  7 15  9 27  6.65999985  0.0   1
     2973  -1.6399034  101.1422526    2.76873      206.8       83.5      145.8    126.4     99.6     91.1 2023  7 15  9 29 55.13999939  0.0   1
     2974  -1.6410830  101.1425293    2.65624      237.5      -47.0       33.3    128.0    109.0     93.7 2023  7 15  9 30  2.75999999  0.0   1
     2975  -1.6420549  101.1404541    2.74712        5.9     -154.4      124.2    163.5     91.1    104.9 2023  7 15  9 30 27.43000031  0.0   1
     2976  -1.6403034  101.1397054    2.55808      -77.3       39.2      -64.9    212.8    121.9    120.6 2023  7 15  9 31 39.70999908  0.0   1
     2977  -1.6340996  101.1189860    2.01441    -2382.8      725.2     -608.5    256.8    256.8    204.8 2023  7 17 15  4 33.40000153  0.0   1
     2978  -1.6378769  101.1413411    2.56632      104.6      307.5      -56.6    168.0     76.2    100.2 2023  7 19  2  5 31.29000092  0.0   1
     2979  -1.6379602  101.1427165    3.31514      258.1      298.3      692.2    179.2    167.1    119.2 2023  7 19  2 18 47.72999954  0.0   1
     2980  -1.6437533  101.1366048    3.20729     -422.1     -342.2      584.3    218.7    122.5    118.7 2023  7 19  2 21  5.59999990  0.0   1
     2981  -1.6346874  101.1559489    2.84745     1730.6      660.2      224.5    168.3    121.0    147.1 2023  7 19  2 21  8.77999973  0.0   1
     2982  -1.6376848  101.1421956    3.23596      200.3      328.8      613.0    170.0    133.6    110.1 2023  7 19  2 59 40.54000092  0.0   1
     2983  -1.6379419  101.1416260    2.80992      136.5      300.4      187.0    165.5    111.0     87.0 2023  7 19  3  0  3.86999989  0.0   1
     2984  -1.6395770  101.1421061    2.42973      190.6      119.6     -193.2    376.3    128.5    137.9 2023  7 19  3  0 15.28999996  0.0   1
     2985  -1.6371371  101.1434570    2.48454      340.8      389.3     -138.4    113.1    163.3    149.3 2023  7 19  3  0 25.79000092  0.0   1
     2986  -1.6401627  101.1391520    3.25164     -138.9       54.8      628.7    223.9    151.6    117.8 2023  7 19  3  1  0.31999999  0.0   1
     2987  -1.6444595  101.1416504    2.80584      139.5     -420.3      182.9    148.4    102.7     94.0 2023  7 19  3  1 12.77000046  0.0   1
     2988  -1.6408581  101.1436361    2.39607      360.2      -22.1     -226.9    151.2    111.2    124.0 2023  7 19  3  1 20.85000038  0.0   1
     2989  -1.6379862  101.1324463    3.06153     -884.4      295.5      438.6    174.4    122.5     80.8 2023  7 19  3  1 31.04999924  0.0   1
     2990  -1.6446075  101.1436605    2.57694      363.1     -436.7      -46.0    214.4    185.1    159.6 2023  7 19  3  1 58.95000076  0.0   1
     2991  -1.6392198  101.1424316    3.36962      226.1      159.1      746.7    220.9    169.9    119.6 2023  7 19  3  2 24.22999954  0.0   1
     2992  -1.6407581  101.1348551    2.89928     -616.4      -11.0      276.3    206.3     94.4    103.1 2023  7 19  3  2 31.32999992  0.0   1
     2994  -1.6457514  101.1499593    2.83637     1063.8     -563.2      213.4    585.0    182.8    166.2 2023  7 19  3  3  5.17000008  0.0   1
     2995  -1.6417016  101.1410400    2.86026       71.2     -115.4      237.3    202.4    131.9    110.0 2023  7 19  3  3 49.45000076  0.0   1
     2996  -1.6361328  101.1440755    2.82388      409.3      500.4      200.9    158.0    154.6    101.1 2023  7 19  3  4 25.73999977  0.0   1
     2997  -1.6354600  101.1365804    2.76435     -424.6      574.8      141.4    215.6    131.8     71.2 2023  7 19  3  4 42.90000153  0.0   1
     2998  -1.6374930  101.1367269    3.08027     -408.6      350.0      457.3    253.7    141.7    110.0 2023  7 19  3  4 47.33000183  0.0   1
     2999  -1.6349949  101.1322103    3.35996     -911.4      626.2      737.0    291.4    183.8    114.3 2023  7 19  3  5 55.38999939  0.0   1
     3000  -1.6397546  101.1471436    2.50624      750.8       99.9     -116.7    135.7    126.1    128.5 2023  7 19  3  6 34.20999908  0.0   1
     3001  -1.6393695  101.1427816    2.60215      265.5      142.5      -20.8    136.4    118.1    120.4 2023  7 19  3  7 18.03000069  0.0   1
     3002  -1.6462866  101.1412598    2.52556       96.1     -622.4      -97.4    146.9    139.6    136.8 2023  7 19  3  7 20.17000008  0.0   1
     3003  -1.6361037  101.1499349    3.07457     1061.1      503.6      451.6    133.1    145.2    104.3 2023  7 19  3  8 37.70999908  0.0   1
     3004  -1.6389744  101.1426025    3.06377      245.0      186.2      440.8    212.3    144.2    105.2 2023  7 19  3 10 29.87999916  0.0   1
     3005  -1.6376055  101.1434163    2.66679      336.3      337.5       43.8    118.0     97.5     89.5 2023  7 19  3 11  7.88000011  0.0   1
     3006  -1.6365443  101.1356038    2.88944     -533.1      454.9      266.5    213.9    139.2     69.2 2023  7 19  3 12 10.78999996  0.0   1
     3007  -1.6412998  101.1518311    3.10272     1272.3      -70.9      479.8    181.9    121.4    134.7 2023  7 19  3 14 29.62999916  0.0   1
     3008  -1.6405097  101.1472005    2.04720      757.3       16.4     -575.7    126.1    110.2    137.6 2023  7 19  3 14 38.36000061  0.0   1
     3009  -1.6400834  101.1387939    2.39831     -178.4       63.5     -224.6    173.6    101.1    108.0 2023  7 19  3 17 13.86999989  0.0   1
     3010  -1.6404072  101.1454346    2.79896      560.6       27.8      176.0    232.8    169.5    106.3 2023  7 19  3 22  8.31999969  0.0   1
     3011  -1.6370775  101.1418945    2.77183      166.6      395.9      148.9    135.2    122.3     89.6 2023  7 19  3 23  0.50000000  0.0   1
     3012  -1.6402379  101.1442301    2.36491      426.9       46.5     -258.0    125.7     98.2    118.0 2023  7 19  3 23 19.36000061  0.0   1
     3013  -1.6419284  101.1401123    2.53274      -32.1     -140.4      -90.2    155.4    110.2    126.4 2023  7 19  3 23 22.77000046  0.0   1
     3014  -1.6380039  101.1398600    2.89398      -59.7      293.5      271.0    161.2    119.4     88.2 2023  7 19  3 23 38.40000153  0.0   1
     3015  -1.6391830  101.1412842    2.45787       98.5      163.1     -165.1    105.9     89.6    110.8 2023  7 19  3 24  8.73999977  0.0   1
     3016  -1.6384137  101.1382080    2.49638     -243.1      248.2     -126.6    227.9     95.7    114.0 2023  7 19  3 24 11.84000015  0.0   1
     3017  -1.6426637  101.1424235    2.96232      225.7     -221.8      339.4    163.2    119.0    103.8 2023  7 19  3 24 18.10000038  0.0   1
     3018  -1.6374599  101.1402751    2.53100      -13.8      353.6      -91.9    158.6    102.9     97.9 2023  7 19  3 26 25.94000053  0.0   1
     3019  -1.6443996  101.1304362    2.51615    -1108.7     -413.7     -106.8    252.7    173.2    217.9 2023  7 19  3 26 54.45000076  0.0   1
     3020  -1.6406497  101.1417887    2.94626      155.0        0.9      323.3    168.7    142.9    113.4 2023  7 19  3 28  6.32000017  0.0   1
     3021  -1.6342831  101.1403239    3.05049       -8.4      704.9      427.5    227.8    165.9    107.5 2023  7 19  3 28 11.30000019  0.0   1
     3022  -1.6403450  101.1561930    2.53274     1757.9       34.6      -90.2    165.7    153.1    141.2 2023  7 19  3 29  4.26999998  0.0   1
     3023  -1.6452887  101.1328206    2.53506     -843.5     -512.0      -87.9    152.4    109.2     88.4 2023  7 19  3 30 50.99000168  0.0   1
     3024  -1.6466975  101.1368815    2.57617     -391.3     -667.8      -46.8    163.8     99.2    103.4 2023  7 19  3 37 19.65999985  0.0   1
     3025  -1.6425639  101.1409993    2.93280       67.0     -210.7      309.9    217.8    132.3    113.3 2023  7 19  3 39 24.28000069  0.0   1
     3026  -1.6446533  101.1287760    2.57699    -1292.8     -441.8      -46.0    146.8    146.5    121.2 2023  7 19  3 48 22.11000061  0.0   1
     3027  -1.6405561  101.1351481    2.99241     -584.5       11.3      369.5    383.3    160.2    145.7 2023  7 19 19  1 51.08000183  0.0   1
     3028  -1.6432209  101.1332682    2.45217     -793.5     -283.4     -170.8    188.6    104.3    125.0 2023  7 20  1 15 46.22999954  0.0   1
     3029  -1.6418719  101.1320394    2.16938     -930.0     -134.2     -453.6    152.4    105.5    108.7 2023  7 20  1 16 25.07999992  0.0   1
     3030  -1.6387922  101.1238770    3.01825    -1837.9      206.3      395.3    215.6    243.7    164.0 2023  7 20  1 18 27.22999954  0.0   1
     3031  -1.6438754  101.1411458    2.32388       83.2     -355.7     -299.1    153.7    119.6    148.5 2023  7 20 16 59 18.79999924  0.0   1
     3032  -1.6409540  101.1327637    2.50609     -849.5      -32.7     -116.9    243.3    173.3    191.1 2023  7 21  6 50 53.00999832  0.0   1
     3033  -1.6529105  101.1325114    2.08344     -877.8    -1354.8     -539.5    190.2    124.8    174.3 2023  7 21 12 31 45.83000183  0.0   1
     3034  -1.6457143  101.1335938    2.51602     -757.0     -559.1     -106.9    343.4     91.7    141.4 2023  7 23  3 56 19.47999954  0.0   1
     3037  -1.6402865  101.1378418    1.56370     -284.6       41.1    -1059.2    285.4    185.6    199.0 2023  7 31 23 41 35.38000107  0.0   1
     3042  -1.6417791  101.1436768    3.48595      364.7     -123.9      863.0    250.4    175.9    133.2 2023  8 25 22  0  2.96000004  0.0   1
     3043  -1.6404115  101.1437907    2.88310      377.8       27.3      260.2    171.5    115.1     89.3 2023  8 25 22  1 20.63999939  0.0   1
     3044  -1.6536892  101.1316243    2.01859     -975.9    -1440.9     -604.4    231.9    110.9    212.7 2023  8 25 22  1 29.57999992  0.0   1
     3045  -1.6386893  101.1394368    2.49129     -106.4      217.7     -131.7    133.3     95.6     97.1 2023  8 25 22  1 39.70000076  0.0   1
     3046  -1.6388882  101.1433512    2.85057      328.4      195.7      227.6    313.1    118.7    116.9 2023  8 25 22  2 23.94000053  0.0   1
     3047  -1.6402882  101.1412191    2.80109       91.2       40.9      178.2    136.6     90.7     78.0 2023  8 25 22  2 28.13999939  0.0   1
     3048  -1.6434069  101.1461914    2.47428      644.8     -303.9     -148.7    152.0    138.1    143.6 2023  8 25 22  2 42.25999832  0.0   1
     3049  -1.6444553  101.1332845    2.33673     -791.8     -419.9     -286.2    194.3    108.1    126.6 2023  8 25 22  2 51.50000000  0.0   1
     3050  -1.6401451  101.1410238    2.86023       70.0       56.7      237.3    145.6    107.7     78.8 2023  8 25 22  2 58.43999863  0.0   1
     3051  -1.6482947  101.1263590    3.17641    -1561.9     -844.4      553.5    869.6   1235.3    633.0 2023  8 25 22  3 19.87999916  0.0   1
     3052  -1.6385818  101.1383952    2.74185     -222.9      229.6      118.9    186.2    116.2     87.4 2023  8 25 22  3 24.92000008  0.0   1
     3054  -1.6450085  101.1431885    2.64057      310.5     -481.0       17.6    176.6    110.7    103.0 2023  8 25 22  3 32.50000000  0.0   1
     3055  -1.6435636  101.1385335    3.16870     -207.6     -321.3      545.8    181.3    113.2    113.4 2023  8 25 22  3 45.52000046  0.0   1
     3056  -1.6474739  101.1237223    2.02712    -1855.5     -753.6     -595.8    155.5    128.2    190.9 2023  8 25 22  4 22.10000038  0.0   1
     3057  -1.6440023  101.1471273    3.35091      749.0     -369.8      728.0    212.7    133.2    125.1 2023  8 25 22  4 39.36000061  0.0   1
     3058  -1.6420382  101.1385661    3.35247     -203.3     -152.6      729.5    193.0    149.2    131.9 2023  8 25 22  4 42.74000168  0.0   1
     3059  -1.6406359  101.1509440    2.34849     1173.9        2.5     -274.5    152.0    115.9    129.4 2023  8 25 22  5 22.65999985  0.0   1
     3060  -1.6353882  101.1582926    2.28985     1991.2      582.7     -333.1    198.3    144.0    213.4 2023  8 25 22  5 45.79999924  0.0   1
     3061  -1.6396852  101.1321696    3.07261     -915.6      107.6      449.7    190.3    124.6    101.5 2023  8 25 22  7 34.09999847  0.0   1
     3062  -1.6424664  101.1410400    2.65279       71.8     -199.9       29.8    155.2    110.0    119.4 2023  8 25 22  9 17.42000008  0.0   1
     3063  -1.6441874  101.1430176    2.51403      291.9     -390.2     -108.9    164.0    121.3    128.4 2023  8 25 22  9 21.89999962  0.0   1
     3064  -1.6380723  101.1362305    3.20808     -464.0      285.9      585.1    261.0    171.3    125.7 2023  8 25 22  9 33.65999985  0.0   1
     3065  -1.6311139  101.1680501    1.13129     3077.0     1055.3    -1491.7    413.3    543.5    748.2 2023  8 25 22  9 50.97999954  0.0   1
     3066  -1.6438864  101.1552979    2.32893     1658.3     -357.0     -294.0    247.6    190.9    238.9 2023  8 25 22 11 54.90000153  0.0   1
     3067  -1.6408037  101.1533854    3.29417     1445.1      -16.1      671.2    296.0    228.5    193.9 2023  8 25 22 12 15.19999981  0.0   1
     3068  -1.6417714  101.1587891    2.01255     2046.4     -123.1     -610.4    259.8    196.7    271.3 2023  8 25 22 14 11.64000034  0.0   1
     3069  -1.6427189  101.1432536    2.60295      317.8     -227.9      -20.0    333.7    244.5    161.4 2023  8 28 21 39 39.09999847  0.0   1
     3070  -1.6482819  101.1255534    2.19792    -1651.7     -843.0     -425.0    253.9    155.7    240.9 2023  8 28 22  8 57.27999878  0.0   1
     3071  -1.6362845  101.1400472    2.57732      -39.0      483.6      -45.6    145.0    123.1    107.3 2023  8 29 14 22 51.02999878  0.0   1
     3072  -1.6406347  101.1333577    2.95020     -783.7        2.6      327.3    242.9    125.7     86.3 2023  8 29 18 13 50.74000168  0.0   1
     3074  -1.6445136  101.1460449    2.84671      628.9     -426.3      223.8    232.7    194.2    198.6 2023  8 30  1 31 17.67000008  0.0   1
     3075  -1.6423735  101.1442139    2.20760      425.0     -189.7     -415.3    348.6    164.1    194.2 2023  8 30  5 46 14.44999981  0.0   1
     3076  -1.6379065  101.1473307    2.30955      771.7      304.3     -313.4    168.0    118.7    120.5 2023  8 30  5 46 27.07999992  0.0   1
     3077  -1.6416247  101.1481283    2.47976      860.2     -106.9     -143.2    200.2    147.8    144.0 2023  8 30  5 47  3.69000006  0.0   1
     3078  -1.6442580  101.1330648    2.62807     -816.2     -398.0        5.1    221.8    151.3    108.5 2023  8 30  5 47  5.53999996  0.0   1
     3079  -1.6417862  101.1411947    2.61785       88.6     -124.7       -5.1    496.3    183.0    127.9 2023  8 30  5 47 14.06000042  0.0   1
     3080  -1.6442729  101.1512370    2.69291     1205.9     -399.7       70.0    201.6    191.6    175.8 2023  8 30  5 47 22.72999954  0.0   1
     3081  -1.6412009  101.1426025    2.09551      245.0      -60.0     -527.4    227.5    188.7    173.7 2023  8 30  5 47 28.44000053  0.0   1
     3082  -1.6455348  101.1621826    1.17918     2424.2     -539.2    -1443.8    252.7    427.9    405.1 2023  8 30  5 47 37.99000168  0.0   1
     3083  -1.6426703  101.1332194    1.83004     -798.5     -222.5     -792.9    498.9    215.5    195.5 2023  8 30  5 47 51.20000076  0.0   1
     3084  -1.6443596  101.1434570    2.74120      340.5     -409.3      118.3    374.8    110.8    143.9 2023  8 30  5 50 22.00000000  0.0   1
     3085  -1.6405108  101.1423096    2.33745      212.9       16.3     -285.5    198.2    158.3    112.6 2023  8 30  5 50 28.25000000  0.0   1
     3086  -1.6463212  101.1543538    3.51107     1553.4     -626.2      888.1    209.2    196.2    184.3 2023  8 30 14 17 58.83000183  0.0   1
     3087  -1.6393279  101.1502848    2.84460     1100.0      147.1      221.7    190.1    156.0    140.4 2023  8 30 14 22 58.09000015  0.0   1
     3088  -1.6438747  101.1375651    1.86907     -315.2     -355.7     -753.9    258.4    119.8    156.7 2023  8 30 14 35 52.65000153  0.0   1
     3094  -1.6408950  101.1394124    2.59117     -109.3      -26.2      -31.8    194.9    128.4    132.8 2023  9 13 15 18 58.20999908  0.0   1
     3095  -1.6427862  101.1458740    2.27746      609.3     -235.3     -345.5    154.7    115.2    140.2 2023  9 14 16  1  7.05999994  0.0   1
     3096  -1.6406628  101.1534180    2.41274     1448.9       -0.5     -210.2    164.7     98.5    121.2 2023  9 14 16  1 16.52000046  0.0   1
     3097  -1.6462747  101.1374105    2.73064     -332.3     -621.0      107.7    396.6    173.3    179.1 2023  9 14 16  1 24.82999992  0.0   1
     3098  -1.6513903  101.1429525    3.12384      283.9    -1186.7      500.9    706.1    247.4    258.1 2023  9 14 16  3 59.18000031  0.0   1
     3099  -1.6421780  101.1400553    2.52566      -38.1     -168.1      -97.3    129.9     90.5    111.1 2023  9 14 16  4  8.14000034  0.0   1
     3100  -1.6413335  101.1420654    3.31638      185.4      -74.7      693.4    434.4    180.5    139.5 2023  9 14 16  7 36.65999985  0.0   1
     3101  -1.6414477  101.1401937    2.63888      -22.4      -87.3       15.9    164.3     84.5     98.1 2023  9 14 16  7 43.02999878  0.0   1
     3102  -1.6435145  101.1273763    1.65940    -1449.2     -315.8     -963.5    199.4    174.8    174.2 2023  9 14 16 10 57.36000061  0.0   1
     3103  -1.6446657  101.1460775    2.89951      632.0     -443.1      276.6    179.8     93.9    104.3 2023  9 14 16 11 12.31000042  0.0   1
     3104  -1.6464512  101.1530518    2.68907     1407.9     -640.5       66.1    178.4    210.6    238.7 2023  9 14 16 11 17.97999954  0.0   1
     3105  -1.6420076  101.1393880    2.67181     -111.9     -149.2       48.9    173.5     66.6     90.1 2023  9 14 16 23 25.43000031  0.0   1
     3106  -1.6444352  101.1392334    2.87328     -129.1     -417.6      250.3    213.8     95.8    107.2 2023  9 14 16 23 33.90000153  0.0   1
     3107  -1.6456628  101.1398763    2.54508      -58.1     -553.4      -77.9    221.5    117.1    131.6 2023  9 14 16 23 52.75999832  0.0   1
     3108  -1.6449270  101.1355957    2.90018     -534.0     -472.0      277.2    175.0    107.7    123.2 2023  9 14 16 23 59.08000183  0.0   1
     3109  -1.6454699  101.1420980    3.06271      188.9     -532.0      439.8    215.3    109.6    143.8 2023  9 14 16 24  4.69000006  0.0   1
     3110  -1.6412354  101.1397705    2.42623      -69.5      -63.8     -196.7    141.3     82.2    101.5 2023  9 14 16 24 13.52000046  0.0   1
     3111  -1.6404877  101.1420085    2.46592      179.2       18.9     -157.0    149.7     92.8    106.4 2023  9 14 16 24 25.40999985  0.0   1
     3112  -1.6444216  101.1397705    2.64012      -69.3     -416.1       17.2    173.3    110.1    100.2 2023  9 14 16 24 54.75000000  0.0   1
     3113  -1.6452681  101.1396077    2.71268      -87.4     -509.7       89.7    175.8     85.1     99.7 2023  9 14 16 24 59.38000107  0.0   1
     3114  -1.6427817  101.1375732    2.27122     -314.5     -234.8     -351.7    192.2    122.9    131.1 2023  9 14 16 25  6.48000002  0.0   1
     3115  -1.6404939  101.1461995    2.25182      645.9       18.2     -371.1    136.0    105.8    128.3 2023  9 14 16 25 25.75000000  0.0   1
     3116  -1.6427748  101.1459798    2.45263      621.3     -234.0     -170.3    155.0    137.4    125.2 2023  9 14 16 25 28.45000076  0.0   1
     3117  -1.6447215  101.1237061    2.16403    -1857.0     -449.3     -458.9    170.1    175.2    155.1 2023  9 14 16 25 34.34999847  0.0   1
     3118  -1.6465975  101.1282796    0.98508    -1348.5     -656.7    -1636.9    260.2    197.5    365.2 2023  9 14 16 25 42.66999817  0.0   1
     3119  -1.6429029  101.1404053    2.34752        1.1     -248.2     -275.4    197.5    137.6    123.9 2023  9 14 16 25 48.11999893  0.0   1
     3120  -1.6391037  101.1373210    2.27676     -342.4      171.9     -346.2    154.8     94.5    105.9 2023  9 14 16 25 56.81999969  0.0   1
     3121  -1.6369539  101.1433187    2.53296      325.2      409.6      -90.0     98.6     98.0    100.6 2023  9 14 16 26  2.75999999  0.0   1
     3122  -1.6381069  101.1405111    2.69732       12.4      282.1       74.4    150.8    111.8     94.1 2023  9 14 16 26 23.64999962  0.0   1
     3123  -1.6403266  101.1492594    3.25553      986.4       36.7      632.6    163.7    123.7    135.3 2023  9 14 16 26 34.95999908  0.0   1
     3124  -1.6431458  101.1412354    2.74149       93.4     -275.1      118.5    277.0    146.8    150.1 2023  9 14 16 26 48.50000000  0.0   1
     3125  -1.6460058  101.1375977    1.97375     -311.8     -591.3     -649.2    483.0    203.3    270.0 2023  9 14 16 27  6.15000010  0.0   1
     3126  -1.6431128  101.1408447    2.49313       50.0     -271.4     -129.8    201.1    137.7    118.1 2023  9 14 16 27 14.25000000  0.0   1
     3127  -1.6377288  101.1431966    2.33728      311.1      323.9     -285.7    131.2     81.9    107.6 2023  9 14 16 27 17.69000053  0.0   1
     3128  -1.6389378  101.1460286    2.15725      627.0      190.2     -465.7    146.5    180.5    149.5 2023  9 14 16 27 22.95999908  0.0   1
     3129  -1.6367577  101.1445801    2.56688      465.6      431.3      -56.1    205.1    147.3    127.8 2023  9 14 16 27 30.12000084  0.0   1
     3130  -1.6373100  101.1409342    3.06044       59.9      370.2      437.5    242.9    123.0    112.2 2023  9 14 16 27 36.08000183  0.0   1
     3131  -1.6370457  101.1503906    2.29034     1112.3      399.4     -332.6    168.4     97.7    133.7 2023  9 14 16 28  5.15999985  0.0   1
     3132  -1.6428659  101.1460286    2.26699      626.9     -244.1     -356.0    142.1     99.4    145.0 2023  9 14 16 28 10.97999954  0.0   1
     3133  -1.6409170  101.1423258    2.72032      214.9      -28.6       97.4    227.2    105.1    102.3 2023  9 14 16 28 18.73999977  0.0   1
     3134  -1.6428663  101.1546387    2.38025     1584.5     -244.2     -242.7    233.4    158.2    214.3 2023  9 14 16 28 27.96999931  0.0   1
     3135  -1.6418872  101.1475016    2.13990      791.0     -135.9     -483.0    177.0    114.0    159.4 2023  9 14 16 28 40.47999954  0.0   1
     3136  -1.6477740  101.1404622    2.21063        6.9     -786.8     -412.3    257.6    182.9    194.5 2023  9 14 16 28 47.25999832  0.0   1
     3137  -1.6445863  101.1405029    2.50435       11.9     -434.3     -118.6    157.4    124.0    129.7 2023  9 14 16 28 51.58000183  0.0   1
     3138  -1.6466497  101.1250570    1.54359    -1707.2     -662.5    -1079.4    120.2    115.8    184.9 2023  9 14 16 29 41.08000183  0.0   1
     3139  -1.6417708  101.1440267    2.39737      403.8     -123.0     -225.6    168.0    120.1    121.7 2023  9 14 16 29 46.22999954  0.0   1
     3140  -1.6443100  101.1419352    2.50560      171.1     -403.8     -117.3    187.2    124.1    128.9 2023  9 14 16 29 52.25999832  0.0   1
     3141  -1.6421090  101.1457682    2.59360      597.9     -160.4      -29.3    130.5     91.9    124.6 2023  9 14 16 32  8.39999962  0.0   1
     3142  -1.6402823  101.1432617    2.40113      318.4       41.6     -221.8     95.7    120.2    120.5 2023  9 14 16 32 17.73999977  0.0   1
     3143  -1.6372451  101.1570719    1.92881     1855.8      377.4     -694.1    121.9    174.4    187.8 2023  9 14 16 32 30.69000053  0.0   1
     3144  -1.6386836  101.1406820    2.57150       31.7      218.3      -51.4    121.2     91.3    101.9 2023  9 14 16 32 37.11000061  0.0   1
     3145  -1.6417178  101.1299561    2.91399    -1162.0     -117.2      291.0    239.7    149.4     75.7 2023  9 14 16 32 59.11000061  0.0   1
     3146  -1.6357164  101.1544759    2.72605     1566.9      546.4      103.1    129.5     98.9    108.3 2023  9 14 16 34 11.01000023  0.0   1
     3147  -1.6421028  101.1573161    1.96239     1883.0     -159.7     -660.6    183.5    153.8    162.8 2023  9 14 16 34 40.43000031  0.0   1
     3148  -1.6388798  101.1432861    2.45417      321.5      196.6     -168.8    120.9     67.9     98.9 2023  9 14 16 34 47.56999969  0.0   1
     3149  -1.6384610  101.1597005    2.90795     2148.1      243.0      285.0    329.0    204.9    302.8 2023  9 14 16 34 58.79000092  0.0   1
     3150  -1.6469123  101.1301432    2.09740    -1140.9     -691.5     -525.5    235.5    178.1    143.4 2023  9 14 16 36 23.40999985  0.0   1
     3151  -1.6395220  101.1303874    2.39952    -1113.6      125.6     -223.4    240.4    134.7    170.2 2023  9 14 16 38 46.27000046  0.0   1
     3152  -1.6434486  101.1471598    3.42922      752.6     -308.6      806.3    224.3    136.1    142.1 2023  9 14 16 39 22.14999962  0.0   1
     3153  -1.6447402  101.1503825    2.39250     1111.4     -451.4     -230.4    177.9    112.3    142.3 2023  9 14 16 40 10.57999992  0.0   1
     3154  -1.6431803  101.1382487    2.36093     -239.3     -278.9     -262.0    378.1    184.9    113.0 2023  9 14 16 40 29.72999954  0.0   1
     3155  -1.6384981  101.1433268    3.01166      325.6      238.9      388.7    138.6    117.8    101.6 2023  9 14 16 42 57.52000046  0.0   1
     3156  -1.6436052  101.1442220    2.47039      425.9     -325.9     -152.6    193.4    125.9    153.3 2023  9 14 16 43 40.40999985  0.0   1
     3157  -1.6388261  101.1409912    2.62088       66.2      202.6       -2.1    335.0    132.7    120.7 2023  9 14 16 48 22.35000038  0.0   1
     3158  -1.6425467  101.1475749    2.69551      798.3     -208.8       72.6    205.4    215.1    224.1 2023  9 14 16 48 45.50999832  0.0   1
     3159  -1.6430725  101.1649658    0.28447     2734.0     -267.0    -2338.5    374.3    405.4   1109.9 2023  9 14 16 51 31.97999954  0.0   1
     3160  -1.6447910  101.1491048    2.63593      969.0     -457.0       13.0    156.2    145.4    157.6 2023  9 14 16 56  2.07999992  0.0   1
     3161  -1.6418058  101.1460531    2.55056      628.9     -126.9      -72.4    138.3    119.8    138.4 2023  9 14 17  0 13.88000011  0.0   1
     3162  -1.6329076  101.1445068    1.32643      457.8      857.0    -1296.5    648.2    267.5    277.7 2023  9 14 17 16  3.20000005  0.0   1
     3163  -1.6427291  101.1455729    2.61525      575.7     -229.0       -7.7    118.8    114.3    106.9 2023  9 14 17 16 12.60000038  0.0   1
     3164  -1.6440503  101.1346029    2.30501     -644.5     -375.1     -317.9    186.5     99.8    109.4 2023  9 14 17 16 20.60000038  0.0   1
     3165  -1.6418059  101.1354980    2.41932     -545.3     -126.9     -203.6    158.4     91.4    101.7 2023  9 14 17 22 43.41999817  0.0   1
     3166  -1.6436954  101.1373535    2.53014     -338.9     -335.8      -92.8    189.4     90.7    113.8 2023  9 14 17 23  1.67999995  0.0   1
     3167  -1.6474054  101.1395020    2.74190      -99.8     -746.1      119.0    214.3    133.7    169.1 2023  9 14 17 23  3.44000006  0.0   1
     3168  -1.6413006  101.1390299    2.70542     -152.3      -71.0       82.5    171.0     80.5     86.9 2023  9 14 17 23 38.47999954  0.0   1
     3169  -1.6444342  101.1357666    2.50157     -515.6     -417.5     -121.4    174.8     88.8     91.5 2023  9 14 17 24 47.47999954  0.0   1
     3170  -1.6424053  101.1368327    2.44224     -396.3     -193.2     -180.7    191.0     87.6    129.2 2023  9 14 18  6 58.63999939  0.0   1
     3172  -1.6432026  101.1398763    2.47011      -57.7     -281.3     -152.8    375.6    141.1    152.7 2023  9 15 17 48 41.77999878  0.0   1
     3173  -1.6384663  101.1432454    2.72516      316.6      242.4      102.2    125.5    104.1     96.4 2023  9 15 17 50 48.40000153  0.0   1
     3174  -1.6442422  101.1415446    2.71728      127.6     -396.3       94.3    253.1    186.7    132.2 2023  9 15 17 51  9.39999962  0.0   1
     3175  -1.6368202  101.1411458    2.75534       83.4      424.4      132.4    170.1    183.0    132.4 2023  9 18  5 36 41.97999954  0.0   1
     3176  -1.6422602  101.1405436    2.73618       16.4     -177.1      113.2    239.1    120.1    127.4 2023  9 18 16 33 14.22000027  0.0   1
     3177  -1.6353654  101.1444580    3.45171      451.8      585.2      828.8    192.5    154.3     99.7 2023  9 19 22 37 53.88000107  0.0   1
     3178  -1.6403604  101.1420980    2.67214      189.4       32.9       49.2    143.1     91.3     84.3 2023  9 20 20 41 28.63999939  0.0   1
     3179  -1.6422642  101.1466309    2.54128      693.7     -177.6      -81.7    146.4    135.2    165.2 2023  9 21  3 26 18.59000015  0.0   1
     3180  -1.6388255  101.1538981    2.82893     1502.4      202.6      206.0    154.0    117.1    144.6 2023  9 21  3 26 48.38999939  0.0   1
     3181  -1.6385614  101.1434896    3.16888      344.2      231.9      545.9    172.1    148.4    107.5 2023  9 21  3 26 59.63000107  0.0   1
     3182  -1.6437870  101.1229248    1.50727    -1944.0     -346.0    -1115.7    362.0    193.0    539.7 2023  9 21  3 27 59.75000000  0.0   1
     3183  -1.6394606  101.1513590    2.58227     1220.2      132.4      -40.7    199.6    190.3    165.5 2023  9 21  3 28  2.72000003  0.0   1
     3184  -1.6396861  101.1453369    2.73061      549.5      107.5      107.7    113.4    125.8    121.2 2023  9 21  3 28 44.74000168  0.0   1
     3185  -1.6424721  101.1176107    0.98223    -2535.2     -200.6    -1640.7    312.5    315.8    545.0 2023  9 21  3 37 14.60999966  0.0   1
     3186  -1.6464387  101.1445719    2.39356      464.7     -639.2     -229.4    200.8    158.9    156.0 2023  9 21  3 43  8.53999996  0.0   1
     3187  -1.6442972  101.1420492    2.41960      183.7     -402.4     -203.3    193.6    140.1    138.7 2023  9 21  3 43 36.95999908  0.0   1
     3188  -1.6409050  101.1418620    3.46092      162.8      -27.3      838.0    230.3    155.6    129.7 2023  9 21  3 44 35.31000137  0.0   1
     3189  -1.6387973  101.1409993    3.00685       66.8      205.8      383.9    234.4    136.6    105.2 2023  9 21  3 45  0.40000001  0.0   1
     3190  -1.6378755  101.1394775    2.57098     -102.1      307.7      -52.0    181.4    122.6    107.3 2023  9 21  3 46 23.75000000  0.0   1
     3191  -1.6409032  101.1441325    2.88365      416.0      -27.1      260.7    142.7    114.4     86.6 2023  9 21  3 47 35.90000153  0.0   1
     3192  -1.6403077  101.1463053    2.77675      657.6       38.7      153.8    142.0    149.4    125.8 2023  9 21  3 47 45.47000122  0.0   1
     3193  -1.6400637  101.1428467    2.85286      272.9       65.7      229.9    139.0    115.6     92.6 2023  9 21  3 50 10.31999969  0.0   1
     3194  -1.6340836  101.1396159    3.01097      -87.0      727.0      388.0    221.9    131.7    100.2 2023  9 21  3 51 53.75000000  0.0   1
     3195  -1.6360717  101.1448079    3.26074      491.0      507.2      637.8    174.8    168.7    108.1 2023  9 21  3 54 41.15999985  0.0   1
     3196  -1.6355028  101.1568278    2.88563     1828.2      570.1      262.7    210.5    148.2    160.4 2023  9 21  3 54 56.18999863  0.0   1
     3197  -1.6363856  101.1475993    3.12109      801.7      472.4      498.1    136.6    147.9     92.9 2023  9 21  3 55  2.20000005  0.0   1
     3198  -1.6396697  101.1471436    2.78180      750.6      109.3      158.9    110.0    117.4    104.4 2023  9 21  3 57 10.92000008  0.0   1
     3200  -1.6405024  101.1651530    2.29503     2754.4       17.2     -327.9    456.9    617.3    532.3 2023  9 21 18  0 24.65999985  0.0   1
     3202  -1.6434296  101.1486410    2.94021      917.2     -306.4      317.3    203.0    153.1    165.7 2023  9 21 18  2 53.29999924  0.0   1
     3203  -1.6416673  101.1411458    2.53541       83.4     -111.6      -87.5    144.2    113.0    117.4 2023  9 21 18  3  1.86000001  0.0   1
     3204  -1.6393754  101.1488607    2.48560      941.3      141.8     -137.3    152.9    104.0    107.1 2023  9 21 18  3  6.84000015  0.0   1
     3205  -1.6379041  101.1709229    0.26624     3396.3      304.5    -2356.7    378.1    447.2    960.8 2023  9 21 18  3 55.40000153  0.0   1
     3206  -1.6398482  101.1549561    2.52727     1619.9       89.6      -95.7    294.3    185.0    241.7 2023  9 21 18  3 58.45999908  0.0   1
     3207  -1.6371502  101.1589274    1.71330     2062.0      387.9     -909.6    126.8    178.8    212.8 2023  9 21 18  4  4.84000015  0.0   1
     3208  -1.6420258  101.1437988    2.61356      379.0     -151.2       -9.4    147.9    113.6    123.6 2023  9 21 18  4  8.68000031  0.0   1
     3209  -1.6459343  101.1389404    2.97685     -162.1     -583.4      353.9    238.2    133.9    120.5 2023  9 21 18  5 31.94000053  0.0   1
     3210  -1.6432630  101.1399577    2.90058      -48.7     -288.0      277.6    234.6     93.8     97.0 2023  9 21 18  5 48.38000107  0.0   1
     3211  -1.6524579  101.1231120    2.12640    -1923.4    -1304.7     -496.5    142.1    123.1    182.3 2023  9 21 18  6 39.50000000  0.0   1
     3212  -1.6475313  101.1360514    2.94947     -483.9     -760.0      326.5    262.9    132.2    135.8 2023  9 21 18 40 21.60000038  0.0   1
     3213  -1.6392604  101.1520345    3.02163     1295.3      154.6      398.7    160.0    134.0    127.9 2023  9 28  7  5  1.83000004  0.0   1
     3214  -1.6372257  101.1456624    2.93327      586.1      379.5      310.3    134.0    120.1     95.3 2023  9 28  7 39  3.82999992  0.0   1
     3215  -1.6429591  101.1440023    2.76896      401.1     -254.4      146.0    152.6    150.5    128.1 2023  9 28  7 40  2.51999998  0.0   1
     3216  -1.6390451  101.1484538    2.64836      896.7      178.4       25.4    125.8    129.0    117.8 2023  9 28  7 55 56.93999863  0.0   1
     3217  -1.6406119  101.1444336    2.58410      449.2        5.1      -38.8    122.2     81.6    106.5 2023  9 28  7 56  5.48999977  0.0   1
     3218  -1.6450954  101.1465902    2.42097      689.5     -490.6     -202.0    103.4    154.4    150.8 2023  9 28  7 56 11.47999954  0.0   1
     3219  -1.6374527  101.1443197    3.39317      436.4      354.4      770.2    171.4    139.0    113.3 2023  9 28  7 57 46.27000046  0.0   1
     3220  -1.6439855  101.1507243    2.30061     1149.6     -367.9     -322.3    250.6    133.3    233.1 2023  9 28  7 59 35.90000153  0.0   1
     3221  -1.6422900  101.1427653    2.36137      263.5     -180.4     -261.6    175.4    114.4    124.2 2023  9 28  8  1 35.72000122  0.0   1
     3222  -1.6388635  101.1477946    2.27309      823.1      198.4     -349.9    173.5    145.4    148.2 2023  9 28  8  2  3.35999990  0.0   1
     3223  -1.6422026  101.1463053    2.53273      657.7     -170.8      -90.2    152.6    120.4    139.8 2023  9 28  8  2 40.31000137  0.0   1
     3224  -1.6397846  101.1477214    2.24458      815.3       96.6     -378.4    159.7     85.2    145.2 2023  9 28  8  7 49.70999908  0.0   1
     3225  -1.6428808  101.1461019    2.35816      635.1     -245.8     -264.8    136.1    106.5    144.4 2023  9 28  8 13  6.84000015  0.0   1
     3226  -1.6395123  101.1468262    2.41349      715.4      126.7     -209.5    145.2    105.7    118.1 2023  9 28  8 15 50.84999847  0.0   1
     3227  -1.6447558  101.1439616    2.28441      396.9     -453.1     -338.5    171.1    153.8    175.2 2023  9 28  8 15 58.18999863  0.0   1
     3228  -1.6431544  101.1466390    2.68220      694.9     -276.0       59.3    159.2     92.8     99.9 2023  9 28  8 17  0.49000001  0.0   1
     3229  -1.6390603  101.1446126    2.56104      469.4      176.7      -61.9    351.8    125.6    133.1 2023  9 28  8 17 24.29000092  0.0   1
     3230  -1.6409187  101.1442708    2.77682      431.2      -28.8      153.9    132.1    100.3    107.2 2023  9 28  8 19 49.29999924  0.0   1
     3231  -1.6408861  101.1404378    2.62061        4.2      -25.2       -2.3    172.9     92.5     98.9 2023  9 28  8 20 55.52000046  0.0   1
     3232  -1.6405807  101.1462321    2.52078      649.0        8.6     -102.2    136.3     79.0    116.8 2023  9 28  8 26 42.88000107  0.0   1
     3233  -1.6421936  101.1472331    2.32198      760.7     -169.8     -301.0    155.8     91.9    153.3 2023  9 28  8 26 46.84000015  0.0   1
     3234  -1.6419011  101.1440592    2.66833      407.3     -137.4       45.4    144.2     94.3    119.3 2023  9 28  8 27  2.09999990  0.0   1
     3235  -1.6434608  101.1480957    2.22908      856.5     -309.9     -393.9    239.4    126.3    229.2 2023  9 28  8 29 31.02000046  0.0   1
     3236  -1.6415857  101.1448079    2.60558      491.0     -102.6      -17.4    178.9    142.3    131.8 2023  9 28  8 33 52.38000107  0.0   1
     3237  -1.6418648  101.1422770    2.47829      208.9     -133.4     -144.7    145.2    102.7    117.7 2023  9 28  8 34 52.70000076  0.0   1
     3238  -1.6398605  101.1414876    2.76440      121.4       88.2      141.5    123.4     82.9     85.2 2023  9 28  8 35 23.65999985  0.0   1
     3239  -1.6386172  101.1460531    2.12938      629.1      225.7     -493.6    130.8     95.4    121.7 2023  9 28  8 35 37.04000092  0.0   1
     3240  -1.6422195  101.1401123    2.60684      -31.5     -172.6      -16.1    179.6    101.1    103.4 2023  9 28  8 36  6.26000023  0.0   1
     3241  -1.6416440  101.1448893    2.43753      499.9     -109.0     -185.4    130.4     99.4    125.3 2023  9 28  8 36  9.26000023  0.0   1
     3242  -1.6439571  101.1461914    2.45252      645.0     -364.8     -170.4    151.7     92.0    141.6 2023  9 28  8 36 18.69000053  0.0   1
     3243  -1.6426346  101.1368978    2.91912     -389.4     -218.5      296.2    178.2     97.9     98.8 2023  9 28  8 36 33.70999908  0.0   1
     3244  -1.6462224  101.1428141    2.18676      268.7     -615.3     -436.2    163.5    118.1    165.5 2023  9 28  8 36 39.86999893  0.0   1
     3245  -1.6501785  101.1415527    2.43849      128.8    -1052.7     -184.4    399.6    220.4    288.1 2023  9 28  8 37 37.74000168  0.0   1
     3246  -1.6405076  101.1420166    2.67102      180.0       16.7       48.1    112.9     77.9     93.3 2023  9 28  8 37 40.75999832  0.0   1
     3247  -1.6410229  101.1415609    2.77826      129.6      -40.3      155.3    138.1     80.6     85.2 2023  9 28  8 38  9.71000004  0.0   1
     3248  -1.6385389  101.1459717    2.54664      620.4      234.3      -76.3    132.7    116.2    110.5 2023  9 28  8 39  3.31999993  0.0   1
     3249  -1.6411991  101.1415527    2.72712      128.5      -59.8      104.2    129.3     83.3     76.2 2023  9 28  8 39 16.25000000  0.0   1
     3250  -1.6416066  101.1413493    2.63590      106.0     -104.9       13.0    137.2    144.7    135.8 2023  9 28  8 39 29.69000053  0.0   1
     3251  -1.6409665  101.1419189    2.68843      168.9      -34.1       65.5    135.0     96.7    112.4 2023  9 28  8 40 15.93999958  0.0   1
     3252  -1.6414883  101.1460449    2.57541      628.1      -91.8      -47.5    135.9    106.5    117.9 2023  9 28  8 40 38.47999954  0.0   1
     3253  -1.6430083  101.1404460    2.69345        5.5     -259.9       70.5    160.6     93.1    107.8 2023  9 28  8 40 41.38000107  0.0   1
     3254  -1.6460433  101.1427246    2.56045      259.4     -595.5      -62.5    184.3    117.6    149.8 2023  9 28  8 41  2.16000009  0.0   1
     3255  -1.6418967  101.1491130    2.58610      969.6     -137.0      -36.8    222.4    148.8    134.6 2023  9 28  8 41 20.87999916  0.0   1
     3256  -1.6396996  101.1412516    2.55528       95.2      106.0      -67.7    109.5     80.5    105.0 2023  9 28  8 41 55.04999924  0.0   1
     3257  -1.6385688  101.1467529    3.33583      707.3      231.0      712.9    182.0    135.5    115.1 2023  9 28  8 42 14.56999969  0.0   1
     3258  -1.6447651  101.1403727    2.80351       -2.4     -454.1      180.6    158.3     96.2    103.4 2023  9 28  8 42 19.54999924  0.0   1
     3259  -1.6446910  101.1485677    2.50027      909.2     -445.9     -122.7    116.1    151.3    153.4 2023  9 28  8 43 54.72999954  0.0   1
     3260  -1.6492353  101.1457031    1.86888      590.6     -948.4     -754.1    178.1    128.2    171.3 2023  9 28  8 44 16.90999985  0.0   1
     3261  -1.6387333  101.1444336    3.00178      448.9      212.9      378.8    132.6    110.9     95.4 2023  9 28  8 44 28.37999916  0.0   1
     3262  -1.6406681  101.1411133    2.81324       79.7       -1.1      190.3    160.3    107.6    106.7 2023  9 28  8 47 19.86000061  0.0   1
     3263  -1.6414157  101.1441650    2.65830      419.2      -83.8       35.4    148.8    112.5    108.3 2023  9 28  8 47 33.06999969  0.0   1
     3264  -1.6424913  101.1403809    2.96319       -1.9     -202.7      340.2    256.4    131.0    134.5 2023  9 28  8 51 42.25999832  0.0   1
     3265  -1.6425452  101.1395996    2.77920      -88.6     -208.6      156.3    183.4     96.4     77.8 2023  9 28  8 59 46.52999878  0.0   1
     3266  -1.6414099  101.1434733    2.53812      342.4      -83.1      -84.8    132.7     78.7    102.2 2023  9 28  9  4 21.27000046  0.0   1
     3267  -1.6423719  101.1412842    2.73679       98.7     -189.5      113.9    190.8     95.4     95.6 2023  9 28  9  5 15.84000015  0.0   1
     3268  -1.6423850  101.1460368    2.57111      627.9     -190.9      -51.8    138.8     89.4    131.8 2023  9 28  9 10 20.37000084  0.0   1
     3269  -1.6431681  101.1329427    2.90636     -829.4     -277.5      283.4    185.4    123.9    104.4 2023  9 28  9 17 17.36000061  0.0   1
     3270  -1.6385644  101.1409505    2.63015       61.8      231.5        7.2    161.7    115.8    118.0 2023 10  5  7 35 44.90999985  0.0   1
     3271  -1.6136871  101.1354574    2.21482     -549.3     2982.3     -408.1    524.5    390.1    283.6 2023 10  8  0 46  1.73000002  0.0   1
     3272  -1.6136869  101.1326172    2.57811     -865.5     2982.3      -44.8    514.5    454.1    278.3 2023 10  8  0 46 50.84000015  0.0   1
     3273  -1.6361768  101.1355143    3.21760     -543.3      495.5      594.7    259.8    140.8    105.4 2023 10  9 12  0 57.20999908  0.0   1
     3274  -1.6358952  101.1602376    2.58443     2207.4      526.7      -38.5    205.1    136.7    198.2 2023 10  9 13 10 28.75000000  0.0   1
     3275  -1.6425753  101.1462565    2.26930      652.1     -212.0     -353.6    162.7    145.7    144.8 2023 10 10  8 52 47.47999954  0.0   1
     3276  -1.6469568  101.1452799    3.12540      543.5     -696.5      502.5    176.6     97.9    127.0 2023 10 12  2  8 51.72999954  0.0   1
     3277  -1.6460749  101.1448975    2.46086      501.0     -599.0     -162.1    188.8    120.9    129.5 2023 10 12  2 25 53.88999939  0.0   1
     3278  -1.6510297  101.1438721    2.64195      386.5    -1146.8       19.0    195.9    180.9    183.4 2023 10 12  2 26 44.36999893  0.0   1
     3279  -1.6453903  101.1404134    2.70584        1.7     -523.3       82.9    180.5    121.0    119.7 2023 10 12  7 33 35.72000122  0.0   1
     3280  -1.6397193  101.1361816    2.97919     -469.3      103.8      356.2    274.3    179.7    150.3 2023 10 12  7 35 26.72999954  0.0   1
     3281  -1.6362980  101.1434570    3.17601      340.3      482.1      553.1    162.3    133.0     99.7 2023 10 12  7 44 21.15999985  0.0   1
     3282  -1.6358415  101.1463216    3.28169      658.9      532.6      658.7    154.2    155.0    104.2 2023 10 14  8 24 30.54000092  0.0   1
     3283  -1.6368211  101.1450928    3.45220      522.9      424.3      829.3    210.6    168.7    107.6 2023 10 14 10 32 46.22999954  0.0   1
     3284  -1.6381179  101.1405599    2.89367       17.7      280.9      270.7    248.4    167.1    126.9 2023 10 14 16 31 41.02000046  0.0   1
     3285  -1.6406984  101.1358724    3.49671     -503.1       -4.4      873.8    256.1    171.0    133.5 2023 10 17  8 13 56.77000046  0.0   1
     3286  -1.6415830  101.1248454    2.76358    -1730.5     -102.3      140.6    208.5    146.9    193.1 2023 10 17  9  1 32.40999985  0.0   1
     3287  -1.6363494  101.1074463    1.07732    -3666.7      476.4    -1545.6    311.4    336.5    447.4 2023 10 18  0 33 19.65999985  0.0   1
     3288  -1.6345468  101.1352051    1.98869     -577.8      675.8     -634.3    446.9    361.7    392.0 2023 10 18 14 21 34.95000076  0.0   1
