     2719  -1.6420179  101.1461263    2.81013      637.6     -150.3      187.2      0.9      0.6      0.4 2023  1  3  3 43 21.02000046  0.0   1
     2720  -1.6380614  101.1481201    3.00304      859.6      287.1      380.1      1.2      1.2      0.9 2023  1  3  3 52  5.73000002  0.0   1
     2721  -1.6357573  101.1507812    2.69216     1155.2      541.9       69.2      1.8      1.6      1.2 2023  1  3  3 52 21.03000069  0.0   1
     2722  -1.6425264  101.1382406    2.75540     -239.6     -206.6      132.5      1.9      1.1      0.6 2023  1  3  3 52 34.75000000  0.0   1
     2723  -1.6400649  101.1446696    2.81995      475.0       65.6      197.0      0.8      0.4      0.5 2023  1  3  4  2 20.45000076  0.0   1
     2724  -1.6400127  101.1456543    2.90006      584.9       71.4      277.1      0.9      0.8      0.6 2023  1  4 20 11 39.40000153  0.0   1
     2725  -1.6405674  101.1431803    2.90178      309.9       10.0      278.8      1.3      0.9      0.6 2023  1  4 20 16 15.53999996  0.0   1
     2726  -1.6455203  101.1406413    2.59033       26.9     -537.6      -32.6      2.9      1.2      1.0 2023  1  4 20 17  9.68000031  0.0   1
     2727  -1.6487540  101.1280436    1.82351    -1375.0     -895.2     -799.4     14.0     11.9     14.2 2023  1  4 20 18 22.71999931  0.0   1
     2729  -1.6459539  101.1396729    2.77928      -80.3     -585.6      156.3      2.9      0.7      0.7 2023  1 11 13 28 50.43999863  0.0   1
     2734  -1.6410622  101.1464925    3.01399      678.5      -44.7      391.0      1.8      1.2      0.8 2023  1 20 18 30  0.36000001  0.0   1
     2735  -1.6442285  101.1387044    2.98770     -187.9     -394.8      364.8      1.3      0.8      0.5 2023  1 20 19 10 25.45999908  0.0   1
     2736  -1.6417423  101.1445964    2.61879      467.7     -119.9       -4.1      0.8      0.5      0.5 2023  1 20 19 10 36.45999908  0.0   1
     2737  -1.6420012  101.1428874    2.60139      277.5     -148.5      -21.6      1.3      0.5      0.4 2023  1 20 19 11 19.44000053  0.0   1
     2738  -1.6407482  101.1410238    3.03128       70.0      -10.0      408.3      1.3      0.8      0.5 2023  1 20 19 11 38.47999954  0.0   1
     2739  -1.6392537  101.1428711    2.87600      275.2      155.3      253.1      1.1      0.8      0.6 2023  1 20 19 11 46.86000061  0.0   1
     2740  -1.6406921  101.1422933    2.68238      210.7       -3.8       59.4      1.4      0.8      0.6 2023  1 20 19 12  2.07999992  0.0   1
     2741  -1.6415932  101.1438314    2.87406      382.3     -103.4      251.1      1.2      0.5      0.3 2023  1 20 19 12 14.30000019  0.0   1
     2742  -1.6451488  101.1381836    2.68631     -246.0     -496.6       63.4      2.1      1.7      1.2 2023  1 20 19 12 27.89999962  0.0   1
     2743  -1.6410227  101.1435628    2.75408      352.6      -40.3      131.1      1.1      0.7      0.5 2023  1 20 19 12 41.43999863  0.0   1
     2744  -1.6391944  101.1415690    3.13487      130.2      161.9      511.9      2.2      1.2      0.9 2023  1 20 19 12 45.20000076  0.0   1
     2745  -1.6418645  101.1423747    2.96678      220.0     -133.4      343.8      1.5      0.4      0.4 2023  1 20 19 12 58.77999878  0.0   1
     2746  -1.6426000  101.1435791    2.90773      353.8     -214.7      284.8      1.2      0.7      0.5 2023  1 20 19 13  8.81999969  0.0   1
     2747  -1.6453519  101.1430583    2.56434      296.3     -519.0      -58.6      2.3      0.8      0.6 2023  1 20 19 13 21.52000046  0.0   1
     2748  -1.6389076  101.1409505    3.10995       62.0      193.6      487.0      3.2      1.5      0.7 2023  1 20 19 13 50.47999954  0.0   1
     2749  -1.6411410  101.1304932    2.46575    -1102.5      -53.4     -157.2      1.8      1.2      1.5 2023  1 20 19 13 59.40000153  0.0   1
     2750  -1.6399354  101.1355713    2.82984     -536.7       79.9      206.9      1.1      1.4      0.5 2023  1 20 19 14 14.26000023  0.0   1
     2751  -1.6417596  101.1447591    2.92152      485.3     -121.8      298.6      1.3      0.8      0.4 2023  1 20 19 14 47.25999832  0.0   1
     2752  -1.6421118  101.1468669    2.75167      720.2     -160.7      128.7      1.4      0.9      0.8 2023  1 20 19 14 50.77999878  0.0   1
     2753  -1.6426945  101.1389974    2.89258     -155.7     -225.2      269.6      2.6      0.9      0.6 2023  1 20 19 15  4.05999994  0.0   1
     2754  -1.6415948  101.1440755    2.72358      409.3     -103.6      100.6      0.8      0.5      0.3 2023  1 20 19 15 37.75999832  0.0   1
     2755  -1.6412120  101.1432129    2.74766      313.0      -61.2      124.7      0.7      0.6      0.5 2023  1 20 19 15 47.91999817  0.0   1
     2756  -1.6409945  101.1426676    2.78480      252.9      -37.2      161.9      0.7      0.4      0.3 2023  1 20 19 16  4.34000015  0.0   1
     2757  -1.6427776  101.1379720    2.78172     -269.4     -234.4      158.8      1.3      0.8      0.6 2023  1 20 19 16 23.39999962  0.0   1
     2758  -1.6378386  101.1461182    2.89666      636.4      311.8      273.7      1.2      1.2      0.8 2023  1 20 19 16 33.02000046  0.0   1
     2759  -1.6409847  101.1449707    2.77935      508.6      -36.1      156.4      0.8      0.5      0.4 2023  1 20 19 16 54.11999893  0.0   1
     2760  -1.6414813  101.1488118    2.73005      936.0      -91.0      107.1      1.4      0.7      0.7 2023  1 20 19 17 18.65999985  0.0   1
     2761  -1.6413970  101.1423503    2.78736      217.1      -81.7      164.4      1.3      0.6      0.5 2023  1 20 19 17 23.44000053  0.0   1
     2762  -1.6418367  101.1428060    2.74277      267.7     -130.3      119.8      0.9      0.4      0.4 2023  1 20 19 17 53.41999817  0.0   1
     2763  -1.6449636  101.1215413    1.86693    -2098.3     -476.1     -756.0      1.5      1.7      1.8 2023  1 20 19 17 59.56000137  0.0   1
     2764  -1.6372710  101.1491781    2.96370      977.5      374.5      340.8      1.3      1.3      0.7 2023  1 20 19 18 19.47999954  0.0   1
     2765  -1.6434516  101.1459961    2.92073      623.2     -308.9      297.8      1.3      0.8      0.8 2023  1 20 19 18 31.20000076  0.0   1
     2766  -1.6442368  101.1382975    2.69723     -233.4     -395.7       74.3      2.0      1.0      0.7 2023  1 20 19 18 39.00000000  0.0   1
     2767  -1.6413732  101.1406413    2.89705       26.8      -79.1      274.1      2.6      0.9      0.6 2023  1 20 19 20 12.10000038  0.0   1
     2768  -1.6423593  101.1369141    2.72719     -387.6     -188.1      104.3      1.1      0.7      0.4 2023  1 20 19 20 39.81999969  0.0   1
     2769  -1.6426745  101.1440186    2.87485      403.2     -222.9      251.9      1.4      0.6      0.6 2023  1 20 19 21  7.40000010  0.0   1
     2770  -1.6423372  101.1395345    2.90526      -95.9     -185.6      282.3      1.5      0.7      0.5 2023  1 20 19 21 18.81999969  0.0   1
     2771  -1.6411944  101.1519531    2.53640     1285.8      -59.3      -86.5      1.7      1.7      1.2 2023  1 20 19 21 59.91999817  0.0   1
     2772  -1.6426641  101.1446777    3.00598      476.7     -221.8      383.0      0.9      0.6      0.5 2023  1 20 19 22 12.19999981  0.0   1
     2773  -1.6389721  101.1540527    2.36678     1519.9      186.4     -256.2      1.9      1.7      1.7 2023  1 20 19 22 39.93999863  0.0   1
     2774  -1.6433155  101.1397705    3.06163      -69.8     -293.8      438.7      1.5      0.6      0.5 2023  1 20 19 22 45.40000153  0.0   1
     2775  -1.6449261  101.1355794    2.80519     -535.9     -471.9      182.2      1.3      0.7      0.5 2023  1 20 19 23  1.05999994  0.0   1
     2776  -1.6461494  101.1427734    2.41934      264.2     -607.2     -203.6      1.9      1.0      1.6 2023  1 20 19 23  6.86000013  0.0   1
     2777  -1.6414377  101.1391520    2.77222     -139.0      -86.2      149.3      1.7      0.7      0.5 2023  1 20 19 24 26.95999908  0.0   1
     2778  -1.6454559  101.1261312    2.53338    -1587.1     -530.5      -89.6      3.3      2.0      2.8 2023  1 20 19 24 30.94000053  0.0   1
     2779  -1.6458308  101.1342611    2.60873     -682.6     -572.0      -14.2      6.2      0.9      0.7 2023  1 20 19 24 45.20000076  0.0   1
     2780  -1.6483494  101.1362956    2.39887     -456.8     -850.4     -224.1      4.4      1.5      1.5 2023  1 20 19 24 52.18000031  0.0   1
     2782  -1.6397374  101.1519206    2.62931     1281.9      101.8        6.4      1.7      1.6      1.2 2023  1 20 19 25 16.07999992  0.0   1
     2783  -1.6497612  101.1301514    1.67866    -1140.1    -1006.6     -944.3      4.6      2.0      2.5 2023  1 20 19 26 19.50000000  0.0   1
     2784  -1.6360119  101.1564616    2.78020     1787.4      513.8      157.3      3.2      4.2      3.0 2023  1 20 19 26 40.24000168  0.0   1
     2785  -1.6459269  101.1465251    2.87676      681.5     -582.6      253.8      1.7      1.2      1.2 2023  1 20 19 26 53.72000122  0.0   1
     2786  -1.6414480  101.1441976    2.64685      422.5      -87.3       23.9      0.7      0.6      0.5 2023  1 20 19 28  3.14000010  0.0   1
     2787  -1.6432613  101.1395671    2.67845      -92.0     -287.8       55.5      1.5      0.6      0.5 2023  1 20 19 28 27.34000015  0.0   1
     2788  -1.6413530  101.1437337    2.83823      370.9      -76.8      215.3      0.8      0.6      0.4 2023  1 20 19 28 29.31999969  0.0   1
     2789  -1.6409800  101.1438965    2.66331      389.6      -35.6       40.4      1.0      0.6      0.4 2023  1 20 19 28 39.91999817  0.0   1
     2790  -1.6457664  101.1427816    2.76881      265.1     -564.8      145.9      2.0      0.7      0.7 2023  1 20 19 29 12.73999977  0.0   1
     2791  -1.6432200  101.1419271    2.86036      170.0     -283.3      237.4      1.2      0.9      0.7 2023  1 20 19 29 38.18000031  0.0   1
     2792  -1.6418308  101.1443278    2.79386      437.4     -129.7      170.9      1.0      0.7      0.5 2023  1 20 19 30 28.65999985  0.0   1
     2793  -1.6417273  101.1418376    2.74904      160.4     -118.2      126.1      1.0      0.7      0.5 2023  1 20 19 30 43.77999878  0.0   1
     2794  -1.6451780  101.1332113    2.53557     -799.5     -499.8      -87.4      2.9      1.2      1.4 2023  1 20 19 30 58.61999893  0.0   1
     2795  -1.6339152  101.1566325    2.10457     1806.4      745.6     -518.4      4.1      5.5      4.1 2023  1 20 19 31  4.38000011  0.0   1
     2796  -1.6423827  101.1478190    2.55629      826.2     -190.7      -66.7      2.4      1.9      1.6 2023  1 20 19 31  9.84000015  0.0   1
     2797  -1.6419829  101.1431071    2.89978      301.6     -146.5      276.8      0.8      0.6      0.5 2023  1 20 19 31 49.70000076  0.0   1
     2798  -1.6419636  101.1488444    2.78432      940.2     -144.3      161.4      1.8      1.2      1.0 2023  1 20 19 32  3.83999991  0.0   1
     2799  -1.6421085  101.1441650    2.77592      419.2     -160.4      153.0      1.0      0.4      0.5 2023  1 20 19 32  9.02000046  0.0   1
     2800  -1.6414458  101.1414632    2.91227      118.5      -87.1      289.3      0.7      0.3      0.3 2023  1 20 19 32 20.89999962  0.0   1
     2801  -1.6425320  101.1402262    2.76032      -19.3     -207.2      137.4      1.8      0.5      0.4 2023  1 20 19 32 52.88000107  0.0   1
     2802  -1.6416873  101.1435140    2.74116      346.8     -113.8      118.2      0.9      0.6      0.5 2023  1 20 19 32 59.25999832  0.0   1
     2803  -1.6426512  101.1415690    2.93707      130.2     -220.4      314.1      1.4      0.5      0.5 2023  1 20 19 33  9.80000019  0.0   1
     2804  -1.6428955  101.1374756    2.73574     -324.7     -247.4      112.8      1.6      0.8      0.4 2023  1 20 19 33 34.56000137  0.0   1
     2805  -1.6419978  101.1499674    2.84049     1065.1     -148.1      217.5      1.6      1.2      1.0 2023  1 20 19 33 48.00000000  0.0   1
     2806  -1.6432515  101.1384033    2.87726     -221.5     -286.8      254.3      1.7      0.8      0.5 2023  1 20 19 33 53.97999954  0.0   1
     2807  -1.6405511  101.1475830    2.70099      799.3       11.8       78.1      0.7      0.6      0.4 2023  1 20 19 34 15.69999981  0.0   1
     2808  -1.6459988  101.1271322    1.28699    -1476.4     -590.5    -1336.0      3.9      2.6      6.0 2023  1 20 19 34 33.22000122  0.0   1
     2809  -1.6444628  101.1349121    2.63148     -609.9     -420.7        8.5      2.0      1.2      1.0 2023  1 20 19 34 48.20000076  0.0   1
     2810  -1.6414378  101.1430501    2.63058      295.1      -86.2        7.6      1.1      0.7      0.6 2023  1 20 19 34 58.11999893  0.0   1
     2811  -1.6424704  101.1472412    2.97598      761.4     -200.4      353.0      1.4      1.0      0.6 2023  1 20 19 35 21.10000038  0.0   1
     2812  -1.6414021  101.1418294    2.92417      159.7      -82.3      301.2      1.0      0.5      0.3 2023  1 20 19 35 48.25999832  0.0   1
     2813  -1.6416295  101.1450195    2.76334      514.0     -107.4      140.4      0.8      0.4      0.3 2023  1 20 19 36 32.65999985  0.0   1
     2814  -1.6436199  101.1447591    2.87456      485.1     -327.5      251.6      0.9      0.5      0.5 2023  1 20 19 36 50.90000153  0.0   1
     2815  -1.6418032  101.1423584    2.78042      217.9     -126.6      157.5      1.2      0.8      0.6 2023  1 20 19 43 50.43999863  0.0   1
     2816  -1.6422733  101.1429036    2.90140      278.8     -178.6      278.5      1.4      0.7      0.6 2023  1 20 19 43 54.97999954  0.0   1
     2817  -1.6408649  101.1441488    2.73661      417.3      -22.9      113.7      0.7      0.5      0.4 2023  1 20 19 49 56.54000092  0.0   1
     2818  -1.6423421  101.1446289    2.88492      471.3     -186.2      262.0      1.7      1.0      0.6 2023  1 20 19 53 30.76000023  0.0   1
     2819  -1.6413934  101.1435628    2.80703      352.4      -81.3      184.1      1.0      0.5      0.3 2023  1 20 19 57 15.27999973  0.0   1
     2820  -1.6419498  101.1434163    2.61498      335.8     -142.8       -8.0      1.0      0.6      0.3 2023  1 20 19 57 23.65999985  0.0   1
     2821  -1.6404544  101.1434896    2.76331      343.9       22.5      140.4      0.9      0.6      0.4 2023  1 20 20 23  4.65999985  0.0   1
     2822  -1.6412874  101.1404297    2.81088        3.5      -69.6      187.9      3.5      1.2      1.0 2023  1 21  1 56 37.25000000  0.0   1
     2823  -1.6390270  101.1481445    2.84607      862.3      180.4      223.1      1.1      1.0      0.6 2023  1 30 17 30  4.76000023  0.0   1
     2824  -1.6417706  101.1396484    2.80126      -82.9     -123.0      178.3      1.9      0.5      0.4 2023  1 30 17 30 40.74000168  0.0   1
     2825  -1.6452211  101.1282227    1.95128    -1354.8     -504.5     -671.7      1.5      1.1      1.3 2023  2 18 22 35 10.69999981  0.0   1
     2826  -1.6384607  101.1438314    2.83839      381.9      243.0      215.4      1.1      0.7      0.4 2023  2 18 22 38 25.92000008  0.0   1
     2827  -1.6409546  101.1427083    2.67921      256.7      -32.8       56.3      1.6      0.6      0.7 2023  2 18 22 38 33.40000153  0.0   1
     2828  -1.6449217  101.1305257    2.19600    -1098.6     -471.4     -426.9      1.8      1.1      1.3 2023  2 18 22 39  5.48000002  0.0   1
     2829  -1.6469721  101.1361654    2.39727     -471.2     -698.2     -225.7      1.9      1.4      1.0 2023  2 26 15 14 57.77000046  0.0   1
     2830  -1.6465036  101.1325846    2.01622     -869.0     -646.3     -606.7      1.7      1.1      1.3 2023  2 27 22 34 11.93999958  0.0   1
     2831  -1.6425734  101.1525391    2.68772     1351.4     -211.8       64.8      1.8      2.1      1.3 2023  2 27 22 34 17.97999954  0.0   1
     2832  -1.6472012  101.1367920    2.23919     -401.6     -723.5     -383.8      2.4      1.2      1.5 2023  2 27 22 34 39.31999969  0.0   1
     2833  -1.6414416  101.1342041    2.77992     -689.4      -86.6      157.0      1.4      0.9      0.7 2023  2 27 22 34 42.22000122  0.0   1
     2834  -1.6404680  101.1395915    2.76228      -89.5       21.0      139.3      1.1      0.6      0.5 2023  3  8  4 53 44.11000061  0.0   1
     2835  -1.6396461  101.1366211    2.84917     -420.4      111.9      226.2      1.1      0.7      0.4 2023  3 12 23 29 24.12000084  0.0   1
     2836  -1.6408501  101.1367839    2.92042     -402.3      -21.2      297.5      1.1      0.6      0.4 2023  3 19 14 58 26.79999924  0.0   1
     2837  -1.6417717  101.1445312    2.84907      459.7     -123.1      226.1      1.1      0.6      0.5 2023  3 19 14 58 27.35000038  0.0   1
     2838  -1.6384970  101.1434245    2.92013      337.0      239.0      297.2      1.0      0.6      0.4 2023  3 19 14 58 41.38999939  0.0   1
     2839  -1.6433594  101.1429769    2.75869      287.0     -298.7      135.8      2.7      0.8      0.7 2023  3 19 14 59  5.11999989  0.0   1
     2840  -1.6412889  101.1428874    2.88067      277.5      -69.7      257.7      1.2      0.6      0.5 2023  3 19 15  0 56.34000015  0.0   1
     2841  -1.6396871  101.1466471    2.80028      695.7      107.4      177.3      0.9      0.6      0.5 2023  3 19 15  7 48.63000107  0.0   1
     2842  -1.6415567  101.1433431    2.75934      328.0      -99.4      136.4      0.8      0.6      0.4 2023  3 19 15  8  6.13999987  0.0   1
     2843  -1.6407468  101.1452311    2.75322      537.9       -9.8      130.3      1.2      0.8      0.7 2023  3 19 15  8 45.77000046  0.0   1
     2844  -1.6416681  101.1451253    2.66840      526.2     -111.7       45.5      0.8      0.6      0.5 2023  3 19 15 10  1.89999998  0.0   1
     2845  -1.6419711  101.1411377    2.99725       82.8     -145.2      374.3      1.7      0.8      0.5 2023  3 19 15 10 17.05999947  0.0   1
     2846  -1.6414748  101.1341715    2.90975     -692.7      -90.3      286.8      1.0      1.0      0.6 2023  3 19 15 10 42.45999908  0.0   1
     2847  -1.6387839  101.1398275    3.26561      -63.6      207.3      642.7      2.1      1.4      0.8 2023  3 19 15 12  7.92000008  0.0   1
     2848  -1.6375880  101.1451172    3.04549      524.8      339.5      422.5      2.1      1.6      0.9 2023  3 19 15 12 41.66999817  0.0   1
     2849  -1.6399759  101.1455566    2.94820      574.3       75.4      325.3      1.1      1.0      0.9 2023  3 19 15 13  3.02999997  0.0   1
     2850  -1.6465890  101.1349284    2.71982     -608.3     -655.8       96.9      4.5      2.9      2.4 2023  3 19 15 13 29.22999954  0.0   1
     2851  -1.6407089  101.1418050    2.89669      157.0       -5.6      273.7      2.2      0.7      0.6 2023  3 19 15 14 14.53999996  0.0   1
     2852  -1.6444850  101.1293050    2.11153    -1234.4     -423.1     -511.4      1.5      1.2      1.3 2023  3 19 15 14 23.75000000  0.0   1
     2853  -1.6399924  101.1428141    2.73873      268.6       73.6      115.8      1.5      0.6      0.4 2023  3 19 15 17  0.95999998  0.0   1
     2854  -1.6410895  101.1416016    2.74639      134.4      -47.7      123.4      1.2      0.9      0.6 2023  3 19 15 17 15.43000031  0.0   1
     2855  -1.6391830  101.1441162    2.95426      413.7      163.1      331.3      1.7      0.9      0.8 2023  3 19 15 17 23.26000023  0.0   1
     2856  -1.6431160  101.1405192    2.75790       14.0     -271.8      135.0      3.1      0.8      0.5 2023  3 19 15 17 27.55999947  0.0   1
     2857  -1.6394377  101.1489339    2.90261      950.0      134.9      279.7      1.1      1.1      0.7 2023  3 19 15 17 37.34000015  0.0   1
     2858  -1.6407614  101.1423828    2.87091      221.0      -11.4      248.0      1.5      0.6      0.5 2023  3 30 10 37 55.43000031  0.0   1
     2859  -1.6413216  101.1460205    2.72945      625.4      -73.3      106.5      0.9      0.7      0.3 2023  3 30 10 38 31.47999954  0.0   1
     2860  -1.6440832  101.1361654    2.89070     -470.7     -378.7      267.8      1.3      0.6      0.4 2023  3 30 10 38 50.88000107  0.0   1
     2861  -1.6427326  101.1430664    2.96199      297.2     -229.4      339.0      1.1      0.6      0.4 2023  3 30 10 38 55.63999939  0.0   1
     2862  -1.6414778  101.1428223    2.65653      270.3      -90.6       33.6      1.1      0.9      0.7 2023  3 30 10 39 42.11999893  0.0   1
     2863  -1.6407831  101.1363200    3.23049     -454.1      -13.8      607.5      1.7      1.0      0.6 2023  3 30 10 39 48.84999847  0.0   1
     2864  -1.6417318  101.1427083    2.81460      257.3     -118.7      191.7      1.2      0.7      0.5 2023  3 30 10 40  7.73999977  0.0   1
     2865  -1.6412418  101.1400228    2.87427      -42.0      -64.5      251.3      1.4      0.8      0.8 2023  3 30 10 40 14.48999977  0.0   1
     2866  -1.6387990  101.1361165    2.86837     -476.5      205.6      245.4      1.3      0.9      0.5 2023  3 30 10 40 28.92000008  0.0   1
     2867  -1.6403200  101.1408122    2.76781       46.1       37.4      144.9      1.0      0.5      0.5 2023  3 30 10 40 36.38999939  0.0   1
     2868  -1.6388343  101.1438721    2.74110      386.4      201.7      118.2      1.1      0.8      0.4 2023  3 30 10 40 42.43999863  0.0   1
     2869  -1.6488949  101.1345703    2.82970     -647.9     -910.8      206.8      7.5      5.0      4.3 2023  3 30 10 41  9.31999969  0.0   1
     2870  -1.6417572  101.1422363    2.79773      204.3     -121.5      174.8      1.2      0.6      0.5 2023  3 30 10 41 20.13999939  0.0   1
     2871  -1.6459173  101.1384521    2.84701     -216.7     -581.5      224.1      2.1      0.7      0.6 2023  3 30 10 41 29.93000031  0.0   1
     2872  -1.6442816  101.1312419    2.48721    -1018.4     -400.7     -135.7      1.8      1.3      1.2 2023  3 30 10 42  3.19000006  0.0   1
     2873  -1.6417853  101.1443359    2.73850      438.0     -124.6      115.6      0.8      0.6      0.4 2023  3 30 10 42 11.61999989  0.0   1
     2874  -1.6425484  101.1406494    2.84095       27.8     -209.0      218.0      1.8      0.6      0.4 2023  3 30 10 45 34.45999908  0.0   1
     2875  -1.6398570  101.1377441    2.89676     -295.3       88.6      273.8      1.2      0.8      0.4 2023  3 30 10 49 11.32999992  0.0   1
     2877  -1.6384733  101.1475749    2.88289      798.3      241.6      260.0      1.0      0.8      0.6 2023  4  4 21 16 12.35999966  0.0   1
     2878  -1.6387774  101.1358968    3.03920     -500.6      208.0      416.3      1.2      1.3      0.6 2023  4  4 21 17 38.91999817  0.0   1
     2879  -1.6402702  101.1445638    2.70202      463.2       42.9       79.1      0.9      0.5      0.5 2023  4  4 21 19 37.68000031  0.0   1
     2880  -1.6397675  101.1499268    2.92863     1060.5       98.5      305.7      1.6      1.3      0.8 2023  4  4 21 20  7.90000010  0.0   1
     2881  -1.6390493  101.1448161    2.96808      492.0      177.9      345.1      1.1      0.8      0.6 2023  4  4 21 21 24.20000076  0.0   1
     2882  -1.6400758  101.1467692    2.56229      708.9       64.4      -60.7      1.2      0.7      0.5 2023  4  4 21 21 37.93999863  0.0   1
     2883  -1.6393764  101.1363932    2.82917     -445.6      141.7      206.2      1.6      1.1      0.5 2023  4  4 21 21 52.75999832  0.0   1
     2884  -1.6445707  101.1415283    2.56445      125.4     -432.6      -58.5      1.3      0.7      0.8 2023  4  4 21 21 54.95999908  0.0   1
     2885  -1.6389753  101.1527100    2.90061     1370.0      186.1      277.7      1.9      1.5      1.2 2023  4  4 21 22  3.64000010  0.0   1
     2886  -1.6438431  101.1409831    2.84694       65.4     -352.2      224.0      1.3      0.8      0.5 2023  4  7  6 28 12.28999996  0.0   1
     2889  -1.6021811  101.1265625    1.87782    -1539.8     4254.6     -745.1      7.8      6.3      5.0 2023  4 14  5 51 20.79999924  0.0   1
     2890  -1.6079928  101.1249919    2.17140    -1714.3     3611.9     -451.5      8.4      7.4      4.3 2023  4 14  5 51 25.79999924  0.0   1
     2893  -1.6384839  101.1444010    2.96403      446.0      240.4      341.1      1.0      0.7      0.5 2023  5 15 17 26 39.81999969  0.0   1
     2894  -1.6380283  101.1487223    2.93091      926.3      290.8      308.0      1.3      1.0      0.8 2023  5 15 17 32 30.39999962  0.0   1
     2895  -1.6444241  101.1399577    2.71581      -49.3     -416.4       92.9      1.5      0.8      0.6 2023  5 19 22 49 48.45999908  0.0   1
     2896  -1.6420831  101.1451335    2.81123      526.8     -157.6      188.3      1.2      0.9      0.6 2023  5 19 22 54 49.02000046  0.0   1
     2897  -1.6411399  101.1405680    2.84833       19.2      -53.3      225.4      3.0      0.9      0.5 2023  5 19 22 54 53.54000092  0.0   1
     2901  -1.6416208  101.1344808    2.72113     -658.1     -106.4       98.2      1.4      0.9      0.5 2023  5 27 15 42  8.60000038  0.0   1
     2903  -1.6432301  101.1388184    2.66143     -175.6     -284.4       38.5      3.7      1.8      0.9 2023  5 28 18 49 16.21999931  0.0   1
     2905  -1.6473071  101.1240967    1.72126    -1814.1     -735.2     -901.7      1.6      1.5      1.7 2023  6  6  1 40 44.04000092  0.0   1
     2906  -1.6412783  101.1324137    2.56583     -888.7      -68.6      -57.1      1.3      1.1      0.9 2023  6  6  1 42 24.76000023  0.0   1
     2907  -1.6397013  101.1361084    2.78647     -477.0      105.8      163.5      0.9      0.8      0.5 2023  6  6  1 48 22.26000023  0.0   1
     2908  -1.6410814  101.1447754    2.74146      487.4      -46.8      118.5      1.1      0.6      0.6 2023  6  6  1 48 43.06999969  0.0   1
     2909  -1.6428716  101.1478516    2.61742      829.6     -244.7       -5.5      1.1      0.8      0.8 2023  6  6  1 51 12.57999992  0.0   1
     2910  -1.6430077  101.1460856    2.66664      633.4     -259.8       43.7      1.5      0.6      0.7 2023  6  6  1 51 15.86999989  0.0   1
     2911  -1.6427041  101.1415609    2.86338      129.1     -226.2      240.4      1.1      0.5      0.4 2023  6  6  1 51 30.25000000  0.0   1
     2912  -1.6432683  101.1455404    2.93677      571.9     -288.6      313.8      1.0      0.6      0.7 2023  6  6  1 52 19.11000061  0.0   1
     2913  -1.6426066  101.1435221    2.89996      347.5     -215.4      277.0      1.2      0.7      0.6 2023  6  6  1 52 40.33000183  0.0   1
     2914  -1.6412652  101.1436117    2.94656      357.5      -67.1      323.6      1.0      0.5      0.4 2023  6  6  1 52 50.29999924  0.0   1
     2915  -1.6426961  101.1448812    2.77777      498.8     -225.3      154.8      1.2      0.7      0.6 2023  6  6  1 53 28.01000023  0.0   1
     2916  -1.6445346  101.1421224    2.85153      191.6     -428.6      228.6      1.5      0.7      0.8 2023  6  6  1 54  5.28999996  0.0   1
     2917  -1.6431952  101.1451660    2.82523      530.5     -280.5      202.3      1.0      0.6      0.6 2023  6  6  1 54 28.88999939  0.0   1
     2918  -1.6434519  101.1424154    2.88775      225.0     -308.9      264.8      1.8      0.6      0.6 2023  6  6  1 54 37.52999878  0.0   1
     2919  -1.6436925  101.1511393    2.72776     1195.2     -335.5      104.8      1.7      1.2      1.3 2023  6  6  1 54 44.18999863  0.0   1
     2921  -1.6468761  101.1270345    1.66695    -1487.3     -687.5     -956.0      1.7      1.4      1.7 2023  6  6  1 55 12.25000000  0.0   1
     2922  -1.6411191  101.1408040    2.90033       45.5      -51.0      277.4      3.8      0.6      0.6 2023  6  6  1 55 25.79999924  0.0   1
     2923  -1.6429901  101.1403646    2.65753       -3.7     -257.8       34.6      1.6      0.6      0.4 2023  6  6  1 55 44.54999924  0.0   1
     2924  -1.6401839  101.1455566    2.82826      574.2       52.4      205.3      0.9      0.7      0.6 2023  6  6  1 55 52.50999832  0.0   1
     2925  -1.6434870  101.1390381    2.84998     -150.9     -312.8      227.0      3.5      1.1      1.0 2023  6  6  1 56  1.14999998  0.0   1
     2926  -1.6432710  101.1430339    2.94016      293.6     -288.9      317.2      1.4      0.6      0.5 2023  6  6  1 56  8.31999969  0.0   1
     2927  -1.6522400  101.1309733    0.74985    -1049.1    -1280.7    -1873.1      1.8      1.5      1.9 2023  6  6  1 56 16.76000023  0.0   1
     2928  -1.6424628  101.1406738    2.79811       30.6     -199.5      175.2      1.7      0.4      0.5 2023  6  6  1 56 29.04999924  0.0   1
     2929  -1.6482506  101.1285645    1.76859    -1316.8     -839.5     -854.4      1.9      1.3      1.7 2023  6  6  1 56 36.79000092  0.0   1
     2930  -1.6413896  101.1452637    2.85522      541.6      -80.9      232.3      1.1      0.5      0.4 2023  6  6  1 57 14.22000027  0.0   1
     2931  -1.6423795  101.1437256    2.77980      370.5     -190.3      156.9      1.3      0.6      0.4 2023  6  6  1 57 25.55999947  0.0   1
     2932  -1.6408115  101.1390706    2.92112     -147.8      -17.0      298.2      1.6      0.6      0.5 2023  6  6  1 57 28.88999939  0.0   1
     2933  -1.6420095  101.1438883    2.67128      388.8     -149.4       48.3      1.1      0.5      0.5 2023  6  6  1 57 37.61999893  0.0   1
     2934  -1.6418996  101.1444417    3.01592      450.4     -137.3      393.0      1.3      0.9      0.7 2023  6  6  1 57 45.38000107  0.0   1
     2935  -1.6392075  101.1475993    2.86190      801.3      160.4      240.0      1.3      0.9      0.6 2023  6  6  1 58  3.48000002  0.0   1
     2936  -1.6402461  101.1433105    2.86652      324.4       45.6      243.6      1.7      0.9      0.6 2023  6  6  1 58 51.29000092  0.0   1
     2937  -1.6440717  101.1443522    2.71083      439.7     -377.4       87.9      1.2      0.6      0.6 2023  6  6  1 59  4.92000008  0.0   1
     2938  -1.6438077  101.1253418    1.67411    -1674.8     -348.3     -948.8     12.4     13.4     14.4 2023  6  6  2  0 18.29000092  0.0   1
     2939  -1.6426537  101.1434163    2.83176      336.2     -220.7      208.8      1.1      0.8      0.5 2023  6  6  2  0 50.33000183  0.0   1
     2940  -1.6426696  101.1432617    2.79706      319.0     -222.4      174.1      0.8      0.5      0.4 2023  6  6  2  1 17.14999962  0.0   1
     2941  -1.6433626  101.1436035    2.60433      356.4     -299.0      -18.6      1.3      0.8      0.8 2023  6  6  2  1 29.55999947  0.0   1
     2942  -1.6417295  101.1432210    2.72933      314.1     -118.5      106.4      0.8      0.5      0.4 2023  6  6  2  1 36.97999954  0.0   1
     2943  -1.6393272  101.1452718    2.61328      542.5      147.2       -8.7      0.8      0.7      0.6 2023  6  6  2  1 54.45999908  0.0   1
     2944  -1.6401730  101.1433838    2.90281      331.9       53.7      279.9      0.8      0.5      0.4 2023  6  6  2  2 19.39999962  0.0   1
     2945  -1.6468830  101.1373861    2.78329     -334.6     -688.3      160.4      7.7      2.4      2.4 2023  6  6  2  3 32.54000092  0.0   1
     2946  -1.6445958  101.1445394    2.61921      460.7     -435.4       -3.7      1.1      0.6      0.5 2023  6  6  2  5 16.29999924  0.0   1
     2947  -1.6334961  101.1533447    2.72285     1440.3      791.9       99.9      2.3      2.4      1.7 2023  6  6  2 11 56.61000061  0.0   1
     2948  -1.6410853  101.1435465    2.77739      350.0      -47.2      154.4      1.7      0.8      0.6 2023  6  6  2 57 14.14999962  0.0   1
     2949  -1.6409377  101.1436686    2.75661      364.2      -30.9      133.7      1.2      0.7      0.5 2023  6  6  2 57 29.37000084  0.0   1
     2950  -1.6402785  101.1488281    2.62816      938.1       42.0        5.2      0.9      0.9      0.6 2023  6  6  2 57 54.09999847  0.0   1
     2951  -1.6400560  101.1378255    2.72441     -286.5       66.6      101.5      2.0      1.1      0.9 2023  6  6  2 58  2.06999993  0.0   1
     2952  -1.6416978  101.1493978    1.96269     1001.2     -115.0     -660.3      2.3      1.0      1.6 2023  6  6  2 58 17.95000076  0.0   1
     2953  -1.6459037  101.1351725    2.31037     -581.3     -580.0     -312.6      2.4      1.4      1.5 2023  6  6  2 58 41.36999893  0.0   1
     2954  -1.6418641  101.1470052    2.48360      735.6     -133.3     -139.3      0.7      0.7      0.5 2023  6  6  2 59 47.00999832  0.0   1
     2955  -1.6384495  101.1523682    3.04584     1332.3      244.2      422.9      1.9      1.4      1.2 2023  6  6 22 40 15.80000019  0.0   1
     2962  -1.6410787  101.1387451    2.66320     -184.1      -46.5       40.3      1.1      0.5      0.4 2023  7  4 19 19 48.45999908  0.0   1
     2967  -1.6457745  101.1261312    2.28503    -1587.7     -565.7     -337.9      1.8      1.6      1.8 2023  7 14 23 38 10.26000023  0.0   1
     2968  -1.6411406  101.1427572    2.88712      262.9      -53.3      264.2      1.3      0.7      0.6 2023  7 15  2  2 49.29000092  0.0   1
     2969  -1.6411441  101.1403564    2.83528       -4.2      -53.7      212.3      1.2      0.7      0.6 2023  7 15  2  5 39.86000061  0.0   1
     2972  -1.6405692  101.1418864    2.90068      165.6        9.8      277.7      2.3      0.8      0.5 2023  7 15  9 27  6.65999985  0.0   1
     2973  -1.6412107  101.1433675    2.75723      330.5      -61.1      134.3      1.0      0.4      0.4 2023  7 15  9 29 55.13999939  0.0   1
     2974  -1.6414267  101.1431071    2.70200      301.6      -85.0       79.1      0.9      0.5      0.4 2023  7 15  9 30  2.75999999  0.0   1
     2975  -1.6417065  101.1421956    2.73263      200.4     -115.9      109.7      1.0      0.4      0.4 2023  7 15  9 30 27.43000031  0.0   1
     2976  -1.6412905  101.1435547    2.72735      351.7      -69.9      104.4      1.1      0.6      0.4 2023  7 15  9 31 39.70999908  0.0   1
     2977  -1.6336683  101.1224040    2.20128    -2002.5      772.9     -421.7      1.4      1.2      1.2 2023  7 17 15  4 33.40000153  0.0   1
     2978  -1.6406953  101.1433594    2.80421      329.2       -4.1      181.3      1.1      0.6      0.5 2023  7 19  2  5 31.29000092  0.0   1
     2979  -1.6396573  101.1420898    3.11705      188.0      110.7      494.1      1.3      0.5      0.4 2023  7 19  2 18 47.72999954  0.0   1
     2980  -1.6422668  101.1459229    2.81241      614.6     -177.9      189.5      1.6      0.9      0.8 2023  7 19  2 21  5.59999990  0.0   1
     2981  -1.6362208  101.1515544    2.97666     1241.9      490.7      353.7      2.6      2.4      1.9 2023  7 19  2 21  8.77999973  0.0   1
     2982  -1.6397923  101.1420247    2.94710      181.0       95.7      324.2      0.8      0.8      0.6 2023  7 19  2 59 40.54000092  0.0   1
     2983  -1.6418636  101.1437826    2.80217      376.9     -133.3      179.2      0.9      0.6      0.5 2023  7 19  3  0  3.86999989  0.0   1
     2984  -1.6408395  101.1475423    2.59007      795.1      -20.1      -32.9      2.0      1.4      1.2 2023  7 19  3  0 15.28999996  0.0   1
     2985  -1.6417463  101.1435872    2.69194      355.4     -120.3       69.0      1.0      0.7      0.5 2023  7 19  3  0 25.79000092  0.0   1
     2986  -1.6436602  101.1389811    2.79324     -157.9     -331.9      170.3      2.1      0.8      0.5 2023  7 19  3  1  0.31999999  0.0   1
     2987  -1.6453518  101.1438883    2.54627      388.9     -519.0      -76.7      1.4      0.8      0.7 2023  7 19  3  1 12.77000046  0.0   1
     2988  -1.6419804  101.1426188    2.63599      247.0     -146.2       13.0      0.5      0.5      0.4 2023  7 19  3  1 20.85000038  0.0   1
     2989  -1.6416220  101.1375407    2.91754     -317.5     -106.6      294.6      1.3      0.7      0.6 2023  7 19  3  1 31.04999924  0.0   1
     2990  -1.6399166  101.1463623    2.93848      664.0       82.0      315.5      0.9      0.8      0.5 2023  7 19  3  1 58.95000076  0.0   1
     2991  -1.6419740  101.1414307    2.97161      114.7     -145.5      348.7      1.6      0.7      0.5 2023  7 19  3  2 24.22999954  0.0   1
     2992  -1.6412340  101.1427083    2.70109      256.9      -63.7       78.1      1.3      0.5      0.4 2023  7 19  3  2 31.32999992  0.0   1
     2994  -1.6461957  101.1415771    2.40694      131.5     -612.3     -216.0      1.7      1.1      0.9 2023  7 19  3  3  5.17000008  0.0   1
     2995  -1.6423158  101.1409749    2.78106       64.3     -183.3      158.1      2.0      0.7      0.4 2023  7 19  3  3 49.45000076  0.0   1
     2996  -1.6413527  101.1442546    2.86623      429.6      -76.8      243.3      0.9      0.5      0.5 2023  7 19  3  4 25.73999977  0.0   1
     2997  -1.6428973  101.1404297    2.43068        3.4     -247.6     -192.3      2.5      0.9      0.6 2023  7 19  3  4 42.90000153  0.0   1
     2998  -1.6400038  101.1395996    3.01792      -88.3       72.4      395.0      2.4      0.9      0.6 2023  7 19  3  4 47.33000183  0.0   1
     2999  -1.6419538  101.1417399    2.95603      149.6     -143.3      333.1      1.9      0.8      0.6 2023  7 19  3  5 55.38999939  0.0   1
     3000  -1.6395990  101.1452474    2.80823      539.4      117.1      185.3      0.6      0.5      0.5 2023  7 19  3  6 34.20999908  0.0   1
     3001  -1.6421647  101.1439860    2.68069      399.4     -166.6       57.7      1.1      0.6      0.5 2023  7 19  3  7 18.03000069  0.0   1
     3002  -1.6436672  101.1426921    2.71475      255.3     -332.7       91.8      0.7      0.4      0.5 2023  7 19  3  7 20.17000008  0.0   1
     3003  -1.6412851  101.1521729    2.48360     1310.4      -69.3     -139.3      2.0      1.6      1.5 2023  7 19  3  8 37.70999908  0.0   1
     3004  -1.6430697  101.1436523    2.78527      362.2     -266.7      162.3      0.9      0.7      0.7 2023  7 19  3 10 29.87999916  0.0   1
     3005  -1.6404212  101.1439535    2.84446      395.4       26.2      221.5      0.8      0.5      0.4 2023  7 19  3 11  7.88000011  0.0   1
     3006  -1.6363901  101.1475749    3.31150      799.0      471.9      688.6      2.4      2.5      1.6 2023  7 19  3 12 10.78999996  0.0   1
     3007  -1.6416826  101.1478597    2.66730      830.2     -113.3       44.4      1.0      0.7      0.6 2023  7 19  3 14 29.62999916  0.0   1
     3008  -1.6417932  101.1457845    2.42417      599.1     -125.5     -198.8      0.7      0.5      0.6 2023  7 19  3 14 38.36000061  0.0   1
     3009  -1.6394794  101.1418701    2.83428      163.5      130.3      211.3      0.7      0.4      0.5 2023  7 19  3 17 13.86999989  0.0   1
     3010  -1.6410043  101.1451742    2.81704      531.6      -38.3      194.1      0.9      0.8      0.6 2023  7 19  3 22  8.31999969  0.0   1
     3011  -1.6390517  101.1428223    2.86063      269.5      177.6      237.7      0.7      0.4      0.3 2023  7 19  3 23  0.50000000  0.0   1
     3012  -1.6411879  101.1433757    2.74207      331.7      -58.6      119.1      0.8      0.4      0.4 2023  7 19  3 23 19.36000061  0.0   1
     3013  -1.6416353  101.1424316    2.87094      226.1     -108.0      248.0      1.0      0.7      0.5 2023  7 19  3 23 22.77000046  0.0   1
     3014  -1.6373418  101.1390788    3.03174     -147.0      366.7      408.8      1.9      1.0      0.8 2023  7 19  3 23 38.40000153  0.0   1
     3015  -1.6413352  101.1446126    2.69558      468.9      -74.9       72.6      1.0      0.7      0.5 2023  7 19  3 24  8.73999977  0.0   1
     3016  -1.6399822  101.1416992    2.95070      144.7       74.7      327.8      1.4      0.6      0.6 2023  7 19  3 24 11.84000015  0.0   1
     3017  -1.6440713  101.1408285    2.74289       47.8     -377.4      119.9      2.7      1.1      1.1 2023  7 19  3 24 18.10000038  0.0   1
     3018  -1.6415604  101.1430339    2.63871      293.2      -99.8       15.8      1.0      0.5      0.3 2023  7 19  3 26 25.94000053  0.0   1
     3019  -1.6439841  101.1361084    2.84365     -477.0     -367.8      220.7      2.0      0.6      0.7 2023  7 19  3 26 54.45000076  0.0   1
     3020  -1.6383470  101.1493734    2.85180      998.6      255.6      228.9      1.5      1.2      1.1 2023  7 19  3 28  6.32000017  0.0   1
     3021  -1.6357919  101.1388184    3.17177     -175.6      538.1      548.8      6.3      1.6      1.0 2023  7 19  3 28 11.30000019  0.0   1
     3022  -1.6407427  101.1485921    2.62510      911.5       -9.3        2.2      0.9      0.6      0.7 2023  7 19  3 29  4.26999998  0.0   1
     3023  -1.6447386  101.1404948    2.54383       11.2     -451.2      -79.1      1.7      0.7      0.6 2023  7 19  3 30 50.99000168  0.0   1
     3024  -1.6476148  101.1418457    2.50560      161.1     -769.2     -117.3      2.7      1.0      1.2 2023  7 19  3 37 19.65999985  0.0   1
     3025  -1.6391506  101.1314372    2.73767     -997.3      166.7      114.7      1.8      1.6      0.8 2023  7 19  3 39 24.28000069  0.0   1
     3026  -1.6442332  101.1471680    2.69489      753.1     -395.3       71.9      2.0      1.2      1.3 2023  7 19  3 48 22.11000061  0.0   1
     3027  -1.6413372  101.1423665    2.81079      219.0      -75.1      187.8      1.2      0.6      0.5 2023  7 19 19  1 51.08000183  0.0   1
     3028  -1.6418369  101.1415283    2.76249      125.8     -130.3      139.5      0.9      0.6      0.5 2023  7 20  1 15 46.22999954  0.0   1
     3029  -1.6406406  101.1412354    2.79626       93.5        1.9      173.3      1.3      0.6      0.5 2023  7 20  1 16 25.07999992  0.0   1
     3030  -1.6395370  101.1440104    2.98697      402.2      124.0      364.0      2.1      1.1      1.0 2023  7 20  1 18 27.22999954  0.0   1
     3031  -1.6418779  101.1419027    2.72745      167.4     -134.9      104.5      1.0      0.5      0.4 2023  7 20 16 59 18.79999924  0.0   1
     3032  -1.6397143  101.1434652    2.86553      341.0      104.4      242.6      1.5      1.0      0.8 2023  7 21  6 50 53.00999832  0.0   1
     3033  -1.6454770  101.1423665    2.62527      219.3     -532.8        2.3      1.4      0.9      1.0 2023  7 21 12 31 45.83000183  0.0   1
     3034  -1.6449097  101.1432048    2.58517      312.1     -470.1      -37.8      0.9      0.7      0.7 2023  7 23  3 56 19.47999954  0.0   1
     3037  -1.6418541  101.1453044    2.69405      545.6     -132.2       71.1      0.8      0.6      0.7 2023  7 31 23 41 35.38000107  0.0   1
     3042  -1.6420816  101.1396240    2.92916      -86.2     -157.4      306.2      1.2      0.8      0.4 2023  8 25 22  0  2.96000004  0.0   1
     3043  -1.6409808  101.1443115    2.82470      435.8      -35.7      201.8      0.8      0.6      0.3 2023  8 25 22  1 20.63999939  0.0   1
     3044  -1.6492260  101.1358643    2.55998     -504.6     -947.4      -63.0      2.5      1.7      1.2 2023  8 25 22  1 29.57999992  0.0   1
     3045  -1.6416515  101.1434001    2.68292      334.0     -109.8       60.0      0.8      0.3      0.4 2023  8 25 22  1 39.70000076  0.0   1
     3046  -1.6397003  101.1341064    2.81149     -700.3      105.9      188.5      1.7      0.9      0.6 2023  8 25 22  2 23.94000053  0.0   1
     3047  -1.6413105  101.1432048    2.74847      312.1      -72.1      125.5      0.7      0.4      0.4 2023  8 25 22  2 28.13999939  0.0   1
     3048  -1.6409386  101.1524577    2.39301     1341.9      -31.0     -229.9      1.6      1.8      1.3 2023  8 25 22  2 42.25999832  0.0   1
     3049  -1.6409560  101.1437174    2.67450      369.2      -32.9       51.6      1.7      0.8      0.7 2023  8 25 22  2 51.50000000  0.0   1
     3050  -1.6416861  101.1441243    2.81446      415.0     -113.7      191.5      0.8      0.6      0.4 2023  8 25 22  2 58.43999863  0.0   1
     3051  -1.6396653  101.1509440    2.03363     1173.1      109.8     -589.3      1.4      1.1      1.1 2023  8 25 22  3 19.87999916  0.0   1
     3052  -1.6434041  101.1372314    2.81768     -352.0     -303.6      194.7      1.8      0.7      0.5 2023  8 25 22  3 24.92000008  0.0   1
     3054  -1.6436990  101.1401611    2.80633      -26.0     -336.2      183.4      2.7      0.7      0.7 2023  8 25 22  3 32.50000000  0.0   1
     3055  -1.6415389  101.1410238    2.86299       69.8      -97.4      240.0      1.8      0.6      0.4 2023  8 25 22  3 45.52000046  0.0   1
     3056  -1.6472956  101.1242187    2.06893    -1799.8     -733.9     -554.0      1.6      1.5      1.6 2023  8 25 22  4 22.10000038  0.0   1
     3057  -1.6417826  101.1446615    2.76669      474.5     -124.3      143.7      1.5      0.5      0.4 2023  8 25 22  4 39.36000061  0.0   1
     3058  -1.6426047  101.1441895    2.80453      422.3     -215.2      181.6      1.1      0.7      0.6 2023  8 25 22  4 42.74000168  0.0   1
     3059  -1.6385050  101.1484945    2.57729      900.6      238.1      -45.7      0.8      0.7      0.5 2023  8 25 22  5 22.65999985  0.0   1
     3060  -1.6396217  101.1564290    2.26966     1783.8      114.6     -353.3      1.6      2.1      1.4 2023  8 25 22  5 45.79999924  0.0   1
     3061  -1.6443853  101.1364502    2.65321     -439.2     -412.1       30.3      1.2      0.8      0.6 2023  8 25 22  7 34.09999847  0.0   1
     3062  -1.6428356  101.1417480    2.64631      150.0     -240.8       23.4      1.0      0.8      0.7 2023  8 25 22  9 17.42000008  0.0   1
     3063  -1.6430280  101.1450358    2.53650      516.3     -262.0      -86.4      1.4      0.6      0.6 2023  8 25 22  9 21.89999962  0.0   1
     3064  -1.6400734  101.1445068    3.00505      457.7       64.7      382.1      1.6      0.8      0.5 2023  8 25 22  9 33.65999985  0.0   1
     3065  -1.6321762  101.1671224    1.80450     2974.2      937.9     -818.4      3.7      4.3      5.7 2023  8 25 22  9 50.97999954  0.0   1
     3066  -1.6399288  101.1463298    2.69819      660.1       80.7       75.2      1.0      1.2      0.6 2023  8 25 22 11 54.90000153  0.0   1
     3067  -1.6406345  101.1517578    2.60309     1264.0        2.6      -19.9      1.2      1.7      0.8 2023  8 25 22 12 15.19999981  0.0   1
     3068  -1.6366857  101.1541423    2.40593     1529.4      439.2     -217.0      1.2      1.6      1.0 2023  8 25 22 14 11.64000034  0.0   1
     3069  -1.6388231  101.1473796    2.49689      776.7      202.9     -126.1      0.9      0.9      0.6 2023  8 28 21 39 39.09999847  0.0   1
     3070  -1.6443900  101.1331055    2.54191     -811.3     -412.6      -81.0      2.4      1.1      1.2 2023  8 28 22  8 57.27999878  0.0   1
     3071  -1.6417864  101.1395589    2.77077      -93.3     -124.8      147.8      1.2      0.5      0.5 2023  8 29 14 22 51.02999878  0.0   1
     3072  -1.6412743  101.1389648    2.93780     -159.2      -68.1      314.9      1.8      0.7      0.4 2023  8 29 18 13 50.74000168  0.0   1
     3074  -1.6425471  101.1363444    2.63821     -450.7     -208.9       15.3      1.4      1.0      0.6 2023  8 30  1 31 17.67000008  0.0   1
     3075  -1.6414925  101.1274821    2.03935    -1437.3      -92.2     -583.6     10.4      8.8      9.9 2023  8 30  5 46 14.44999981  0.0   1
     3076  -1.6395318  101.1476481    2.59879      807.2      124.5      -24.2      1.0      0.6      0.4 2023  8 30  5 46 27.07999992  0.0   1
     3077  -1.6423674  101.1467611    2.41101      708.3     -189.0     -211.9      0.8      0.8      0.5 2023  8 30  5 47  3.69000006  0.0   1
     3078  -1.6417824  101.1443685    2.89964      441.8     -124.3      276.7      1.9      1.0      0.7 2023  8 30  5 47  5.53999996  0.0   1
     3079  -1.6427151  101.1265218    2.15278    -1543.6     -227.4     -470.2      1.8      1.7      1.7 2023  8 30  5 47 14.06000042  0.0   1
     3080  -1.6377804  101.1538493    2.68963     1496.5      318.2       66.7      1.5      1.5      1.2 2023  8 30  5 47 22.72999954  0.0   1
     3081  -1.6393318  101.1483561    2.59435      885.8      146.7      -28.6      0.7      0.6      0.4 2023  8 30  5 47 28.44000053  0.0   1
     3083  -1.6405350  101.1279785    1.35996    -1381.8       13.6    -1263.0      9.8      8.5     10.8 2023  8 30  5 47 51.20000076  0.0   1
     3084  -1.6435430  101.1431396    2.71602      305.1     -319.0       93.1      2.0      0.9      0.8 2023  8 30  5 50 22.00000000  0.0   1
     3085  -1.6415212  101.1408366    2.69249       48.6      -95.4       69.5      1.8      0.6      0.5 2023  8 30  5 50 28.25000000  0.0   1
     3086  -1.6426914  101.1492350    2.95322      983.4     -224.8      330.3      1.7      1.1      1.2 2023  8 30 14 17 58.83000183  0.0   1
     3087  -1.6460238  101.1393962    2.38387     -111.6     -593.3     -239.1      3.7      2.3      2.4 2023  8 30 14 22 58.09000015  0.0   1
     3088  -1.6418086  101.1418620    2.72031      162.7     -127.2       97.4      1.3      0.6      0.7 2023  8 30 14 35 52.65000153  0.0   1
     3094  -1.6433242  101.1377523    2.60914     -294.7     -294.8      -13.8      1.3      0.6      0.6 2023  9 13 15 18 58.20999908  0.0   1
     3095  -1.6392094  101.1491374    2.46687      972.4      160.2     -156.1      0.9      0.8      0.9 2023  9 14 16  1  7.05999994  0.0   1
     3096  -1.6381257  101.1481120    2.63433      858.1      280.0       11.4      1.2      1.3      0.6 2023  9 14 16  1 16.52000046  0.0   1
     3097  -1.6416799  101.1356445    2.78167     -528.9     -113.0      158.7      1.3      0.8      0.5 2023  9 14 16  1 24.82999992  0.0   1
     3098  -1.6408663  101.1374349    2.51938     -329.5      -23.0     -103.6      1.0      0.9      0.5 2023  9 14 16  3 59.18000031  0.0   1
     3099  -1.6383672  101.1483317    2.63396      883.3      253.3       11.0      1.2      1.0      0.8 2023  9 14 16  4  8.14000034  0.0   1
     3100  -1.6378220  101.1488607    3.02754      942.0      313.6      404.6      2.6      5.6      1.7 2023  9 14 16  7 36.65999985  0.0   1
     3101  -1.6395522  101.1428304    2.61019      270.6      122.3      -12.8      1.0      0.6      0.6 2023  9 14 16  7 43.02999878  0.0   1
     3102  -1.6446954  101.1269368    1.97601    -1497.8     -446.4     -646.9      1.6      2.1      1.6 2023  9 14 16 10 57.36000061  0.0   1
     3103  -1.6400168  101.1318604    2.89754     -949.8       70.9      274.6      3.1      4.5      2.1 2023  9 14 16 11 12.31000042  0.0   1
     3104  -1.6399677  101.1457845    2.63346      599.3       76.3       10.5      1.1      0.8      0.4 2023  9 14 16 11 17.97999954  0.0   1
     3105  -1.6420535  101.1430908    2.84245      299.8     -154.3      219.5      1.0      0.5      0.5 2023  9 14 16 23 25.43000031  0.0   1
     3106  -1.6416672  101.1419840    2.73574      176.3     -111.6      112.8      1.1      0.7      0.6 2023  9 14 16 23 33.90000153  0.0   1
     3107  -1.6413418  101.1408691    2.91019       52.4      -75.6      287.2      0.8      0.8      0.5 2023  9 14 16 23 52.75999832  0.0   1
     3108  -1.6404625  101.1408610    2.75056       51.2       21.6      127.6      2.1      0.9      0.6 2023  9 14 16 23 59.08000183  0.0   1
     3109  -1.6419454  101.1401693    2.56971      -25.4     -142.3      -53.2      1.5      0.7      0.6 2023  9 14 16 24  4.69000006  0.0   1
     3110  -1.6419870  101.1418945    2.69241      166.8     -146.9       69.5      0.8      0.6      0.5 2023  9 14 16 24 13.52000046  0.0   1
     3111  -1.6419484  101.1433024    2.68841      323.7     -142.7       65.5      0.7      0.4      0.3 2023  9 14 16 24 25.40999985  0.0   1
     3112  -1.6402315  101.1464193    2.81876      670.2       47.2      195.8      0.8      0.9      0.6 2023  9 14 16 24 54.75000000  0.0   1
     3113  -1.6428018  101.1397135    2.82543      -75.7     -237.0      202.5      1.0      0.6      0.5 2023  9 14 16 24 59.38000107  0.0   1
     3114  -1.6410762  101.1451986    2.70579      534.4      -46.2       82.8      1.1      0.9      0.6 2023  9 14 16 25  6.48000002  0.0   1
     3115  -1.6404798  101.1461589    2.70560      641.4       19.7       82.7      0.7      0.6      0.4 2023  9 14 16 25 25.75000000  0.0   1
     3116  -1.6406054  101.1510254    2.44739     1182.4        5.8     -175.6      1.7      1.5      0.9 2023  9 14 16 25 28.45000076  0.0   1
     3117  -1.6490308  101.1267253    1.24526    -1521.5     -925.8    -1377.7      1.8      1.6      2.1 2023  9 14 16 25 34.34999847  0.0   1
     3118  -1.6456238  101.1372559    1.86745     -349.8     -549.1     -754.5      5.8      3.3      3.0 2023  9 14 16 25 42.66999817  0.0   1
     3119  -1.6401525  101.1377848    2.70855     -290.8       55.9       85.6      1.5      0.8      0.5 2023  9 14 16 25 48.11999893  0.0   1
     3120  -1.6421060  101.1381185    2.51722     -253.9     -160.1     -105.7      2.2      1.0      0.8 2023  9 14 16 25 56.81999969  0.0   1
     3121  -1.6407716  101.1436361    2.80891      360.7      -12.5      186.0      0.7      0.7      0.5 2023  9 14 16 26  2.75999999  0.0   1
     3122  -1.6413809  101.1429525    2.80882      284.6      -79.9      185.9      0.7      0.4      0.4 2023  9 14 16 26 23.64999962  0.0   1
     3123  -1.6405073  101.1431478    2.94352      305.7       16.7      320.6      2.0      0.7      0.5 2023  9 14 16 26 34.95999908  0.0   1
     3124  -1.6409559  101.1458252    2.81937      603.8      -32.9      196.4      0.7      0.6      0.5 2023  9 14 16 26 48.50000000  0.0   1
     3125  -1.6442167  101.1390544    2.53336     -149.6     -393.5      -89.6      1.9      1.2      1.1 2023  9 14 16 27  6.15000010  0.0   1
     3126  -1.6420636  101.1471680    2.57876      753.4     -155.4      -44.2      0.9      0.6      0.6 2023  9 14 16 27 14.25000000  0.0   1
     3127  -1.6408016  101.1439941    2.66952      399.9      -15.9       46.6      0.8      0.7      0.5 2023  9 14 16 27 17.69000053  0.0   1
     3128  -1.6388246  101.1457194    2.65963      592.6      202.7       36.7      0.7      0.6      0.4 2023  9 14 16 27 22.95999908  0.0   1
     3129  -1.6367765  101.1491618    2.62511      975.7      429.2        2.2      1.9      1.8      1.0 2023  9 14 16 27 30.12000084  0.0   1
     3130  -1.6397467  101.1381104    3.03273     -254.9      100.8      409.8      1.9      0.9      0.6 2023  9 14 16 27 36.08000183  0.0   1
     3131  -1.6393751  101.1475505    2.70693      796.3      141.9       84.0      0.6      0.6      0.4 2023  9 14 16 28  5.15999985  0.0   1
     3132  -1.6421514  101.1449137    2.63703      502.7     -165.1       14.1      0.6      0.6      0.4 2023  9 14 16 28 10.97999954  0.0   1
     3133  -1.6412282  101.1383382    2.73468     -228.8      -63.0      111.7      1.8      0.7      0.4 2023  9 14 16 28 18.73999977  0.0   1
     3134  -1.6386925  101.1507161    2.15269     1148.0      217.4     -470.3      2.4      2.0      2.0 2023  9 14 16 28 27.96999931  0.0   1
     3135  -1.6429935  101.1461426    2.58188      639.3     -258.2      -41.1      1.0      0.8      0.7 2023  9 14 16 28 40.47999954  0.0   1
     3136  -1.6445521  101.1351969    2.42492     -578.4     -430.6     -198.0      1.4      0.9      0.6 2023  9 14 16 28 47.25999832  0.0   1
     3137  -1.6419292  101.1413818    2.79108      109.2     -140.6      168.1      1.4      1.0      0.9 2023  9 14 16 28 51.58000183  0.0   1
     3138  -1.6445402  101.1314046    2.31319    -1000.4     -429.2     -309.8      1.6      1.0      1.1 2023  9 14 16 29 41.08000183  0.0   1
     3139  -1.6400973  101.1312988    2.29765    -1012.4       62.0     -325.3      2.4      3.1      2.0 2023  9 14 16 29 46.22999954  0.0   1
     3140  -1.6408180  101.1422852    2.83194      210.3      -17.7      209.0      1.2      0.6      0.5 2023  9 14 16 29 52.25999832  0.0   1
     3141  -1.6421061  101.1438314    2.77374      382.5     -160.1      150.8      0.6      0.5      0.3 2023  9 14 16 32  8.39999962  0.0   1
     3142  -1.6428932  101.1444092    2.59662      446.4     -247.1      -26.3      1.5      0.5      0.8 2023  9 14 16 32 17.73999977  0.0   1
     3143  -1.6382248  101.1552734    2.49999     1655.2      269.1     -122.9      1.5      1.5      1.2 2023  9 14 16 32 30.69000053  0.0   1
     3144  -1.6416911  101.1430094    2.78919      291.0     -114.2      166.2      0.8      0.4      0.4 2023  9 14 16 32 37.11000061  0.0   1
     3145  -1.6427327  101.1385254    2.91515     -207.9     -229.4      292.2      1.5      0.7      0.4 2023  9 14 16 32 59.11000061  0.0   1
     3146  -1.6391705  101.1485758    2.91826      909.8      164.5      295.3      0.9      1.3      0.5 2023  9 14 16 34 11.01000023  0.0   1
     3147  -1.6358053  101.1618571    2.11087     2388.3      536.6     -512.1      3.1      4.1      3.2 2023  9 14 16 34 40.43000031  0.0   1
     3148  -1.6413841  101.1493652    2.66968      998.0      -80.3       46.7      0.7      1.1      0.9 2023  9 14 16 34 47.56999969  0.0   1
     3149  -1.6400471  101.1518880    2.63795     1278.5       67.6       15.0      1.2      1.4      0.9 2023  9 14 16 34 58.79000092  0.0   1
     3150  -1.6462708  101.1275228    2.04194    -1432.4     -620.6     -581.0      1.5      1.7      1.4 2023  9 14 16 36 23.40999985  0.0   1
     3151  -1.6438042  101.1304769    2.40230    -1103.5     -347.9     -220.6      2.5      1.4      1.6 2023  9 14 16 38 46.27000046  0.0   1
     3152  -1.6378349  101.1505127    2.91273     1125.2      312.2      289.8      1.4      1.5      0.8 2023  9 14 16 39 22.14999962  0.0   1
     3153  -1.6403362  101.1451335    2.73450      527.1       35.6      111.6      0.8      0.6      0.4 2023  9 14 16 40 10.57999992  0.0   1
     3154  -1.6397274  101.1340983    2.73497     -701.2      102.9      112.0      1.8      1.8      1.1 2023  9 14 16 40 29.72999954  0.0   1
     3155  -1.6424605  101.1435140    2.76234      346.4     -199.3      139.4      0.9      0.6      0.4 2023  9 14 16 42 57.52000046  0.0   1
     3156  -1.6420990  101.1439128    2.67218      390.8     -159.3       49.2      0.8      0.6      0.4 2023  9 14 16 43 40.40999985  0.0   1
     3157  -1.6417124  101.1405111    2.82047       12.9     -116.6      197.5      1.1      0.6      0.4 2023  9 14 16 48 22.35000038  0.0   1
     3158  -1.6404572  101.1356934    2.85569     -523.2       22.2      232.7      1.7      1.3      0.8 2023  9 14 16 48 45.50999832  0.0   1
     3160  -1.6415147  101.1481527    2.73180      863.2      -94.7      108.9      0.8      0.9      0.5 2023  9 14 16 56  2.07999992  0.0   1
     3161  -1.6422237  101.1433024    2.80185      323.4     -173.1      178.9      1.1      0.7      0.6 2023  9 14 17  0 13.88000011  0.0   1
     3162  -1.6396674  101.1524740    2.16682     1344.0      109.6     -456.1      1.6      1.3      1.4 2023  9 14 17 16  3.20000005  0.0   1
     3163  -1.6413767  101.1431396    2.79104      305.1      -79.5      168.1      0.9      0.4      0.4 2023  9 14 17 16 12.60000038  0.0   1
     3164  -1.6429208  101.1357910    2.73578     -512.3     -250.2      112.8      1.2      0.7      0.5 2023  9 14 17 16 20.60000038  0.0   1
     3165  -1.6414247  101.1399577    2.87760      -48.7      -84.8      254.7      1.6      0.8      0.5 2023  9 14 17 22 43.41999817  0.0   1
     3166  -1.6407117  101.1406657    2.90043       29.8       -5.9      277.5      0.9      0.8      0.7 2023  9 14 17 23  1.67999995  0.0   1
     3167  -1.6429417  101.1430745    2.73939      298.2     -252.5      116.5      1.0      0.6      0.5 2023  9 14 17 23  3.44000006  0.0   1
     3168  -1.6405102  101.1392008    2.89310     -132.8       16.4      270.2      1.4      0.9      0.6 2023  9 14 17 23 38.47999954  0.0   1
     3169  -1.6417937  101.1365479    2.72406     -427.9     -125.6      101.1      1.9      1.0      0.8 2023  9 14 17 24 47.47999954  0.0   1
     3170  -1.6427218  101.1360758    2.45333     -480.7     -228.2     -169.6      1.7      0.8      0.7 2023  9 14 18  6 58.63999939  0.0   1
     3172  -1.6408493  101.1425944    2.73311      244.3      -21.1      110.2      1.5      0.9      0.8 2023  9 15 17 48 41.77999878  0.0   1
     3173  -1.6371502  101.1460775    2.97199      632.1      387.9      349.0      1.3      1.0      0.5 2023  9 15 17 50 48.40000153  0.0   1
     3174  -1.6383597  101.1507812    2.70010     1155.9      254.1       77.2      1.4      1.3      0.9 2023  9 15 17 51  9.39999962  0.0   1
     3175  -1.6411359  101.1437337    2.72375      371.6      -52.8      100.8      1.0      0.9      0.7 2023  9 18  5 36 41.97999954  0.0   1
     3176  -1.6399089  101.1422201    2.76788      202.5       82.9      144.9      1.5      0.7      0.6 2023  9 18 16 33 14.22000027  0.0   1
     3177  -1.6382097  101.1491455    2.89060      973.1      270.7      267.7      1.1      0.9      0.7 2023  9 19 22 37 53.88000107  0.0   1
     3178  -1.6396985  101.1421631    2.86635      196.7      106.1      243.4      0.9      0.6      0.4 2023  9 20 20 41 28.63999939  0.0   1
     3179  -1.6392513  101.1425374    2.84971      238.6      155.6      226.8      1.8      0.8      0.6 2023  9 21  3 26 18.59000015  0.0   1
     3180  -1.6383137  101.1431803    2.84730      309.6      259.2      224.4      1.0      0.6      0.4 2023  9 21  3 26 48.38999939  0.0   1
     3181  -1.6383166  101.1439128    2.90318      391.0      258.9      280.2      0.9      0.7      0.5 2023  9 21  3 26 59.63000107  0.0   1
     3182  -1.6444121  101.1341227    2.17833     -697.8     -415.1     -444.6      2.6      1.6      1.7 2023  9 21  3 27 59.75000000  0.0   1
     3183  -1.6413953  101.1442057    2.52475      423.8      -81.5      -98.2      0.9      0.6      0.7 2023  9 21  3 28  2.72000003  0.0   1
     3184  -1.6407471  101.1453369    2.73958      549.7       -9.8      116.6      0.7      0.5      0.4 2023  9 21  3 28 44.74000168  0.0   1
     3186  -1.6409229  101.1425537    3.01930      240.1      -29.3      396.4      1.0      0.8      0.4 2023  9 21  3 43  8.53999996  0.0   1
     3187  -1.6402637  101.1429362    2.82215      282.9       43.6      199.2      1.2      0.7      0.5 2023  9 21  3 43 36.95999908  0.0   1
     3188  -1.6418573  101.1393555    3.07656     -116.1     -132.6      453.6      2.5      1.0      0.7 2023  9 21  3 44 35.31000137  0.0   1
     3189  -1.6394020  101.1388753    2.87608     -169.4      138.9      253.1      2.1      1.1      0.6 2023  9 21  3 45  0.40000001  0.0   1
     3190  -1.6412469  101.1424316    2.65692      226.2      -65.1       34.0      0.9      0.6      0.6 2023  9 21  3 46 23.75000000  0.0   1
     3191  -1.6411831  101.1453939    2.67664      556.1      -58.0       53.7      0.7      0.4      0.6 2023  9 21  3 47 35.90000153  0.0   1
     3192  -1.6381841  101.1486491    2.74691      918.4      273.6      124.0      1.0      1.2      0.6 2023  9 21  3 47 45.47000122  0.0   1
     3193  -1.6403676  101.1443522    2.71391      440.5       32.1       91.0      0.9      0.5      0.4 2023  9 21  3 50 10.31999969  0.0   1
     3194  -1.6379172  101.1442952    2.95672      433.9      303.1      333.8      1.2      0.8      0.5 2023  9 21  3 51 53.75000000  0.0   1
     3195  -1.6422799  101.1412760    2.78644       98.0     -179.3      163.5      1.0      0.5      0.6 2023  9 21  3 54 41.15999985  0.0   1
     3196  -1.6371593  101.1503743    2.72753     1110.0      386.9      104.6      1.0      1.0      0.7 2023  9 21  3 54 56.18999863  0.0   1
     3197  -1.6393060  101.1443034    2.90502      435.0      149.5      282.1      1.1      0.8      0.5 2023  9 21  3 55  2.20000005  0.0   1
     3198  -1.6366512  101.1502848    2.75591     1100.2      443.1      133.0      1.0      1.1      0.7 2023  9 21  3 57 10.92000008  0.0   1
     3200  -1.6406553  101.1675130    1.84591     3017.6        0.3     -777.0      1.8      1.9      2.8 2023  9 21 18  0 24.65999985  0.0   1
     3202  -1.6441321  101.1403483    2.76151       -5.2     -384.1      138.6      2.6      1.1      0.9 2023  9 21 18  2 53.29999924  0.0   1
     3203  -1.6407377  101.1449463    2.60916      506.6       -8.8      -13.8      0.5      0.4      0.4 2023  9 21 18  3  1.86000001  0.0   1
     3204  -1.6422585  101.1463542    2.63097      662.4     -177.0        8.0      1.0      0.6      0.5 2023  9 21 18  3  6.84000015  0.0   1
     3206  -1.6404869  101.1477214    2.84128      815.4       18.9      218.3      0.7      0.7      0.5 2023  9 21 18  3 58.45999908  0.0   1
     3207  -1.6381627  101.1581380    2.09637     1973.9      275.9     -526.6      2.0      4.2      1.9 2023  9 21 18  4  4.84000015  0.0   1
     3208  -1.6408310  101.1440755    2.67077      409.2      -19.1       47.8      0.9      0.6      0.4 2023  9 21 18  4  8.68000031  0.0   1
     3209  -1.6403355  101.1501953    2.68712     1090.6       35.7       64.2      1.7      1.4      1.1 2023  9 21 18  5 31.94000053  0.0   1
     3210  -1.6427781  101.1427409    2.64912      260.4     -234.4       26.2      1.4      0.9      0.6 2023  9 21 18  5 48.38000107  0.0   1
     3211  -1.6485640  101.1251628    1.98501    -1694.9     -874.2     -637.9      1.6      1.3      1.6 2023  9 21 18  6 39.50000000  0.0   1
     3212  -1.6419409  101.1429850    2.94518      287.8     -141.8      322.2      1.1      1.0      0.7 2023  9 21 18 40 21.60000038  0.0   1
     3213  -1.6424196  101.1410645    2.74300       74.2     -194.8      120.1      1.6      1.1      0.8 2023  9 28  7  5  1.83000004  0.0   1
     3214  -1.6385938  101.1461426    2.86813      639.0      228.3      245.2      1.1      0.8      0.5 2023  9 28  7 39  3.82999992  0.0   1
     3215  -1.6427111  101.1430176    2.71805      291.2     -227.0       95.1      1.2      0.6      0.5 2023  9 28  7 40  2.51999998  0.0   1
     3216  -1.6407997  101.1471110    2.58373      747.1      -15.6      -39.2      0.7      0.7      0.4 2023  9 28  7 55 56.93999863  0.0   1
     3217  -1.6418691  101.1425456    2.74111      238.9     -133.9      118.2      0.6      0.3      0.3 2023  9 28  7 56  5.48999977  0.0   1
     3218  -1.6419498  101.1441895    2.71970      421.8     -142.8       96.8      0.5      0.5      0.3 2023  9 28  7 56 11.47999954  0.0   1
     3219  -1.6391761  101.1422282    3.04563      203.6      163.9      422.7      1.4      0.7      0.6 2023  9 28  7 57 46.27000046  0.0   1
     3220  -1.6419931  101.1435954    2.63287      356.0     -147.6        9.9      0.8      0.6      0.5 2023  9 28  7 59 35.90000153  0.0   1
     3221  -1.6421903  101.1389811    2.54882     -157.7     -169.4      -73.1      3.0      0.9      0.7 2023  9 28  8  1 35.72000122  0.0   1
     3222  -1.6398816  101.1473551    2.62304      773.9       85.9        0.1      0.5      0.6      0.5 2023  9 28  8  2  3.35999990  0.0   1
     3223  -1.6414237  101.1432699    2.76929      319.6      -84.6      146.3      0.8      0.5      0.4 2023  9 28  8  2 40.31000137  0.0   1
     3224  -1.6408777  101.1467529    2.58798      707.6      -24.3      -35.0      0.7      0.5      0.5 2023  9 28  8  7 49.70999908  0.0   1
     3225  -1.6411190  101.1439941    2.75960      399.9      -51.0      136.7      0.8      0.6      0.4 2023  9 28  8 13  6.84000015  0.0   1
     3226  -1.6397648  101.1463542    2.72606      662.8       98.8      103.1      0.5      0.6      0.4 2023  9 28  8 15 50.84999847  0.0   1
     3227  -1.6400107  101.1456787    2.62680      587.7       71.6        3.9      0.8      0.7      0.5 2023  9 28  8 15 58.18999863  0.0   1
     3228  -1.6441256  101.1444743    2.69907      454.1     -383.4       76.1      1.3      0.9      0.6 2023  9 28  8 17  0.49000001  0.0   1
     3229  -1.6410183  101.1436279    2.70688      359.7      -39.8       83.9      1.0      0.6      0.4 2023  9 28  8 17 24.29000092  0.0   1
     3230  -1.6401507  101.1447184    2.81731      481.1       56.1      194.4      0.9      0.4      0.4 2023  9 28  8 19 49.29999924  0.0   1
     3231  -1.6420993  101.1397868    2.73570      -68.3     -159.3      112.8      1.5      0.6      0.5 2023  9 28  8 20 55.52000046  0.0   1
     3232  -1.6409700  101.1440999    2.78421      412.1      -34.5      161.3      0.5      0.5      0.3 2023  9 28  8 26 42.88000107  0.0   1
     3233  -1.6422883  101.1450033    2.72242      512.6     -180.3       99.5      0.6      0.4      0.5 2023  9 28  8 26 46.84000015  0.0   1
     3234  -1.6419823  101.1438314    2.80239      382.4     -146.4      179.4      1.1      0.6      0.5 2023  9 28  8 27  2.09999990  0.0   1
     3235  -1.6418438  101.1430176    2.62879      291.9     -131.1        5.8      0.8      0.5      0.4 2023  9 28  8 29 31.02000046  0.0   1
     3236  -1.6410055  101.1405924    2.77079       22.2      -38.4      147.8      1.9      0.7      0.5 2023  9 28  8 33 52.38000107  0.0   1
     3237  -1.6416186  101.1427327    2.73679      259.5     -106.2      113.8      1.2      0.8      0.6 2023  9 28  8 34 52.70000076  0.0   1
     3238  -1.6414967  101.1437337    2.79821      371.6      -92.7      175.3      1.1      0.5      0.4 2023  9 28  8 35 23.65999985  0.0   1
     3239  -1.6401248  101.1451497    2.67120      528.9       59.0       48.3      0.6      0.4      0.4 2023  9 28  8 35 37.04000092  0.0   1
     3240  -1.6419762  101.1418132    2.78826      158.0     -145.7      165.3      2.0      0.7      0.6 2023  9 28  8 36  6.26000023  0.0   1
     3241  -1.6411989  101.1431152    2.70921      302.5      -59.8       86.3      0.7      0.6      0.4 2023  9 28  8 36  9.26000023  0.0   1
     3242  -1.6430471  101.1457682    2.72928      597.8     -264.1      106.3      0.8      0.5      0.5 2023  9 28  8 36 18.69000053  0.0   1
     3243  -1.6417697  101.1394124    2.88397     -109.5     -122.9      261.0      1.9      0.7      0.5 2023  9 28  8 36 33.70999908  0.0   1
     3244  -1.6418631  101.1430827    2.72869      298.8     -133.2      105.7      0.8      0.7      0.5 2023  9 28  8 36 39.86999893  0.0   1
     3245  -1.6434633  101.1438477    2.52810      384.1     -310.2      -94.8      1.3      0.6      0.6 2023  9 28  8 37 37.74000168  0.0   1
     3246  -1.6416955  101.1431152    2.80072      302.2     -114.7      177.8      0.9      0.5      0.4 2023  9 28  8 37 40.75999832  0.0   1
     3247  -1.6413588  101.1436117    2.84929      357.4      -77.5      226.3      1.0      0.4      0.4 2023  9 28  8 38  9.71000004  0.0   1
     3248  -1.6414735  101.1436198    2.73207      358.9      -90.2      109.1      0.8      0.5      0.4 2023  9 28  8 39  3.31999993  0.0   1
     3249  -1.6422783  101.1436361    2.78677      360.2     -179.1      163.8      0.8      0.6      0.4 2023  9 28  8 39 16.25000000  0.0   1
     3250  -1.6431782  101.1391032    2.74589     -144.2     -278.6      122.9      2.3      0.9      0.6 2023  9 28  8 39 29.69000053  0.0   1
     3251  -1.6418552  101.1428304    2.85095      270.7     -132.4      228.0      1.1      0.7      0.5 2023  9 28  8 40 15.93999958  0.0   1
     3252  -1.6413703  101.1440348    2.75102      404.5      -78.7      128.1      0.7      0.3      0.4 2023  9 28  8 40 38.47999954  0.0   1
     3253  -1.6424355  101.1432129    2.73311      313.4     -196.5      110.2      0.8      0.7      0.6 2023  9 28  8 40 41.38000107  0.0   1
     3254  -1.6421944  101.1447103    2.83202      479.6     -169.9      209.1      0.8      0.8      0.5 2023  9 28  8 41  2.16000009  0.0   1
     3255  -1.6420328  101.1465576    2.62988      685.5     -152.0        6.9      0.9      0.7      0.5 2023  9 28  8 41 20.87999916  0.0   1
     3256  -1.6419248  101.1426025    2.78480      245.8     -140.1      161.9      0.8      0.7      0.5 2023  9 28  8 41 55.04999924  0.0   1
     3257  -1.6414213  101.1478760    2.78948      832.5      -84.4      166.5      1.0      0.8      0.6 2023  9 28  8 42 14.56999969  0.0   1
     3258  -1.6394627  101.1418050    2.82699      156.9      132.2      204.0      1.5      0.9      0.5 2023  9 28  8 42 19.54999924  0.0   1
     3259  -1.6438684  101.1457357    2.58995      594.1     -355.0      -33.0      1.1      0.7      0.6 2023  9 28  8 43 54.72999954  0.0   1
     3260  -1.6422728  101.1431803    2.68365      310.2     -178.5       60.7      1.2      0.6      0.6 2023  9 28  8 44 16.90999985  0.0   1
     3261  -1.6414870  101.1423747    2.90345      220.4      -91.6      280.5      1.1      0.6      0.4 2023  9 28  8 44 28.37999916  0.0   1
     3262  -1.6415869  101.1431315    2.85082      304.3     -102.7      227.9      0.8      0.5      0.4 2023  9 28  8 47 19.86000061  0.0   1
     3263  -1.6412884  101.1436035    2.72204      356.4      -69.7       99.1      0.8      0.6      0.4 2023  9 28  8 47 33.06999969  0.0   1
     3264  -1.6453597  101.1429687    2.57269      286.2     -519.9      -50.2      1.6      0.7      0.6 2023  9 28  8 51 42.25999832  0.0   1
     3265  -1.6421561  101.1392008    2.84257     -133.1     -165.6      219.6      1.9      0.9      0.6 2023  9 28  8 59 46.52999878  0.0   1
     3266  -1.6419369  101.1423665    2.70520      219.0     -141.4       82.3      0.8      0.4      0.4 2023  9 28  9  4 21.27000046  0.0   1
     3267  -1.6418007  101.1411133    2.78651       79.3     -126.3      163.6      2.1      0.5      0.5 2023  9 28  9  5 15.84000015  0.0   1
     3268  -1.6419613  101.1431152    2.78329      302.9     -144.1      160.3      0.7      0.5      0.4 2023  9 28  9 10 20.37000084  0.0   1
     3269  -1.6460126  101.1398682    2.57251      -58.8     -592.1      -50.4      3.5      1.0      0.9 2023  9 28  9 17 17.36000061  0.0   1
     3270  -1.6404461  101.1430745    2.80423      297.7       23.5      181.3      1.2      0.8      0.6 2023 10  5  7 35 44.90999985  0.0   1
     3271  -1.6109271  101.1296061    2.40025    -1200.4     3287.5     -222.7      1.7      1.7      1.2 2023 10  8  0 46  1.73000002  0.0   1
     3272  -1.6125170  101.1274495    2.31306    -1440.8     3111.7     -309.9      1.6      1.6      1.2 2023 10  8  0 46 50.84000015  0.0   1
     3273  -1.6383648  101.1436035    2.93889      356.6      253.6      315.9      1.1      0.7      0.6 2023 10  9 12  0 57.20999908  0.0   1
     3274  -1.6379332  101.1532389    2.61231     1429.4      301.3      -10.6      1.2      1.4      0.8 2023 10  9 13 10 28.75000000  0.0   1
     3275  -1.6431136  101.1477865    2.30674      822.4     -271.5     -316.2      1.2      0.8      0.8 2023 10 10  8 52 47.47999954  0.0   1
     3276  -1.6411958  101.1469808    2.85215      732.4      -59.4      229.2      1.1      0.9      0.5 2023 10 12  2  8 51.72999954  0.0   1
     3277  -1.6426994  101.1413656    2.51747      108.2     -225.7     -105.5      1.0      1.0      0.9 2023 10 12  2 25 53.88999939  0.0   1
     3278  -1.6463430  101.1446208    2.43747      469.8     -628.6     -185.5      1.9      1.5      0.9 2023 10 12  2 26 44.36999893  0.0   1
     3279  -1.6437229  101.1398926    2.76784      -56.6     -338.9      144.9      1.9      0.9      0.6 2023 10 12  7 33 35.72000122  0.0   1
     3280  -1.6395963  101.1413167    2.86030      102.0      117.4      237.4      1.4      0.8      0.4 2023 10 12  7 35 26.72999954  0.0   1
     3281  -1.6385550  101.1452637    2.91603      541.1      232.6      293.1      1.2      0.8      0.5 2023 10 12  7 44 21.15999985  0.0   1
     3282  -1.6423972  101.1410807    2.71001       76.4     -192.3       87.1      1.8      0.8      0.8 2023 10 14  8 24 30.54000092  0.0   1
     3283  -1.6441706  101.1435791    2.64169      353.8     -388.4       18.8      1.7      0.7      0.6 2023 10 14 10 32 46.22999954  0.0   1
     3284  -1.6420797  101.1424398    2.78127      227.0     -157.2      158.3      1.7      1.0      0.7 2023 10 14 16 31 41.02000046  0.0   1
     3285  -1.6425423  101.1395833    2.72169      -90.1     -208.3       98.7      1.2      0.6      0.5 2023 10 17  8 13 56.77000046  0.0   1
     3286  -1.6450756  101.1356527    2.79617     -528.3     -488.5      173.2      2.0      1.2      0.9 2023 10 17  9  1 32.40999985  0.0   1
     3288  -1.6430504  101.1507650    3.01741     1153.6     -264.5      394.5      1.4      1.5      1.2 2023 10 18 14 21 34.95000076  0.0   1
