     2719  -1.6405771  101.1460612    2.85854      630.1        9.0      235.6     50.8     35.2     34.2 2023  1  3  3 43 21.02000046  0.0   1
     2720  -1.6381326  101.1465251    3.06426      681.6      279.3      441.3     50.1     38.3     31.7 2023  1  3  3 52  5.73000002  0.0   1
     2721  -1.6374149  101.1500977    2.69987     1079.2      358.6       76.9     38.8     42.9     35.1 2023  1  3  3 52 21.03000069  0.0   1
     2722  -1.6424327  101.1377523    2.75128     -294.0     -196.2      128.3     46.8     34.7     26.5 2023  1  3  3 52 34.75000000  0.0   1
     2723  -1.6398746  101.1446696    2.84446      475.7       86.6      221.5     53.9     49.0     40.9 2023  1  3  4  2 20.45000076  0.0   1
     2724  -1.6395987  101.1459473    2.91087      617.2      117.2      287.9     39.3     35.3     28.7 2023  1  4 20 11 39.40000153  0.0   1
     2725  -1.6419951  101.1432943    2.81471      322.4     -147.8      191.8     46.2     27.4     24.4 2023  1  4 20 16 15.53999996  0.0   1
     2726  -1.6445375  101.1387858    2.66037     -179.3     -428.9       37.4     66.4     31.6     23.9 2023  1  4 20 17  9.68000031  0.0   1
     2727  -1.6494494  101.1280355    1.79708    -1375.5     -972.1     -825.9    196.4    156.9    201.9 2023  1  4 20 18 22.71999931  0.0   1
     2729  -1.6470359  101.1386882    2.73185     -189.9     -705.2      108.9    200.3     90.5     74.0 2023  1 11 13 28 50.43999863  0.0   1
     2734  -1.6423220  101.1469482    2.92881      729.1     -184.0      305.9     45.2     29.0     26.3 2023  1 20 18 30  0.36000001  0.0   1
     2735  -1.6438855  101.1386068    2.99898     -199.5     -356.9      376.0    104.0     45.4     34.9 2023  1 20 19 10 25.45999908  0.0   1
     2736  -1.6411667  101.1446859    2.67104      477.2      -56.2       48.1     37.0     30.2     23.5 2023  1 20 19 10 36.45999908  0.0   1
     2737  -1.6420053  101.1435303    2.60097      348.6     -149.0      -22.0     43.4     25.7     22.1 2023  1 20 19 11 19.44000053  0.0   1
     2738  -1.6413846  101.1420247    3.01953      180.7      -80.3      396.6     57.9     37.7     28.6 2023  1 20 19 11 38.47999954  0.0   1
     2739  -1.6397809  101.1426025    2.87167      245.8       97.0      248.7     41.6     30.0     26.6 2023  1 20 19 11 46.86000061  0.0   1
     2740  -1.6410999  101.1435465    2.66344      350.8      -48.9       40.5     47.5     30.1     21.6 2023  1 20 19 12  2.07999992  0.0   1
     2741  -1.6418229  101.1445150    2.86833      458.4     -128.8      245.4     35.4     38.4     25.1 2023  1 20 19 12 14.30000019  0.0   1
     2742  -1.6458464  101.1374674    2.54371     -326.0     -573.7      -79.2    102.8     57.2     46.8 2023  1 20 19 12 27.89999962  0.0   1
     2743  -1.6400389  101.1429281    2.81372      281.9       68.5      190.8     36.3     32.1     28.7 2023  1 20 19 12 41.43999863  0.0   1
     2744  -1.6384806  101.1444743    3.15905      453.9      240.8      536.1     51.8     39.9     27.0 2023  1 20 19 12 45.20000076  0.0   1
     2745  -1.6419521  101.1420085    2.98628      179.1     -143.1      363.3     60.6     42.7     33.8 2023  1 20 19 12 58.77999878  0.0   1
     2746  -1.6427453  101.1418538    2.92699      161.8     -230.8      304.0     52.9     37.9     32.5 2023  1 20 19 13  8.81999969  0.0   1
     2747  -1.6454627  101.1443929    2.56905      444.3     -531.3      -53.9     62.1     45.6     34.4 2023  1 20 19 13 21.52000046  0.0   1
     2748  -1.6405231  101.1414144    3.02953      112.7       14.9      406.6    259.2     72.0     50.8 2023  1 20 19 13 50.47999954  0.0   1
     2749  -1.6419055  101.1310547    2.48052    -1039.2     -137.9     -142.4     71.8     60.5     59.6 2023  1 20 19 13 59.40000153  0.0   1
     2750  -1.6410788  101.1361165    2.76896     -475.9      -46.5      146.0     77.1     70.4     54.7 2023  1 20 19 14 14.26000023  0.0   1
     2751  -1.6417800  101.1434082    2.94052      335.3     -124.0      317.6     62.9     42.2     28.0 2023  1 20 19 14 47.25999832  0.0   1
     2752  -1.6431335  101.1465413    2.67171      683.6     -273.7       48.8     79.5     34.4     41.9 2023  1 20 19 14 50.77999878  0.0   1
     2753  -1.6421973  101.1394287    2.94359     -107.4     -170.2      320.6     56.5     58.1     34.6 2023  1 20 19 15  4.05999994  0.0   1
     2754  -1.6413909  101.1440755    2.73439      409.4      -81.0      111.5     41.6     32.4     23.7 2023  1 20 19 15 37.75999832  0.0   1
     2755  -1.6403592  101.1429199    2.79420      280.3       33.1      171.3     49.0     30.5     26.2 2023  1 20 19 15 47.91999817  0.0   1
     2756  -1.6404488  101.1438151    2.79799      380.8       23.2      175.0     35.2     32.4     23.1 2023  1 20 19 16  4.34000015  0.0   1
     2757  -1.6431624  101.1391683    2.75968     -136.5     -276.9      136.7     46.9     35.6     30.9 2023  1 20 19 16 23.39999962  0.0   1
     2758  -1.6392443  101.1459554    2.79898      618.6      156.3      176.0     41.9     32.2     26.2 2023  1 20 19 16 33.02000046  0.0   1
     2759  -1.6408137  101.1444336    2.80068      449.0      -17.2      177.7     43.1     30.5     24.7 2023  1 20 19 16 54.11999893  0.0   1
     2760  -1.6413638  101.1477783    2.77216      821.7      -78.0      149.2     38.5     35.9     27.6 2023  1 20 19 17 18.65999985  0.0   1
     2761  -1.6408498  101.1429525    2.81601      284.7      -21.2      193.1     42.2     39.2     28.7 2023  1 20 19 17 23.44000053  0.0   1
     2762  -1.6417787  101.1430094    2.73950      290.8     -123.9      116.6     35.3     33.0     25.4 2023  1 20 19 17 53.41999817  0.0   1
     2763  -1.6459471  101.1220785    1.79311    -2038.2     -584.8     -829.8    105.1     92.2    128.2 2023  1 20 19 17 59.56000137  0.0   1
     2764  -1.6381710  101.1477946    2.94810      822.7      275.0      325.2     89.0     53.8     31.9 2023  1 20 19 18 19.47999954  0.0   1
     2765  -1.6432440  101.1463053    2.94771      657.1     -285.9      324.8     52.6     35.8     36.0 2023  1 20 19 18 31.20000076  0.0   1
     2766  -1.6438566  101.1399007    2.75161      -55.5     -353.7      128.7     54.0     41.8     26.6 2023  1 20 19 18 39.00000000  0.0   1
     2767  -1.6412692  101.1410156    2.91809       69.1      -67.6      295.1     49.2     37.1     24.4 2023  1 20 19 20 12.10000038  0.0   1
     2768  -1.6413893  101.1359945    2.77744     -489.8      -80.8      154.5     55.2     34.9     34.8 2023  1 20 19 20 39.81999969  0.0   1
     2769  -1.6417155  101.1408610    2.92892       51.2     -116.9      306.0     55.0     34.2     19.6 2023  1 20 19 21  7.40000010  0.0   1
     2770  -1.6417252  101.1420736    2.93529      186.1     -118.0      312.3     35.5     31.9     24.3 2023  1 20 19 21 18.81999969  0.0   1
     2771  -1.6403268  101.1513753    2.59671     1221.9       36.6      -26.2     47.8     31.2     31.3 2023  1 20 19 21 59.91999817  0.0   1
     2772  -1.6418864  101.1441569    3.08033      418.0     -135.8      457.4     61.8     45.6     48.6 2023  1 20 19 22 12.19999981  0.0   1
     2773  -1.6385689  101.1540120    2.39056     1514.6      231.0     -232.4     64.5     46.2     62.2 2023  1 20 19 22 39.93999863  0.0   1
     2774  -1.6432540  101.1421875    3.07964      199.3     -287.0      456.7     97.9     44.8     35.1 2023  1 20 19 22 45.40000153  0.0   1
     2775  -1.6451625  101.1368164    2.81516     -398.1     -498.1      192.2     74.4     45.8     43.4 2023  1 20 19 23  1.05999994  0.0   1
     2776  -1.6458771  101.1426270    2.38478      247.9     -577.1     -238.2     68.0     23.6     34.7 2023  1 20 19 23  6.86000013  0.0   1
     2777  -1.6420475  101.1390055    2.74482     -154.9     -153.6      121.9     31.3     31.4     25.7 2023  1 20 19 24 26.95999908  0.0   1
     2778  -1.6462808  101.1259115    2.56351    -1611.9     -621.7      -59.4    128.2     93.0    107.7 2023  1 20 19 24 30.94000053  0.0   1
     2779  -1.6460879  101.1378255    2.59423     -286.1     -600.4      -28.7    176.9     53.6     35.5 2023  1 20 19 24 45.20000076  0.0   1
     2780  -1.6473756  101.1295492    2.29976    -1207.4     -742.8     -323.2     55.5     42.7     49.4 2023  1 20 19 24 52.18000031  0.0   1
     2782  -1.6393569  101.1528320    2.64592     1384.0      143.9       23.0     45.7     41.3     28.7 2023  1 20 19 25 16.07999992  0.0   1
     2783  -1.6493383  101.1310954    1.55229    -1035.2     -959.8    -1070.7    111.6     69.0    102.4 2023  1 20 19 26 19.50000000  0.0   1
     2784  -1.6357381  101.1563639    2.76080     1776.7      544.0      137.9     52.6     90.9     51.3 2023  1 20 19 26 40.24000168  0.0   1
     2785  -1.6449956  101.1444336    3.02479      448.8     -479.6      401.8     91.2     60.9     50.0 2023  1 20 19 26 53.72000122  0.0   1
     2786  -1.6416424  101.1444580    2.63668      452.0     -108.8       13.7     50.5     27.8     27.0 2023  1 20 19 28  3.14000010  0.0   1
     2787  -1.6429356  101.1410238    2.69987       69.4     -251.8       76.9     37.5     25.9     22.1 2023  1 20 19 28 27.34000015  0.0   1
     2788  -1.6413172  101.1441162    2.83681      413.9      -72.9      213.9     40.4     31.4     23.8 2023  1 20 19 28 29.31999969  0.0   1
     2789  -1.6413863  101.1445068    2.65093      457.0      -80.5       28.0     71.2     49.2     33.0 2023  1 20 19 28 39.91999817  0.0   1
     2790  -1.6448872  101.1423014    2.85305      211.7     -467.6      230.1     63.2     26.7     25.2 2023  1 20 19 29 12.73999977  0.0   1
     2791  -1.6434746  101.1416423    2.83875      138.5     -311.4      215.8     42.8     29.2     27.0 2023  1 20 19 29 38.18000031  0.0   1
     2792  -1.6421110  101.1450521    2.76978      518.0     -160.6      146.8     57.0     29.5     25.3 2023  1 20 19 30 28.65999985  0.0   1
     2793  -1.6411175  101.1426188    2.77821      247.3      -50.8      155.3     43.7     33.4     27.6 2023  1 20 19 30 43.77999878  0.0   1
     2794  -1.6457403  101.1322998    2.49950     -901.2     -561.9     -123.4    100.2     59.9     73.8 2023  1 20 19 30 58.61999893  0.0   1
     2795  -1.6337059  101.1570475    2.15000     1853.0      768.7     -472.9     65.7    114.3     65.7 2023  1 20 19 31  4.38000011  0.0   1
     2796  -1.6427690  101.1469401    2.56987      727.8     -233.4      -53.1     96.2     58.6     47.5 2023  1 20 19 31  9.84000015  0.0   1
     2797  -1.6420839  101.1430420    2.88510      294.4     -157.6      262.2     46.3     21.8     25.2 2023  1 20 19 31 49.70000076  0.0   1
     2798  -1.6420357  101.1486654    2.79262      920.4     -152.3      169.7     69.0     40.6     31.7 2023  1 20 19 32  3.83999991  0.0   1
     2799  -1.6426364  101.1423258    2.75398      215.0     -218.7      131.0     67.9     29.6     32.9 2023  1 20 19 32  9.02000046  0.0   1
     2800  -1.6413567  101.1412760    2.91596       97.6      -77.2      293.0     31.2     25.2     22.6 2023  1 20 19 32 20.89999962  0.0   1
     2801  -1.6422909  101.1411865    2.77141       88.3     -180.5      148.5     46.8     23.1     22.7 2023  1 20 19 32 52.88000107  0.0   1
     2802  -1.6421771  101.1437744    2.69382      375.7     -167.9       70.9     35.8     23.6     23.0 2023  1 20 19 32 59.25999832  0.0   1
     2803  -1.6420675  101.1431315    2.96838      304.3     -155.8      345.4     42.8     29.4     22.4 2023  1 20 19 33  9.80000019  0.0   1
     2804  -1.6435038  101.1380452    2.71470     -261.8     -314.7       91.8     71.3     36.4     37.0 2023  1 20 19 33 34.56000137  0.0   1
     2805  -1.6400864  101.1505941    2.89243     1134.5       63.2      269.5     46.2     35.4     33.8 2023  1 20 19 33 48.00000000  0.0   1
     2806  -1.6434081  101.1417074    2.90672      145.3     -304.1      283.8     69.8     38.2     40.5 2023  1 20 19 33 53.97999954  0.0   1
     2807  -1.6406634  101.1466471    2.71448      695.2       -0.6       91.5     52.4     37.5     22.6 2023  1 20 19 34 15.69999981  0.0   1
     2808  -1.6466129  101.1234294    1.46927    -1888.4     -658.4    -1153.7    119.5     85.8    137.0 2023  1 20 19 34 33.22000122  0.0   1
     2809  -1.6444825  101.1356934    2.59581     -523.5     -422.9      -27.1     75.0     36.0     64.7 2023  1 20 19 34 48.20000076  0.0   1
     2810  -1.6423997  101.1425863    2.57585      243.9     -192.6      -47.1     34.3     20.4     23.0 2023  1 20 19 34 58.11999893  0.0   1
     2811  -1.6429465  101.1457194    2.98424      592.2     -253.0      361.3     51.5     37.1     32.8 2023  1 20 19 35 21.10000038  0.0   1
     2812  -1.6419660  101.1422607    2.89995      207.3     -144.6      277.0     57.6     34.9     23.0 2023  1 20 19 35 48.25999832  0.0   1
     2813  -1.6414182  101.1445882    2.78881      466.0      -84.0      165.9     37.1     33.9     26.0 2023  1 20 19 36 32.65999985  0.0   1
     2814  -1.6436375  101.1443929    2.89763      444.7     -329.4      274.7     51.4     40.0     27.8 2023  1 20 19 36 50.90000153  0.0   1
     2815  -1.6410010  101.1430094    2.80875      290.6      -37.9      185.8     43.4     35.9     28.5 2023  1 20 19 43 50.43999863  0.0   1
     2816  -1.6415647  101.1437174    2.96337      369.4     -100.2      340.4     47.0     45.5     37.2 2023  1 20 19 43 54.97999954  0.0   1
     2817  -1.6411304  101.1440267    2.72397      403.9      -52.2      101.0     51.4     35.4     28.2 2023  1 20 19 49 56.54000092  0.0   1
     2818  -1.6413260  101.1458740    2.92715      609.7      -73.8      304.2     48.5     38.6     32.8 2023  1 20 19 53 30.76000023  0.0   1
     2819  -1.6412909  101.1434570    2.82117      340.4      -70.0      198.2     56.7     30.6     20.9 2023  1 20 19 57 15.27999973  0.0   1
     2820  -1.6418318  101.1438314    2.61117      382.5     -129.8      -11.8     46.2     33.6     25.9 2023  1 20 19 57 23.65999985  0.0   1
     2821  -1.6399251  101.1443685    2.78427      442.0       81.1      161.3     51.8     42.0     26.6 2023  1 20 20 23  4.65999985  0.0   1
     2822  -1.6413709  101.1406169    2.79129       24.7      -78.8      168.3     76.8     45.7     48.4 2023  1 21  1 56 37.25000000  0.0   1
     2823  -1.6397971  101.1479574    2.82059      840.9       95.2      197.7     73.9     47.7     43.7 2023  1 30 17 30  4.76000023  0.0   1
     2824  -1.6425257  101.1402588    2.76915      -15.8     -206.5      146.2     62.2     39.1     26.5 2023  1 30 17 30 40.74000168  0.0   1
     2825  -1.6454878  101.1282227    1.86954    -1354.6     -534.0     -753.4     89.7     63.1     86.9 2023  2 18 22 35 10.69999981  0.0   1
     2826  -1.6391637  101.1441976    2.79691      423.1      165.3      174.0     76.5     50.9     32.3 2023  2 18 22 38 25.92000008  0.0   1
     2827  -1.6412835  101.1428548    2.64017      273.3      -69.1       17.2     52.5     45.2     37.2 2023  2 18 22 38 33.40000153  0.0   1
     2828  -1.6452447  101.1320312    2.22831     -931.1     -507.2     -394.6     95.7     60.0     63.6 2023  2 18 22 39  5.48000002  0.0   1
     2829  -1.6466246  101.1358480    2.38906     -506.0     -659.7     -233.9     86.6     45.0     41.9 2023  2 26 15 14 57.77000046  0.0   1
     2830  -1.6463037  101.1329183    2.05619     -832.3     -624.2     -566.8     67.7     43.7     42.8 2023  2 27 22 34 11.93999958  0.0   1
     2831  -1.6418816  101.1526286    2.70895     1360.6     -135.3       86.0     56.3     37.3     31.5 2023  2 27 22 34 17.97999954  0.0   1
     2832  -1.6473961  101.1365723    2.15514     -425.2     -745.0     -467.8    116.7     73.1     61.8 2023  2 27 22 34 39.31999969  0.0   1
     2833  -1.6425031  101.1365316    2.73324     -429.9     -204.0      110.3     80.4     49.5     34.7 2023  2 27 22 34 42.22000122  0.0   1
     2834  -1.6406370  101.1395671    2.75349      -92.5        2.4      130.5     56.0     28.8     27.4 2023  3  8  4 53 44.11000061  0.0   1
     2835  -1.6400445  101.1373942    2.81708     -334.2       67.9      194.1     75.3     38.0     27.0 2023  3 12 23 29 24.12000084  0.0   1
     2836  -1.6411416  101.1395671    2.92757      -92.8      -53.5      304.6     60.8     33.3     24.4 2023  3 19 14 58 26.79999924  0.0   1
     2837  -1.6423262  101.1441081    2.81550      413.0     -184.4      192.6     40.8     24.5     28.8 2023  3 19 14 58 27.35000038  0.0   1
     2838  -1.6395771  101.1442627    2.89530      429.7      119.5      272.4     36.3     36.5     21.7 2023  3 19 14 58 41.38999939  0.0   1
     2839  -1.6428477  101.1414225    2.78502      114.3     -242.1      162.1     51.8     33.6     30.4 2023  3 19 14 59  5.11999989  0.0   1
     2840  -1.6417430  101.1423014    2.87574      212.1     -119.9      252.8     64.7     28.0     26.2 2023  3 19 15  0 56.34000015  0.0   1
     2841  -1.6409157  101.1451335    2.78331      527.2      -28.5      160.4     32.8     25.3     31.0 2023  3 19 15  7 48.63000107  0.0   1
     2842  -1.6404508  101.1439290    2.80588      392.6       22.9      182.9     41.4     33.7     27.9 2023  3 19 15  8  6.13999987  0.0   1
     2843  -1.6414656  101.1464111    2.69493      669.1      -89.3       72.0     36.4     24.0     29.2 2023  3 19 15  8 45.77000046  0.0   1
     2844  -1.6426235  101.1443766    2.64132      442.4     -217.3       18.4     61.8     34.0     34.6 2023  3 19 15 10  1.89999998  0.0   1
     2845  -1.6416452  101.1421549    3.01737      196.0     -109.1      394.4     63.1     40.5     27.0 2023  3 19 15 10 17.05999947  0.0   1
     2846  -1.6434676  101.1363037    2.86891     -455.7     -310.6      246.0     71.3     36.7     28.1 2023  3 19 15 10 42.45999908  0.0   1
     2847  -1.6400332  101.1390788    3.22557     -146.4       69.1      602.6    159.9     55.4     42.1 2023  3 19 15 12  7.92000008  0.0   1
     2848  -1.6396196  101.1451009    2.97670      523.0      114.8      353.8     58.4     29.6     31.1 2023  3 19 15 12 41.66999817  0.0   1
     2849  -1.6396673  101.1462728    2.93365      653.8      109.6      310.7     44.9     38.2     24.3 2023  3 19 15 13  3.02999997  0.0   1
     2850  -1.6449828  101.1356852    2.73490     -524.7     -478.2      112.0     48.2     32.3     40.0 2023  3 19 15 13 29.22999954  0.0   1
     2851  -1.6406938  101.1417643    2.87426      152.0       -3.9      251.3    115.4     47.6     30.5 2023  3 19 15 14 14.53999996  0.0   1
     2852  -1.6441667  101.1291423    2.14217    -1252.5     -387.9     -480.8     63.7     47.8     58.8 2023  3 19 15 14 23.75000000  0.0   1
     2853  -1.6406717  101.1428385    2.71600      271.8       -1.5       93.1     61.2     55.2     35.9 2023  3 19 15 17  0.95999998  0.0   1
     2854  -1.6413300  101.1431559    2.67565      306.8      -74.3       52.7     44.6     36.4     34.4 2023  3 19 15 17 15.43000031  0.0   1
     2855  -1.6404455  101.1406169    2.90468       24.1       23.5      281.7     95.4     49.6     34.5 2023  3 19 15 17 23.26000023  0.0   1
     2856  -1.6424104  101.1391195    2.79372     -141.9     -193.7      170.8    135.5     41.6     30.0 2023  3 19 15 17 27.55999947  0.0   1
     2857  -1.6398469  101.1491618    2.88704      975.1       89.7      264.1     70.2     58.7     50.5 2023  3 19 15 17 37.34000015  0.0   1
     2858  -1.6413925  101.1444906    2.82152      455.4      -81.2      198.6     38.9     42.1     33.9 2023  3 30 10 37 55.43000031  0.0   1
     2859  -1.6406849  101.1464762    2.75352      676.3       -2.9      130.6     44.4     40.1     23.1 2023  3 30 10 38 31.47999954  0.0   1
     2860  -1.6440046  101.1363525    2.87897     -450.5     -370.0      256.0     56.3     34.1     36.2 2023  3 30 10 38 50.88000107  0.0   1
     2861  -1.6421144  101.1398682    2.99937      -58.4     -161.0      376.4     65.0     33.2     27.0 2023  3 30 10 38 55.63999939  0.0   1
     2862  -1.6427299  101.1435547    2.57236      351.6     -229.1      -50.6     30.1     27.3     25.6 2023  3 30 10 39 42.11999893  0.0   1
     2863  -1.6406681  101.1403158    3.26314       -8.7       -1.1      640.2     40.9     37.7     36.4 2023  3 30 10 39 48.84999847  0.0   1
     2864  -1.6425555  101.1426107    2.76948      246.2     -209.8      146.5     34.2     22.6     23.4 2023  3 30 10 40  7.73999977  0.0   1
     2865  -1.6414958  101.1405680    2.83087       18.7      -92.6      207.9     34.6     31.4     32.1 2023  3 30 10 40 14.48999977  0.0   1
     2866  -1.6394676  101.1387858    2.82598     -179.6      131.6      203.0     38.6     33.2     25.6 2023  3 30 10 40 28.92000008  0.0   1
     2867  -1.6408232  101.1412354    2.71899       93.2      -18.3       96.0     44.7     43.5     33.8 2023  3 30 10 40 36.38999939  0.0   1
     2868  -1.6393330  101.1443278    2.68966      437.5      146.5       66.7     63.7     49.0     42.7 2023  3 30 10 40 42.43999863  0.0   1
     2869  -1.6454065  101.1350830    2.70176     -591.2     -525.0       78.8     77.3     69.1     55.6 2023  3 30 10 41  9.31999969  0.0   1
     2870  -1.6413348  101.1413330    2.81535      104.4      -74.8      192.4     56.9     26.5     21.0 2023  3 30 10 41 20.13999939  0.0   1
     2871  -1.6455643  101.1369059    2.84340     -388.2     -542.5      220.5     60.5     34.6     32.0 2023  3 30 10 41 29.93000031  0.0   1
     2872  -1.6453658  101.1334473    2.42193     -773.3     -520.5     -201.0     54.6     33.9     47.2 2023  3 30 10 42  3.19000006  0.0   1
     2873  -1.6423435  101.1438639    2.71999      386.0     -186.3       97.1     33.8     23.5     18.0 2023  3 30 10 42 11.61999989  0.0   1
     2874  -1.6419066  101.1399984    2.85628      -44.1     -138.0      233.3     44.2     35.2     26.0 2023  3 30 10 45 34.45999908  0.0   1
     2875  -1.6409787  101.1395264    2.83073      -97.3      -35.4      207.8     83.3     37.1     29.9 2023  3 30 10 49 11.32999992  0.0   1
     2877  -1.6396079  101.1455160    2.85776      569.4      116.1      234.8     62.2     50.2     34.7 2023  4  4 21 16 12.35999966  0.0   1
     2878  -1.6402283  101.1370036    2.98347     -377.9       47.5      360.5     54.6     34.2     36.3 2023  4  4 21 17 38.91999817  0.0   1
     2879  -1.6405314  101.1449463    2.66188      506.1       14.0       38.9     65.4     62.9     41.6 2023  4  4 21 19 37.68000031  0.0   1
     2880  -1.6409687  101.1498779    2.83491     1054.8      -34.3      212.0     52.0     55.2     25.4 2023  4  4 21 20  7.90000010  0.0   1
     2881  -1.6403067  101.1450602    2.88182      519.1       38.9      258.9     44.8     49.7     34.1 2023  4  4 21 21 24.20000076  0.0   1
     2882  -1.6401819  101.1466797    2.55016      699.5       52.7      -72.8     71.2     58.0     35.9 2023  4  4 21 21 37.93999863  0.0   1
     2883  -1.6413129  101.1387695    2.74259     -180.8      -72.4      119.6    211.0     89.3     56.8 2023  4  4 21 21 52.75999832  0.0   1
     2884  -1.6446379  101.1418132    2.58665      158.0     -440.1      -36.3     66.6     51.8     35.4 2023  4  4 21 21 54.95999908  0.0   1
     2885  -1.6401201  101.1513346    2.88264     1217.2       59.5      259.7     57.7     37.2     34.1 2023  4  4 21 22  3.64000010  0.0   1
     2886  -1.6441366  101.1416016    2.82303      134.3     -384.6      200.1     72.1     38.7     32.2 2023  4  7  6 28 12.28999996  0.0   1
     2889  -1.6018593  101.1256429    1.90409    -1641.7     4290.1     -718.9    165.0    144.1    117.7 2023  4 14  5 51 20.79999924  0.0   1
     2890  -1.6058000  101.1243245    2.15273    -1788.1     3854.4     -470.2    151.9    160.1    105.8 2023  4 14  5 51 25.79999924  0.0   1
     2893  -1.6393478  101.1445475    2.90790      461.9      144.9      285.0     41.4     32.6     22.9 2023  5 15 17 26 39.81999969  0.0   1
     2894  -1.6393459  101.1484782    2.84725      898.9      145.1      224.3     36.1     29.7     26.9 2023  5 15 17 32 30.39999962  0.0   1
     2895  -1.6449551  101.1397461    2.64352      -72.3     -475.1       20.6     42.5     33.2     32.8 2023  5 19 22 49 48.45999908  0.0   1
     2896  -1.6429314  101.1432373    2.81812      316.1     -251.3      195.2     55.5     32.9     27.6 2023  5 19 22 54 49.02000046  0.0   1
     2897  -1.6405704  101.1406901    2.86915       32.7        9.7      246.2     52.7     35.2     23.8 2023  5 19 22 54 53.54000092  0.0   1
     2901  -1.6417948  101.1355632    2.71050     -538.0     -125.7       87.6     51.8     35.0     25.9 2023  5 27 15 42  8.60000038  0.0   1
     2903  -1.6432209  101.1401286    2.62115      -29.8     -283.4       -1.8     74.3     50.5     56.0 2023  5 28 18 49 16.21999931  0.0   1
     2905  -1.6473863  101.1239583    1.70664    -1829.5     -743.9     -916.3    130.9    107.4    150.9 2023  6  6  1 40 44.04000092  0.0   1
     2906  -1.6420317  101.1348063    2.53804     -622.2     -151.9      -84.9     68.1     46.0     52.4 2023  6  6  1 42 24.76000023  0.0   1
     2907  -1.6408736  101.1384603    2.74402     -215.9      -23.8      121.1    112.3     52.8     26.5 2023  6  6  1 48 22.26000023  0.0   1
     2908  -1.6409993  101.1437826    2.75292      376.7      -37.7      130.0     46.3     24.7     23.2 2023  6  6  1 48 43.06999969  0.0   1
     2909  -1.6430796  101.1447428    2.67884      483.7     -267.8       55.9     51.7     22.8     29.1 2023  6  6  1 51 12.57999992  0.0   1
     2910  -1.6426126  101.1442301    2.73251      426.6     -216.1      109.6     60.7     31.9     28.7 2023  6  6  1 51 15.86999989  0.0   1
     2911  -1.6423688  101.1422933    2.87703      211.0     -189.1      254.1     54.9     28.1     22.9 2023  6  6  1 51 30.25000000  0.0   1
     2912  -1.6434244  101.1453532    2.93143      551.8     -305.9      308.5     49.4     28.6     26.8 2023  6  6  1 52 19.11000061  0.0   1
     2913  -1.6420526  101.1427816    2.94826      265.4     -154.2      325.3     50.6     27.6     25.6 2023  6  6  1 52 40.33000183  0.0   1
     2914  -1.6403048  101.1430257    3.00301      292.9       39.1      380.1     50.2     29.4     28.8 2023  6  6  1 52 50.29999924  0.0   1
     2915  -1.6417934  101.1430176    2.85012      291.5     -125.5      227.2     88.1     45.0     30.3 2023  6  6  1 53 28.01000023  0.0   1
     2916  -1.6447545  101.1429606    2.83961      285.7     -453.0      216.7    105.6     52.7     39.2 2023  6  6  1 54  5.28999996  0.0   1
     2917  -1.6432444  101.1458333    2.79936      604.8     -286.0      176.4     51.8     31.5     35.8 2023  6  6  1 54 28.88999939  0.0   1
     2918  -1.6438039  101.1401204    2.87614      -30.4     -347.8      253.2    188.6     40.2     40.9 2023  6  6  1 54 37.52999878  0.0   1
     2919  -1.6425571  101.1510498    2.79040     1185.3     -210.0      167.5     43.5     31.2     29.6 2023  6  6  1 54 44.18999863  0.0   1
     2921  -1.6476223  101.1275472    1.59087    -1429.6     -770.0    -1032.1     94.9     61.9    112.6 2023  6  6  1 55 12.25000000  0.0   1
     2922  -1.6417217  101.1414063    2.87849      112.1     -117.6      255.5     48.7     29.6     29.9 2023  6  6  1 55 25.79999924  0.0   1
     2923  -1.6430383  101.1403483    2.65187       -5.5     -263.2       28.9     72.7     29.6     40.4 2023  6  6  1 55 44.54999924  0.0   1
     2924  -1.6399541  101.1457275    2.85465      592.8       77.8      231.7     59.0     30.0     32.6 2023  6  6  1 55 52.50999832  0.0   1
     2925  -1.6431002  101.1362712    2.84313     -459.4     -270.0      220.2     87.2     47.1     28.9 2023  6  6  1 56  1.14999998  0.0   1
     2926  -1.6426957  101.1417318    3.01161      148.7     -225.3      388.7     61.2     34.6     35.7 2023  6  6  1 56  8.31999969  0.0   1
     2927  -1.6508970  101.1276286    0.88706    -1420.5    -1132.1    -1735.9    128.6     87.1    190.1 2023  6  6  1 56 16.76000023  0.0   1
     2928  -1.6425831  101.1420980    2.79308      189.6     -212.8      170.1     43.5     26.9     24.5 2023  6  6  1 56 29.04999924  0.0   1
     2929  -1.6482797  101.1290853    1.77321    -1258.5     -842.7     -849.7    105.7     66.9    114.8 2023  6  6  1 56 36.79000092  0.0   1
     2930  -1.6409625  101.1443848    2.89323      443.4      -33.6      270.3     42.1     26.1     25.2 2023  6  6  1 57 14.22000027  0.0   1
     2931  -1.6421583  101.1429281    2.79996      282.1     -165.9      177.0     35.8     21.5     20.6 2023  6  6  1 57 25.55999947  0.0   1
     2932  -1.6412963  101.1409587    2.86724       62.1      -70.5      244.3    106.0     31.2     38.5 2023  6  6  1 57 28.88999939  0.0   1
     2933  -1.6421120  101.1441813    2.66076      420.6     -160.8       37.8     34.1     20.9     17.7 2023  6  6  1 57 37.61999893  0.0   1
     2934  -1.6421856  101.1441488    3.02804      417.3     -168.9      405.1     46.0     34.4     32.2 2023  6  6  1 57 45.38000107  0.0   1
     2935  -1.6386402  101.1486003    2.88168      913.2      223.1      259.7     52.3     38.1     28.0 2023  6  6  1 58  3.48000002  0.0   1
     2936  -1.6414309  101.1423910    2.81168      221.6      -85.4      188.7     48.5     26.3     26.6 2023  6  6  1 58 51.29000092  0.0   1
     2937  -1.6443284  101.1449382    2.69042      505.6     -405.8       67.5     75.9     60.2     61.1 2023  6  6  1 59  4.92000008  0.0   1
     2938  -1.6427668  101.1252686    1.71512    -1683.5     -233.2     -907.8    176.3    185.5    203.3 2023  6  6  2  0 18.29000092  0.0   1
     2939  -1.6414627  101.1450928    2.87845      522.3      -89.0      255.5     33.2     22.3     20.8 2023  6  6  2  0 50.33000183  0.0   1
     2940  -1.6425238  101.1423096    2.81644      212.9     -206.3      193.5     37.9     18.9     19.5 2023  6  6  2  1 17.14999962  0.0   1
     2941  -1.6445864  101.1422933    2.50228      211.2     -434.4     -120.7     53.0     43.1     36.9 2023  6  6  2  1 29.55999947  0.0   1
     2942  -1.6413298  101.1428792    2.75033      275.9      -74.3      127.4     29.3     19.2     22.9 2023  6  6  2  1 36.97999954  0.0   1
     2943  -1.6403219  101.1446289    2.57544      470.5       37.2      -46.5     77.2     40.9     45.6 2023  6  6  2  1 54.45999908  0.0   1
     2944  -1.6400346  101.1430013    2.90971      289.9       69.0      286.8     33.9     21.7     21.6 2023  6  6  2  2 19.39999962  0.0   1
     2945  -1.6467950  101.1448324    2.69048      493.6     -678.6       67.5     66.9     47.9     42.8 2023  6  6  2  3 32.54000092  0.0   1
     2946  -1.6437721  101.1445231    2.68510      458.9     -344.3       62.2     46.7     24.7     21.8 2023  6  6  2  5 16.29999924  0.0   1
     2947  -1.6324294  101.1535889    2.73493     1468.3      909.9      112.0     43.0    101.1     44.8 2023  6  6  2 11 56.61000061  0.0   1
     2948  -1.6414019  101.1451009    2.76186      523.4      -82.2      138.9     35.7     30.9     25.2 2023  6  6  2 57 14.14999962  0.0   1
     2949  -1.6412322  101.1441406    2.75236      416.8      -63.5      129.4     30.6     27.3     29.2 2023  6  6  2 57 29.37000084  0.0   1
     2950  -1.6398964  101.1489014    2.64713      946.3       84.2       24.2     43.7     26.0     30.5 2023  6  6  2 57 54.09999847  0.0   1
     2951  -1.6392157  101.1367839    2.66298     -402.0      159.5       40.0    179.5     52.9     49.8 2023  6  6  2 58  2.06999993  0.0   1
     2952  -1.6411135  101.1506429    1.91391     1140.2      -50.3     -709.0     40.1     41.7     38.4 2023  6  6  2 58 17.95000076  0.0   1
     2953  -1.6456699  101.1344564    2.29942     -660.7     -554.2     -323.5     62.7     33.3     40.9 2023  6  6  2 58 41.36999893  0.0   1
     2954  -1.6423086  101.1465902    2.49973      688.9     -182.5     -123.2     39.1     26.2     24.4 2023  6  6  2 59 47.00999832  0.0   1
     2955  -1.6391827  101.1515788    3.01088     1244.4      163.2      387.9     65.5     54.8     32.2 2023  6  6 22 40 15.80000019  0.0   1
     2962  -1.6410647  101.1404541    2.67468        6.7      -44.9       51.7     37.8     37.2     27.2 2023  7  4 19 19 48.45999908  0.0   1
     2967  -1.6459387  101.1270752    2.24629    -1482.7     -583.9     -376.6    125.5     88.1    111.7 2023  7 14 23 38 10.26000023  0.0   1
     2968  -1.6407828  101.1430908    2.90183      299.7      -13.8      278.9     40.2     34.5     25.6 2023  7 15  2  2 49.29000092  0.0   1
     2969  -1.6416725  101.1420492    2.77014      184.2     -112.2      147.2     43.3     31.1     27.0 2023  7 15  2  5 39.86000061  0.0   1
     2972  -1.6420305  101.1396484    2.85508      -83.5     -151.7      232.1     82.0     33.5     31.2 2023  7 15  9 27  6.65999985  0.0   1
     2973  -1.6414645  101.1432617    2.74141      318.4      -89.2      118.5     30.2     18.7     17.0 2023  7 15  9 29 55.13999939  0.0   1
     2974  -1.6415293  101.1434082    2.70128      335.2      -96.3       78.3     31.3     31.3     28.2 2023  7 15  9 30  2.75999999  0.0   1
     2975  -1.6416359  101.1420817    2.72941      187.3     -108.1      106.5     30.3     24.2     22.8 2023  7 15  9 30 27.43000031  0.0   1
     2976  -1.6416836  101.1441732    2.70214      420.2     -113.4       79.2     67.0     31.9     21.1 2023  7 15  9 31 39.70999908  0.0   1
     2977  -1.6360104  101.1181071    1.92166    -2480.2      513.9     -701.3    165.3    230.5    218.4 2023  7 17 15  4 33.40000153  0.0   1
     2978  -1.6405183  101.1420492    2.83994      183.5       15.5      217.0     48.4     25.8     23.4 2023  7 19  2  5 31.29000092  0.0   1
     2979  -1.6397041  101.1418945    3.12607      166.6      105.5      503.1     38.4     36.1     26.4 2023  7 19  2 18 47.72999954  0.0   1
     2980  -1.6424763  101.1448486    2.83756      495.5     -201.0      214.6     64.0     37.2     31.7 2023  7 19  2 21  5.59999990  0.0   1
     2981  -1.6362075  101.1510498    2.89305     1185.0      492.1      270.1     75.2     55.5     50.3 2023  7 19  2 21  8.77999973  0.0   1
     2982  -1.6399193  101.1420247    2.93666      181.5       81.7      313.7     34.6     38.2     34.6 2023  7 19  2 59 40.54000092  0.0   1
     2983  -1.6411648  101.1426921    2.85520      255.4      -56.0      232.3     31.1     29.3     24.9 2023  7 19  3  0  3.86999989  0.0   1
     2984  -1.6413199  101.1469564    2.58238      730.0      -73.2      -40.6     51.6     35.5     23.2 2023  7 19  3  0 15.28999996  0.0   1
     2985  -1.6409870  101.1436686    2.71081      363.7      -36.4       87.9     40.9     38.8     30.9 2023  7 19  3  0 25.79000092  0.0   1
     2986  -1.6428178  101.1387614    2.83590     -182.1     -238.8      213.0     65.9     37.4     30.8 2023  7 19  3  1  0.31999999  0.0   1
     2987  -1.6447544  101.1441325    2.59289      415.4     -452.9      -30.1     31.1     18.2     21.3 2023  7 19  3  1 12.77000046  0.0   1
     2988  -1.6422124  101.1427572    2.61369      263.0     -171.9       -9.3     28.1     26.0     21.1 2023  7 19  3  1 20.85000038  0.0   1
     2989  -1.6411994  101.1403320    2.95289       -7.4      -59.8      329.9     85.5     36.1     27.6 2023  7 19  3  1 31.04999924  0.0   1
     2990  -1.6405267  101.1471029    2.89527      746.2       14.5      272.3     37.6     36.9     35.1 2023  7 19  3  1 58.95000076  0.0   1
     2991  -1.6414000  101.1426758    3.00528      253.6      -82.0      382.3     52.5     33.3     23.3 2023  7 19  3  2 24.22999954  0.0   1
     2992  -1.6411647  101.1425293    2.68955      237.3      -56.0       66.6     42.6     36.2     26.4 2023  7 19  3  2 31.32999992  0.0   1
     2994  -1.6460437  101.1405029    2.44681       11.4     -595.5     -176.1    132.7     49.3     38.1 2023  7 19  3  3  5.17000008  0.0   1
     2995  -1.6421928  101.1436117    2.78591      357.4     -169.7      163.0     46.5     27.0     23.3 2023  7 19  3  3 49.45000076  0.0   1
     2996  -1.6410288  101.1434733    2.89554      342.3      -41.0      272.6     43.1     31.6     24.7 2023  7 19  3  4 25.73999977  0.0   1
     2997  -1.6426726  101.1404378    2.44141        4.7     -222.7     -181.5     85.8     37.4     47.6 2023  7 19  3  4 42.90000153  0.0   1
     2998  -1.6402944  101.1444173    3.02015      447.5       40.2      397.2     51.1     33.5     24.0 2023  7 19  3  4 47.33000183  0.0   1
     2999  -1.6409902  101.1412923    2.99831       99.9      -36.7      375.4     41.6     34.6     27.7 2023  7 19  3  5 55.38999939  0.0   1
     3000  -1.6396222  101.1443929    2.86467      445.0      114.6      241.7     42.1     25.2     25.3 2023  7 19  3  6 34.20999908  0.0   1
     3001  -1.6420147  101.1429932    2.71341      288.9     -150.0       90.5     21.6     29.2     26.9 2023  7 19  3  7 18.03000069  0.0   1
     3002  -1.6436591  101.1421712    2.69810      197.2     -331.8       75.2     48.3     28.3     36.0 2023  7 19  3  7 20.17000008  0.0   1
     3003  -1.6416950  101.1505290    2.52063     1127.7     -114.6     -102.3     48.4     53.0     64.0 2023  7 19  3  8 37.70999908  0.0   1
     3004  -1.6435378  101.1427572    2.78096      262.7     -318.4      158.0     72.9     57.1     67.0 2023  7 19  3 10 29.87999916  0.0   1
     3005  -1.6403632  101.1430094    2.87517      290.4       32.6      252.2     43.2     23.1     25.3 2023  7 19  3 11  7.88000011  0.0   1
     3006  -1.6364483  101.1483236    3.25610      882.0      465.5      633.2     84.0     51.5     48.8 2023  7 19  3 12 10.78999996  0.0   1
     3007  -1.6417123  101.1481445    2.67803      861.8     -116.6       55.1     45.7     48.1     35.8 2023  7 19  3 14 29.62999916  0.0   1
     3008  -1.6420043  101.1462565    2.40080      652.4     -148.8     -222.1     34.8     28.9     26.8 2023  7 19  3 14 38.36000061  0.0   1
     3009  -1.6398304  101.1429932    2.81372      288.9       91.5      190.8     75.9     81.5     60.3 2023  7 19  3 17 13.86999989  0.0   1
     3010  -1.6408379  101.1454264    2.82088      560.0      -19.9      197.9     47.4     31.8     27.6 2023  7 19  3 22  8.31999969  0.0   1
     3011  -1.6392649  101.1419922    2.86330      177.4      154.1      240.4     34.0     28.2     28.2 2023  7 19  3 23  0.50000000  0.0   1
     3012  -1.6411643  101.1435059    2.74794      345.9      -56.0      125.0     31.1     19.2     23.1 2023  7 19  3 23 19.36000061  0.0   1
     3013  -1.6419158  101.1439535    2.80767      395.8     -139.1      184.7     33.5     24.5     25.6 2023  7 19  3 23 22.77000046  0.0   1
     3014  -1.6381452  101.1415771    2.99765      131.4      277.9      374.7     32.7     26.3     26.0 2023  7 19  3 23 38.40000153  0.0   1
     3015  -1.6413403  101.1442952    2.70922      433.3      -75.4       86.3     30.4     23.5     19.0 2023  7 19  3 24  8.73999977  0.0   1
     3016  -1.6405435  101.1426025    2.89771      245.7       12.7      274.8     36.6     25.6     26.6 2023  7 19  3 24 11.84000015  0.0   1
     3017  -1.6443190  101.1440592    2.69520      407.2     -404.8       72.3     49.7     37.3     32.5 2023  7 19  3 24 18.10000038  0.0   1
     3018  -1.6414347  101.1423340    2.66913      215.4      -85.9       46.2     41.6     23.4     24.2 2023  7 19  3 26 25.94000053  0.0   1
     3019  -1.6437051  101.1368490    2.84860     -394.6     -336.9      225.7     48.4     46.7     37.7 2023  7 19  3 26 54.45000076  0.0   1
     3020  -1.6380121  101.1483317    2.89905      882.7      292.6      276.1     51.7     44.1     25.9 2023  7 19  3 28  6.32000017  0.0   1
     3021  -1.6353935  101.1388265    3.19559     -175.1      582.1      572.6     56.7     29.6     33.1 2023  7 19  3 28 11.30000019  0.0   1
     3022  -1.6407611  101.1475667    2.67625      798.0      -11.4       53.3     64.3     42.1     46.0 2023  7 19  3 29  4.26999998  0.0   1
     3023  -1.6448395  101.1405111    2.54680       12.3     -462.3      -76.1     91.2     63.6     53.1 2023  7 19  3 30 50.99000168  0.0   1
     3024  -1.6472914  101.1436686    2.54668      364.1     -733.5      -76.3     64.1     29.4     38.8 2023  7 19  3 37 19.65999985  0.0   1
     3025  -1.6394057  101.1330404    2.69747     -818.9      138.5       74.5     60.3     72.3     49.7 2023  7 19  3 39 24.28000069  0.0   1
     3026  -1.6441306  101.1462484    2.75171      651.4     -383.9      128.8    155.4     59.4     52.7 2023  7 19  3 48 22.11000061  0.0   1
     3027  -1.6412996  101.1424642    2.80777      229.7      -70.9      184.8     41.3     38.3     42.1 2023  7 19 19  1 51.08000183  0.0   1
     3028  -1.6417692  101.1403890    2.78696       -0.5     -122.8      164.0     48.4     36.7     31.9 2023  7 20  1 15 46.22999954  0.0   1
     3029  -1.6418171  101.1377197    2.80998     -298.2     -128.1      187.0     83.7     35.8     57.1 2023  7 20  1 16 25.07999992  0.0   1
     3030  -1.6398515  101.1416504    2.98284      139.7       89.2      359.9     73.8     53.7     41.4 2023  7 20  1 18 27.22999954  0.0   1
     3031  -1.6418971  101.1415120    2.73095      123.7     -137.0      108.0     31.5     29.2     34.1 2023  7 20 16 59 18.79999924  0.0   1
     3032  -1.6402364  101.1442301    2.79666      426.2       46.6      173.7     55.0     42.3     30.2 2023  7 21  6 50 53.00999832  0.0   1
     3033  -1.6454065  101.1432780    2.61565      320.2     -525.0       -7.3    111.4     64.9     70.0 2023  7 21 12 31 45.83000183  0.0   1
     3034  -1.6443424  101.1427572    2.64917      262.2     -407.4       26.2     41.8     38.2     39.2 2023  7 23  3 56 19.47999954  0.0   1
     3037  -1.6422770  101.1452637    2.65825      541.8     -179.0       35.3     43.4     41.0     41.1 2023  7 31 23 41 35.38000107  0.0   1
     3042  -1.6418638  101.1397786    2.95715      -69.2     -133.3      334.2    120.4     57.1     37.6 2023  8 25 22  0  2.96000004  0.0   1
     3043  -1.6404430  101.1456055    2.81898      579.3       23.8      196.0     31.4     24.6     26.8 2023  8 25 22  1 20.63999939  0.0   1
     3044  -1.6492133  101.1358805    2.52754     -502.3     -946.0      -95.4    175.1     75.9     86.0 2023  8 25 22  1 29.57999992  0.0   1
     3045  -1.6417347  101.1430013    2.68159      289.4     -119.0       58.6     45.9     28.8     22.5 2023  8 25 22  1 39.70000076  0.0   1
     3046  -1.6401399  101.1380371    2.85352     -262.4       57.3      230.6     50.7     33.4     28.4 2023  8 25 22  2 23.94000053  0.0   1
     3047  -1.6412295  101.1429036    2.75633      278.7      -63.2      133.4     29.3     19.4     20.5 2023  8 25 22  2 28.13999939  0.0   1
     3048  -1.6386367  101.1524251    2.45885     1338.1      223.5     -164.1     44.8     35.9     35.4 2023  8 25 22  2 42.25999832  0.0   1
     3049  -1.6417960  101.1442383    2.61882      427.6     -125.8       -4.1     53.9     35.0     29.6 2023  8 25 22  2 51.50000000  0.0   1
     3050  -1.6419647  101.1426514    2.81445      250.4     -144.5      191.5     32.7     23.4     21.2 2023  8 25 22  2 58.43999863  0.0   1
     3051  -1.6395144  101.1506266    1.98397     1138.7      126.5     -639.0     95.7     56.5     67.4 2023  8 25 22  3 19.87999916  0.0   1
     3052  -1.6431351  101.1332194    2.85218     -799.1     -273.9      229.2     74.4     43.9     29.3 2023  8 25 22  3 24.92000008  0.0   1
     3054  -1.6430412  101.1423096    2.81251      213.2     -263.5      189.6     36.9     36.5     44.9 2023  8 25 22  3 32.50000000  0.0   1
     3055  -1.6416297  101.1401449    2.85840      -27.9     -107.4      235.5     42.8     37.7     31.5 2023  8 25 22  3 45.52000046  0.0   1
     3056  -1.6468544  101.1241292    2.09688    -1809.8     -685.1     -526.1     74.5     69.2     70.8 2023  8 25 22  4 22.10000038  0.0   1
     3057  -1.6419932  101.1440592    2.78173      407.2     -147.6      158.8     52.3     31.3     30.3 2023  8 25 22  4 39.36000061  0.0   1
     3058  -1.6420498  101.1429525    2.86279      284.0     -153.9      239.8     50.8     32.2     30.0 2023  8 25 22  4 42.74000168  0.0   1
     3059  -1.6393174  101.1479980    2.54664      846.1      148.3      -76.3     59.0     25.7     25.2 2023  8 25 22  5 22.65999985  0.0   1
     3060  -1.6392259  101.1565267    2.28596     1794.8      158.4     -337.0     42.8     64.2     39.7 2023  8 25 22  5 45.79999924  0.0   1
     3061  -1.6443837  101.1368652    2.67091     -393.4     -411.9       48.0     92.9     45.1     44.3 2023  8 25 22  7 34.09999847  0.0   1
     3062  -1.6430968  101.1420898    2.64976      188.2     -269.6       26.8     40.4     40.7     35.4 2023  8 25 22  9 17.42000008  0.0   1
     3063  -1.6422188  101.1441650    2.60845      419.0     -172.6      -14.5     35.2     21.5     25.1 2023  8 25 22  9 21.89999962  0.0   1
     3064  -1.6400836  101.1433838    3.00307      332.5       63.5      380.1     39.4     37.1     29.3 2023  8 25 22  9 33.65999985  0.0   1
     3065  -1.6354371  101.1665853    0.50496     2913.8      577.3    -2118.0     87.8    138.8    204.5 2023  8 25 22  9 50.97999954  0.0   1
     3066  -1.6410981  101.1445068    2.65605      457.0      -48.7       33.1    100.4     73.1     54.1 2023  8 25 22 11 54.90000153  0.0   1
     3067  -1.6405407  101.1513997    2.62708     1224.7       13.0        4.1     80.9     90.8     57.3 2023  8 25 22 12 15.19999981  0.0   1
     3068  -1.6375120  101.1541829    2.35007     1533.8      347.9     -272.9     61.9     42.3     45.1 2023  8 25 22 14 11.64000034  0.0   1
     3069  -1.6398689  101.1466634    2.47675      697.3       87.3     -146.2     44.4     34.2     20.7 2023  8 28 21 39 39.09999847  0.0   1
     3070  -1.6448123  101.1336670    2.55411     -748.5     -459.3      -68.8    128.4     65.6     82.2 2023  8 28 22  8 57.27999878  0.0   1
     3071  -1.6414612  101.1405924    2.78013       22.2      -88.8      157.2     54.3     29.6     24.9 2023  8 29 14 22 51.02999878  0.0   1
     3072  -1.6420194  101.1401774    2.91591      -24.2     -150.5      293.0     48.0     25.2     25.4 2023  8 29 18 13 50.74000168  0.0   1
     3074  -1.6425967  101.1399007    2.66464      -55.6     -214.4       41.7     80.7     39.7     36.0 2023  8 30  1 31 17.67000008  0.0   1
     3075  -1.6406189  101.1268555    2.09552    -1506.9        4.3     -527.4    181.6    251.2    168.7 2023  8 30  5 46 14.44999981  0.0   1
     3076  -1.6397413  101.1479167    2.58254      836.6      101.4      -40.4     71.4     37.7     38.0 2023  8 30  5 46 27.07999992  0.0   1
     3077  -1.6417848  101.1454915    2.44934      567.1     -124.6     -173.6     39.4     32.7     39.4 2023  8 30  5 47  3.69000006  0.0   1
     3078  -1.6417173  101.1440999    2.90269      412.0     -117.1      279.7    274.7     71.4     58.7 2023  8 30  5 47  5.53999996  0.0   1
     3079  -1.6431444  101.1263753    2.17252    -1560.3     -274.9     -450.4    119.5    103.7    107.8 2023  8 30  5 47 14.06000042  0.0   1
     3080  -1.6380332  101.1539307    2.64756     1505.8      290.3       24.6     48.0     64.4     47.4 2023  8 30  5 47 22.72999954  0.0   1
     3081  -1.6397743  101.1476888    2.59181      811.8       97.7      -31.1     37.4     46.6     33.2 2023  8 30  5 47 28.44000053  0.0   1
     3083  -1.6413755  101.1275798    1.43165    -1426.6      -79.3    -1191.3    179.1    221.7    191.2 2023  8 30  5 47 51.20000076  0.0   1
     3084  -1.6445148  101.1435710    2.66282      353.5     -426.4       39.9     55.7     29.8     38.4 2023  8 30  5 50 22.00000000  0.0   1
     3085  -1.6419331  101.1397705    2.63910      -69.6     -141.0       16.2     34.8     33.6     31.2 2023  8 30  5 50 28.25000000  0.0   1
     3086  -1.6426117  101.1487223    2.93320      926.0     -216.0      310.3     67.0     43.2     42.4 2023  8 30 14 17 58.83000183  0.0   1
     3087  -1.6450638  101.1372152    2.34621     -354.5     -487.1     -276.7    149.6     64.6     69.9 2023  8 30 14 22 58.09000015  0.0   1
     3088  -1.6424126  101.1428792    2.63452      276.2     -194.0       11.6     64.4     49.8     43.0 2023  8 30 14 35 52.65000153  0.0   1
     3094  -1.6436891  101.1413167    2.62125      102.7     -335.1       -1.7     55.5     29.3     33.6 2023  9 13 15 18 58.20999908  0.0   1
     3095  -1.6396832  101.1488444    2.43058      939.9      107.8     -192.4     38.5     34.4     33.8 2023  9 14 16  1  7.05999994  0.0   1
     3096  -1.6385455  101.1489339    2.56189      949.8      233.6      -61.1     74.2     41.1     29.1 2023  9 14 16  1 16.52000046  0.0   1
     3097  -1.6421093  101.1398356    2.75288      -62.6     -160.5      129.9     60.8     40.8     30.9 2023  9 14 16  1 24.82999992  0.0   1
     3098  -1.6422760  101.1373942    2.45019     -334.0     -178.9     -172.8    137.2     87.4     43.9 2023  9 14 16  3 59.18000031  0.0   1
     3099  -1.6384725  101.1476562    2.62018      807.7      241.7       -2.8     39.8     42.0     39.2 2023  9 14 16  4  8.14000034  0.0   1
     3100  -1.6382917  101.1481689    2.95297      864.6      261.7      330.0     59.0     33.3     29.5 2023  9 14 16  7 36.65999985  0.0   1
     3101  -1.6395494  101.1432129    2.61702      313.3      122.6       -5.9     45.7     38.4     32.7 2023  9 14 16  7 43.02999878  0.0   1
     3102  -1.6451494  101.1274658    1.92531    -1439.3     -496.6     -697.6    104.6     72.1    115.4 2023  9 14 16 10 57.36000061  0.0   1
     3103  -1.6374009  101.1314209    2.92153     -999.2      360.2      298.6     91.0    109.5     58.8 2023  9 14 16 11 12.31000042  0.0   1
     3104  -1.6401076  101.1459066    2.63347      612.9       60.9       10.5     85.3     65.5     39.6 2023  9 14 16 11 17.97999954  0.0   1
     3105  -1.6420961  101.1433024    2.85296      323.5     -159.0      230.0     34.4     27.8     29.9 2023  9 14 16 23 25.43000031  0.0   1
     3106  -1.6417241  101.1430094    2.69136      291.0     -117.9       68.4     47.1     26.7     24.7 2023  9 14 16 23 33.90000153  0.0   1
     3107  -1.6423740  101.1411458    2.84766       83.7     -189.7      224.7     35.2     27.4     27.3 2023  9 14 16 23 52.75999832  0.0   1
     3108  -1.6411875  101.1401286    2.69434      -29.8      -58.5       71.4     57.8     37.6     29.8 2023  9 14 16 23 59.08000183  0.0   1
     3109  -1.6418734  101.1427002    2.54420      256.5     -134.4      -78.7     44.6     32.5     35.4 2023  9 14 16 24  4.69000006  0.0   1
     3110  -1.6425519  101.1412191    2.66993       91.3     -209.4       47.0     36.6     26.5     20.8 2023  9 14 16 24 13.52000046  0.0   1
     3111  -1.6419366  101.1433675    2.70461      330.7     -141.4       81.7     39.4     24.2     25.4 2023  9 14 16 24 25.40999985  0.0   1
     3112  -1.6412523  101.1468506    2.76048      718.3      -65.7      137.5     43.5     48.9     29.2 2023  9 14 16 24 54.75000000  0.0   1
     3113  -1.6429457  101.1412354    2.79142       93.3     -252.9      168.5     42.2     30.9     31.5 2023  9 14 16 24 59.38000107  0.0   1
     3114  -1.6420876  101.1437256    2.66984      370.5     -158.1       46.9     46.5     37.9     30.4 2023  9 14 16 25  6.48000002  0.0   1
     3115  -1.6410030  101.1456868    2.67631      588.4      -38.1       53.4     36.0     24.7     25.8 2023  9 14 16 25 25.75000000  0.0   1
     3116  -1.6400669  101.1511963    2.44338     1201.4       65.4     -179.6     40.6     57.7     31.8 2023  9 14 16 25 28.45000076  0.0   1
     3117  -1.6486524  101.1259684    1.29428    -1605.9     -883.9    -1328.7    103.2     87.7    115.4 2023  9 14 16 25 34.34999847  0.0   1
     3118  -1.6456806  101.1366455    1.87464     -417.4     -555.3     -747.3    215.9     75.9     76.3 2023  9 14 16 25 42.66999817  0.0   1
     3119  -1.6408240  101.1396973    2.70323      -77.8      -18.3       80.3    101.2     53.8     38.0 2023  9 14 16 25 48.11999893  0.0   1
     3120  -1.6419231  101.1400879    2.54602      -34.2     -139.9      -76.9    109.3     42.2     34.1 2023  9 14 16 25 56.81999969  0.0   1
     3121  -1.6400272  101.1431803    2.84580      309.3       69.8      222.9     46.1     24.3     26.5 2023  9 14 16 26  2.75999999  0.0   1
     3122  -1.6411694  101.1420492    2.83897      183.8      -56.5      216.0     36.8     21.7     18.1 2023  9 14 16 26 23.64999962  0.0   1
     3123  -1.6403754  101.1435547    2.95281      351.0       31.3      329.9     87.2     51.0     36.9 2023  9 14 16 26 34.95999908  0.0   1
     3124  -1.6414303  101.1448405    2.77769      494.0      -85.4      154.7     44.4     27.0     29.3 2023  9 14 16 26 48.50000000  0.0   1
     3125  -1.6456163  101.1375326    2.40819     -318.7     -548.2     -214.8     93.7     36.3     47.7 2023  9 14 16 27  6.15000010  0.0   1
     3126  -1.6419228  101.1475423    2.60029      795.1     -139.8      -22.7     50.3     35.6     25.4 2023  9 14 16 27 14.25000000  0.0   1
     3127  -1.6398287  101.1436686    2.72858      364.4       91.7      105.6     51.1     23.7     30.8 2023  9 14 16 27 17.69000053  0.0   1
     3128  -1.6400838  101.1453857    2.62747      555.2       63.5        4.5     62.6     38.6     32.3 2023  9 14 16 27 22.95999908  0.0   1
     3129  -1.6376953  101.1479899    2.65690      844.8      327.6       34.0     37.7     28.3     29.6 2023  9 14 16 27 30.12000084  0.0   1
     3130  -1.6398568  101.1436442    3.04383      361.3       88.6      420.9     54.2     36.6     34.5 2023  9 14 16 27 36.08000183  0.0   1
     3131  -1.6396497  101.1472982    2.70107      768.0      111.5       78.1     64.1     34.4     31.6 2023  9 14 16 28  5.15999985  0.0   1
     3132  -1.6423271  101.1447591    2.62014      485.6     -184.5       -2.8     32.4     22.9     21.3 2023  9 14 16 28 10.97999954  0.0   1
     3133  -1.6416557  101.1418294    2.72332      159.8     -110.3      100.4     44.8     20.4     19.1 2023  9 14 16 28 18.73999977  0.0   1
     3134  -1.6388739  101.1495443    2.05647     1017.6      197.3     -566.5     67.5     61.9     58.1 2023  9 14 16 28 27.96999931  0.0   1
     3135  -1.6420481  101.1461670    2.64174      642.4     -153.7       18.8     32.0     23.0     23.5 2023  9 14 16 28 40.47999954  0.0   1
     3136  -1.6446774  101.1351807    2.40751     -580.8     -444.4     -215.4     85.8     45.4     47.3 2023  9 14 16 28 47.25999832  0.0   1
     3137  -1.6432144  101.1418376    2.70117      160.6     -282.6       78.2     33.0     20.8     22.7 2023  9 14 16 28 51.58000183  0.0   1
     3138  -1.6449884  101.1312907    2.28055    -1013.1     -478.8     -342.4     86.1     54.5     82.0 2023  9 14 16 29 41.08000183  0.0   1
     3139  -1.6396336  101.1302083    2.31233    -1133.5      113.3     -310.6     77.8     60.1     63.6 2023  9 14 16 29 46.22999954  0.0   1
     3140  -1.6409449  101.1425944    2.82188      244.9      -31.7      198.9     43.7     37.3     29.9 2023  9 14 16 29 52.25999832  0.0   1
     3141  -1.6420320  101.1441325    2.76287      416.0     -151.9      139.9     30.7     24.6     20.9 2023  9 14 16 32  8.39999962  0.0   1
     3142  -1.6425894  101.1440755    2.65316      409.2     -213.5       30.2     42.8     18.6     21.0 2023  9 14 16 32 17.73999977  0.0   1
     3143  -1.6388949  101.1546143    2.46498     1582.0      195.0     -158.0     97.6     52.2     71.7 2023  9 14 16 32 30.69000053  0.0   1
     3144  -1.6414757  101.1419189    2.81954      168.9      -90.4      196.6     37.2     20.8     19.3 2023  9 14 16 32 37.11000061  0.0   1
     3145  -1.6429621  101.1401693    2.90761      -25.1     -254.8      284.7     85.5     37.0     38.5 2023  9 14 16 32 59.11000061  0.0   1
     3146  -1.6381860  101.1494548    2.90602     1007.8      273.4      283.1     54.1     35.8     38.7 2023  9 14 16 34 11.01000023  0.0   1
     3147  -1.6354893  101.1615234    2.07211     2350.6      571.6     -550.8     54.6     89.8     65.5 2023  9 14 16 34 40.43000031  0.0   1
     3148  -1.6412135  101.1493978    2.65940     1001.3      -61.4       36.5     36.6     23.8     23.1 2023  9 14 16 34 47.56999969  0.0   1
     3149  -1.6386004  101.1515137    2.66132     1236.6      227.5       38.4     43.5     48.8     37.5 2023  9 14 16 34 58.79000092  0.0   1
     3150  -1.6461923  101.1274658    2.05065    -1439.2     -611.9     -572.3    105.0     83.7     95.7 2023  9 14 16 36 23.40999985  0.0   1
     3151  -1.6437335  101.1298991    2.39879    -1167.8     -340.0     -224.2     76.4     55.5     55.4 2023  9 14 16 38 46.27000046  0.0   1
     3152  -1.6385170  101.1496094    2.92113     1025.0      236.8      298.2     59.3     39.8     30.7 2023  9 14 16 39 22.14999962  0.0   1
     3153  -1.6401349  101.1448242    2.74561      492.7       57.9      122.7     72.2     44.1     30.1 2023  9 14 16 40 10.57999992  0.0   1
     3154  -1.6407383  101.1355876    2.73825     -534.9       -8.9      115.3     80.1     51.8     43.2 2023  9 14 16 40 29.72999954  0.0   1
     3155  -1.6417675  101.1429036    2.82189      278.6     -122.7      198.9     37.6     33.8     31.4 2023  9 14 16 42 57.52000046  0.0   1
     3156  -1.6419305  101.1447428    2.66402      484.0     -140.7       41.1     41.4     23.5     24.1 2023  9 14 16 43 40.40999985  0.0   1
     3157  -1.6414766  101.1421875    2.81249      199.0      -90.5      189.6     48.7     39.6     30.0 2023  9 14 16 48 22.35000038  0.0   1
     3158  -1.6402765  101.1366618    2.85605     -415.5       42.2      233.1    218.1    121.8     56.9 2023  9 14 16 48 45.50999832  0.0   1
     3160  -1.6412805  101.1481445    2.74555      861.7      -68.8      122.6     49.7     45.7     25.7 2023  9 14 16 56  2.07999992  0.0   1
     3161  -1.6416452  101.1438314    2.80472      381.7     -109.1      181.8     37.9     23.3     24.1 2023  9 14 17  0 13.88000011  0.0   1
     3162  -1.6394110  101.1526367    2.17823     1362.1      137.9     -444.7     74.5     58.0     69.0 2023  9 14 17 16  3.20000005  0.0   1
     3163  -1.6419593  101.1432780    2.77789      320.8     -143.9      154.9     61.7     36.8     24.8 2023  9 14 17 16 12.60000038  0.0   1
     3164  -1.6432254  101.1405518    2.68858       17.5     -283.9       65.6     70.8     38.9     35.1 2023  9 14 17 16 20.60000038  0.0   1
     3165  -1.6414131  101.1405762    2.82603       19.9      -83.5      203.1     45.5     37.9     29.1 2023  9 14 17 22 43.41999817  0.0   1
     3166  -1.6415051  101.1409424    2.84091       61.1      -93.6      218.0     41.6     43.1     36.4 2023  9 14 17 23  1.67999995  0.0   1
     3167  -1.6433385  101.1421875    2.72554      199.1     -296.4      102.6     46.8     38.2     37.0 2023  9 14 17 23  3.44000006  0.0   1
     3168  -1.6406925  101.1411051    2.87178       78.7       -3.8      248.8     34.3     27.4     21.6 2023  9 14 17 23 38.47999954  0.0   1
     3169  -1.6425626  101.1381592    2.64309     -248.8     -210.6       20.1     59.8     42.5     35.1 2023  9 14 17 24 47.47999954  0.0   1
     3170  -1.6426474  101.1350098    2.43971     -599.5     -220.0     -183.2     53.9     28.9     32.8 2023  9 14 18  6 58.63999939  0.0   1
     3172  -1.6404500  101.1437337    2.71276      371.6       23.0       89.8     52.5     39.2     30.9 2023  9 15 17 48 41.77999878  0.0   1
     3173  -1.6380056  101.1468831    2.90678      721.6      293.3      283.8     47.5     26.6     23.3 2023  9 15 17 50 48.40000153  0.0   1
     3174  -1.6392630  101.1492513    2.66293      985.6      154.3       40.0     60.0     49.9     44.0 2023  9 15 17 51  9.39999962  0.0   1
     3175  -1.6400818  101.1439290    2.78572      393.0       63.7      162.8     51.4     37.4     25.7 2023  9 18  5 36 41.97999954  0.0   1
     3176  -1.6408613  101.1436442    2.71319      361.1      -22.5       90.2     48.8     29.8     30.0 2023  9 18 16 33 14.22000027  0.0   1
     3177  -1.6387394  101.1489502    2.85402      951.6      212.2      231.1     51.7     44.3     36.6 2023  9 19 22 37 53.88000107  0.0   1
     3178  -1.6401643  101.1423503    2.83002      217.2       54.6      207.1     48.5     29.6     29.3 2023  9 20 20 41 28.63999939  0.0   1
     3179  -1.6396648  101.1444336    2.78023      449.6      109.8      157.3     51.2     30.0     26.0 2023  9 21  3 26 18.59000015  0.0   1
     3180  -1.6389404  101.1408691    2.79686       52.8      189.9      173.9    296.4     77.8     57.0 2023  9 21  3 26 48.38999939  0.0   1
     3181  -1.6393614  101.1441081    2.85735      413.3      143.4      234.4     40.8     25.4     30.0 2023  9 21  3 26 59.63000107  0.0   1
     3182  -1.6446386  101.1331787    2.19257     -802.9     -440.1     -430.4    104.1     63.8     92.9 2023  9 21  3 27 59.75000000  0.0   1
     3183  -1.6418054  101.1441650    2.51511      418.9     -126.9     -107.8     80.0     49.2     33.2 2023  9 21  3 28  2.72000003  0.0   1
     3184  -1.6406122  101.1458008    2.72955      601.2        5.1      106.6     34.2     25.3     29.8 2023  9 21  3 28 44.74000168  0.0   1
     3185  -1.6485973  101.1225911    0.46202    -1981.2     -877.9    -2160.9    145.2    121.8    283.1 2023  9 21  3 37 14.60999966  0.0   1
     3186  -1.6409863  101.1440837    2.93437      410.1      -36.3      311.4     66.0     47.8     49.4 2023  9 21  3 43  8.53999996  0.0   1
     3187  -1.6412056  101.1443115    2.73593      435.9      -60.5      113.0     39.2     37.3     31.7 2023  9 21  3 43 36.95999908  0.0   1
     3188  -1.6428083  101.1441406    3.00156      416.1     -237.7      378.6     65.9     46.4     29.7 2023  9 21  3 44 35.31000137  0.0   1
     3189  -1.6395724  101.1406087    2.85000       23.3      120.1      227.1     47.5     34.9     33.7 2023  9 21  3 45  0.40000001  0.0   1
     3190  -1.6404353  101.1431803    2.70708      309.6       24.6       84.1     47.5     35.8     30.0 2023  9 21  3 46 23.75000000  0.0   1
     3191  -1.6413120  101.1460205    2.63260      625.7      -72.3        9.7     43.8     24.8     37.1 2023  9 21  3 47 35.90000153  0.0   1
     3192  -1.6399553  101.1482096    2.65584      869.2       77.7       32.9     53.0     43.3     31.1 2023  9 21  3 47 45.47000122  0.0   1
     3193  -1.6409561  101.1447673    2.66831      486.6      -32.9       45.4     35.7     25.1     27.1 2023  9 21  3 50 10.31999969  0.0   1
     3194  -1.6386383  101.1434814    2.92947      343.3      223.4      306.5     34.9     28.1     21.2 2023  9 21  3 51 53.75000000  0.0   1
     3195  -1.6415305  101.1411784    2.80757       87.4      -96.5      184.6     53.9     42.4     38.9 2023  9 21  3 54 41.15999985  0.0   1
     3196  -1.6383300  101.1505290    2.65826     1127.7      257.4       35.3     67.0     40.1     31.3 2023  9 21  3 54 56.18999863  0.0   1
     3197  -1.6388176  101.1449951    2.89480      511.8      203.5      271.9     55.3     36.2     38.6 2023  9 21  3 55  2.20000005  0.0   1
     3198  -1.6372782  101.1495524    2.69416     1018.9      373.7       71.2     38.0     32.2     26.8 2023  9 21  3 57 10.92000008  0.0   1
     3200  -1.6406666  101.1673340    1.61415     2997.4       -0.9    -1008.8     62.5     67.7    112.2 2023  9 21 18  0 24.65999985  0.0   1
     3202  -1.6438104  101.1394287    2.77831     -107.6     -348.5      155.4     62.1     31.7     29.4 2023  9 21 18  2 53.29999924  0.0   1
     3203  -1.6407187  101.1448079    2.61786      490.9       -6.7       -5.1     35.3     19.6     24.2 2023  9 21 18  3  1.86000001  0.0   1
     3204  -1.6420185  101.1460856    2.65795      633.0     -150.4       35.0     45.9     29.8     22.9 2023  9 21 18  3  6.84000015  0.0   1
     3206  -1.6398952  101.1478353    2.83551      827.7       84.4      212.6     58.1     34.8     29.4 2023  9 21 18  3 58.45999908  0.0   1
     3207  -1.6383621  101.1583333    2.08342     1995.8      253.9     -539.5     81.1     57.5     79.0 2023  9 21 18  4  4.84000015  0.0   1
     3208  -1.6411345  101.1435303    2.66447      348.7      -52.7       41.5     32.9     22.1     22.6 2023  9 21 18  4  8.68000031  0.0   1
     3209  -1.6410140  101.1500570    2.63917     1074.7      -39.3       16.2     61.0     48.8     51.3 2023  9 21 18  5 31.94000053  0.0   1
     3210  -1.6432713  101.1424235    2.63138      225.3     -288.9        8.4     44.4     28.1     25.6 2023  9 21 18  5 48.38000107  0.0   1
     3211  -1.6476840  101.1243327    2.04096    -1787.3     -776.9     -582.0     93.9     69.5     92.7 2023  9 21 18  6 39.50000000  0.0   1
     3212  -1.6424908  101.1425863    2.92403      243.4     -202.6      301.1     37.4     30.2     30.1 2023  9 21 18 40 21.60000038  0.0   1
     3213  -1.6410255  101.1447347    2.78457      482.4      -40.6      161.6     64.0     41.7     34.2 2023  9 28  7  5  1.83000004  0.0   1
     3214  -1.6386036  101.1452311    2.87420      537.5      227.2      251.3     37.8     34.2     22.6 2023  9 28  7 39  3.82999992  0.0   1
     3215  -1.6417639  101.1419108    2.76747      168.1     -122.3      144.5     41.2     37.5     28.4 2023  9 28  7 40  2.51999998  0.0   1
     3216  -1.6402626  101.1469157    2.60850      725.4       43.7      -14.4     35.5     28.4     26.3 2023  9 28  7 55 56.93999863  0.0   1
     3217  -1.6417213  101.1424805    2.74464      232.2     -117.6      121.7     31.6     20.7     18.9 2023  9 28  7 56  5.48999977  0.0   1
     3218  -1.6416002  101.1445150    2.72252      457.8     -104.2       99.6     33.7     32.5     32.4 2023  9 28  7 56 11.47999954  0.0   1
     3219  -1.6390338  101.1423177    3.07464      213.7      179.6      451.7     44.7     35.8     26.8 2023  9 28  7 57 46.27000046  0.0   1
     3220  -1.6417096  101.1445557    2.60991      462.6     -116.3      -13.0     41.4     19.9     27.1 2023  9 28  7 59 35.90000153  0.0   1
     3221  -1.6422363  101.1398193    2.54403      -63.9     -174.5      -77.9     81.9     28.9     21.3 2023  9 28  8  1 35.72000122  0.0   1
     3222  -1.6406321  101.1473226    2.58101      770.4        2.9      -41.9     36.4     23.4     24.6 2023  9 28  8  2  3.35999990  0.0   1
     3223  -1.6411744  101.1437012    2.76221      367.3      -57.1      139.3     35.1     21.2     24.1 2023  9 28  8  2 40.31000137  0.0   1
     3224  -1.6409481  101.1463623    2.58600      663.8      -32.1      -36.9     39.3     22.8     21.1 2023  9 28  8  7 49.70999908  0.0   1
     3225  -1.6412525  101.1445150    2.74695      458.6      -65.7      124.0     38.5     27.8     19.9 2023  9 28  8 13  6.84000015  0.0   1
     3226  -1.6396578  101.1464762    2.71813      676.1      110.6       95.2     41.4     22.9     19.1 2023  9 28  8 15 50.84999847  0.0   1
     3227  -1.6399905  101.1461263    2.58728      637.4       73.8      -35.7     55.6     29.5     26.6 2023  9 28  8 15 58.18999863  0.0   1
     3228  -1.6431384  101.1456624    2.76198      585.8     -274.2      139.0     32.4     24.5     19.0 2023  9 28  8 17  0.49000001  0.0   1
     3229  -1.6414673  101.1436686    2.66571      364.2      -89.5       42.8     95.8     45.0     40.8 2023  9 28  8 17 24.29000092  0.0   1
     3230  -1.6395383  101.1456624    2.83050      586.2      123.8      207.6     29.8     35.4     26.4 2023  9 28  8 19 49.29999924  0.0   1
     3231  -1.6416022  101.1413981    2.76061      111.6     -104.4      137.7     47.2     24.4     20.7 2023  9 28  8 20 55.52000046  0.0   1
     3232  -1.6408683  101.1443604    2.78599      441.2      -23.2      163.0     32.2     22.5     19.4 2023  9 28  8 26 42.88000107  0.0   1
     3233  -1.6420990  101.1453532    2.71827      551.9     -159.3       95.3     32.2     26.8     22.8 2023  9 28  8 26 46.84000015  0.0   1
     3234  -1.6414206  101.1434001    2.84291      334.4      -84.3      220.0     32.2     21.3     17.0 2023  9 28  8 27  2.09999990  0.0   1
     3235  -1.6416149  101.1438232    2.60623      381.5     -105.8      -16.7     39.2     26.5     24.1 2023  9 28  8 29 31.02000046  0.0   1
     3236  -1.6411180  101.1431152    2.75842      302.1      -50.8      135.5     32.7     30.7     23.7 2023  9 28  8 33 52.38000107  0.0   1
     3237  -1.6412066  101.1425374    2.75660      237.8      -60.6      133.7     23.4     23.8     20.7 2023  9 28  8 34 52.70000076  0.0   1
     3238  -1.6414761  101.1430420    2.80494      294.7      -90.4      182.0     30.5     20.8     14.6 2023  9 28  8 35 23.65999985  0.0   1
     3239  -1.6403657  101.1456380    2.63874      583.0       32.3       15.8     47.1     22.3     26.8 2023  9 28  8 35 37.04000092  0.0   1
     3240  -1.6405649  101.1431152    2.83049      302.1       10.3      207.5     62.9     43.4     28.4 2023  9 28  8 36  6.26000023  0.0   1
     3241  -1.6413530  101.1428304    2.68944      271.2      -76.8       66.5     30.2     20.6     20.8 2023  9 28  8 36  9.26000023  0.0   1
     3242  -1.6432003  101.1465820    2.69826      688.3     -281.1       75.3     44.2     25.9     27.4 2023  9 28  8 36 18.69000053  0.0   1
     3243  -1.6424208  101.1397298    2.86595      -74.5     -194.9      243.0     89.8     28.0     28.0 2023  9 28  8 36 33.70999908  0.0   1
     3244  -1.6424430  101.1428385    2.69646      271.9     -197.4       73.5     36.2     35.7     34.2 2023  9 28  8 36 39.86999893  0.0   1
     3245  -1.6435591  101.1441976    2.51498      423.0     -320.8     -108.0     74.1     55.1     51.4 2023  9 28  8 37 37.74000168  0.0   1
     3246  -1.6412552  101.1420980    2.84348      189.4      -66.0      220.5     25.4     22.1     19.2 2023  9 28  8 37 40.75999832  0.0   1
     3247  -1.6410364  101.1421061    2.88440      190.2      -41.8      261.5     31.3     27.8     21.1 2023  9 28  8 38  9.71000004  0.0   1
     3248  -1.6417241  101.1440999    2.70050      411.9     -117.9       77.6     31.8     29.8     23.6 2023  9 28  8 39  3.31999993  0.0   1
     3249  -1.6425224  101.1440348    2.76843      404.9     -206.1      145.5     35.5     23.1     18.5 2023  9 28  8 39 16.25000000  0.0   1
     3250  -1.6430440  101.1382894    2.73162     -234.1     -263.8      108.7     49.2     32.9     35.8 2023  9 28  8 39 29.69000053  0.0   1
     3251  -1.6415897  101.1425537    2.87428      240.3     -103.0      251.3     20.6     19.2     20.1 2023  9 28  8 40 15.93999958  0.0   1
     3252  -1.6412462  101.1449463    2.74256      505.9      -65.0      119.6     36.7     19.8     20.9 2023  9 28  8 40 38.47999954  0.0   1
     3253  -1.6429015  101.1426432    2.71655      249.9     -248.0       93.6     29.0     29.4     28.1 2023  9 28  8 40 41.38000107  0.0   1
     3254  -1.6426144  101.1443359    2.81627      438.5     -216.3      193.3     41.3     32.0     31.9 2023  9 28  8 41  2.16000009  0.0   1
     3255  -1.6423707  101.1472168    2.59406      758.8     -189.4      -28.9     46.7     26.7     21.5 2023  9 28  8 41 20.87999916  0.0   1
     3256  -1.6414004  101.1427246    2.81685      258.8      -82.1      193.9     26.1     16.6     15.9 2023  9 28  8 41 55.04999924  0.0   1
     3257  -1.6407148  101.1472005    2.85259      757.3       -6.2      229.6     47.7     36.2     29.9 2023  9 28  8 42 14.56999969  0.0   1
     3258  -1.6406193  101.1428630    2.75614      274.5        4.3      133.2     44.5     45.9     32.8 2023  9 28  8 42 19.54999924  0.0   1
     3259  -1.6429161  101.1461670    2.65058      642.4     -249.7       27.6     39.6     34.2     30.2 2023  9 28  8 43 54.72999954  0.0   1
     3260  -1.6431334  101.1436849    2.60869      366.2     -273.7      -14.3     46.7     52.9     48.0 2023  9 28  8 44 16.90999985  0.0   1
     3261  -1.6413476  101.1420329    2.92072      181.8      -76.2      297.8     37.8     36.1     26.2 2023  9 28  8 44 28.37999916  0.0   1
     3262  -1.6416266  101.1423584    2.86575      217.9     -107.1      242.8     25.2     23.5     19.5 2023  9 28  8 47 19.86000061  0.0   1
     3263  -1.6416897  101.1441081    2.69396      412.8     -114.1       71.0     30.1     22.4     22.4 2023  9 28  8 47 33.06999969  0.0   1
     3264  -1.6448165  101.1404215    2.62463        2.8     -459.8        1.7     49.0     35.5     25.4 2023  9 28  8 51 42.25999832  0.0   1
     3265  -1.6416274  101.1408610    2.87059       51.3     -107.2      247.6     50.2     30.1     18.9 2023  9 28  8 59 46.52999878  0.0   1
     3266  -1.6419941  101.1429769    2.69716      286.6     -147.7       74.2     37.7     24.0     19.3 2023  9 28  9  4 21.27000046  0.0   1
     3267  -1.6414055  101.1410645    2.80371       73.9      -82.6      180.8     44.9     35.0     25.6 2023  9 28  9  5 15.84000015  0.0   1
     3268  -1.6418264  101.1429932    2.78137      288.7     -129.2      158.4     33.3     21.6     19.7 2023  9 28  9 10 20.37000084  0.0   1
     3269  -1.6441209  101.1371501    2.66124     -361.4     -382.9       38.3     56.3     37.8     32.5 2023  9 28  9 17 17.36000061  0.0   1
     3270  -1.6410647  101.1442220    2.74831      425.7      -44.9      125.4     36.1     32.2     22.8 2023 10  5  7 35 44.90999985  0.0   1
     3271  -1.6111983  101.1286947    2.43297    -1302.3     3257.5     -190.0    170.8    144.9     94.7 2023 10  8  0 46  1.73000002  0.0   1
     3272  -1.6119415  101.1282552    2.28505    -1350.9     3175.3     -337.9    155.9    139.6     91.6 2023 10  8  0 46 50.84000015  0.0   1
     3273  -1.6398141  101.1433675    2.88944      330.4       93.3      266.5     54.1     37.0     26.6 2023 10  9 12  0 57.20999908  0.0   1
     3274  -1.6391493  101.1531657    2.55306     1420.5      166.8      -69.9     64.0     39.5     36.3 2023 10  9 13 10 28.75000000  0.0   1
     3275  -1.6428830  101.1481527    2.33754      862.8     -246.0     -285.4     43.7     35.0     32.8 2023 10 10  8 52 47.47999954  0.0   1
     3276  -1.6413336  101.1464925    2.88424      678.1      -74.7      261.3     53.1     33.4     34.6 2023 10 12  2  8 51.72999954  0.0   1
     3277  -1.6426394  101.1408610    2.51763       51.4     -219.1     -105.3     47.3     51.7     40.6 2023 10 12  2 25 53.88999939  0.0   1
     3278  -1.6456553  101.1422852    2.58756      210.5     -552.6      -35.4     56.3     47.8     41.2 2023 10 12  2 26 44.36999893  0.0   1
     3279  -1.6437756  101.1392578    2.72748     -126.3     -344.7      104.5     47.3     31.3     30.0 2023 10 12  7 33 35.72000122  0.0   1
     3280  -1.6396538  101.1429362    2.85318      282.1      111.1      230.2     46.7     34.1     20.7 2023 10 12  7 35 26.72999954  0.0   1
     3281  -1.6389891  101.1438070    2.93622      379.8      184.6      313.3     42.4     35.0     24.1 2023 10 12  7 44 21.15999985  0.0   1
     3282  -1.6413208  101.1423910    2.79288      221.9      -73.3      169.9     71.1     41.1     37.0 2023 10 14  8 24 30.54000092  0.0   1
     3283  -1.6427959  101.1449056    2.72151      501.4     -236.4       98.6     64.8     39.4     42.1 2023 10 14 10 32 46.22999954  0.0   1
     3284  -1.6409940  101.1438883    2.81704      388.0      -37.1      194.1     39.7     25.8     23.0 2023 10 14 16 31 41.02000046  0.0   1
     3285  -1.6421712  101.1422363    2.71383      205.0     -167.3       90.9     52.0     49.6     42.0 2023 10 17  8 13 56.77000046  0.0   1
     3286  -1.6439229  101.1355306    2.83146     -541.6     -361.0      208.5     75.4     32.4     42.8 2023 10 17  9  1 32.40999985  0.0   1
     3288  -1.6456846  101.1515381    3.18089     1239.3     -555.8      557.9    130.8     73.1     65.0 2023 10 18 14 21 34.95000076  0.0   1
