     2719  -1.6420347  101.1461507    2.80870      640.3     -152.2      185.8      0.7      0.4      0.3 2023  1  3  3 43 21.02000046  0.0   1
     2720  -1.6381252  101.1481445    3.00064      862.3      280.1      377.7      0.9      1.0      0.6 2023  1  3  3 52  5.73000002  0.0   1
     2721  -1.6357063  101.1507568    2.69326     1152.8      547.5       70.3      1.2      1.0      0.7 2023  1  3  3 52 21.03000069  0.0   1
     2722  -1.6425285  101.1383464    2.75639     -228.2     -206.8      133.4      1.2      0.6      0.3 2023  1  3  3 52 34.75000000  0.0   1
     2723  -1.6400689  101.1446777    2.81956      476.5       65.1      196.6      0.6      0.3      0.3 2023  1  3  4  2 20.45000076  0.0   1
     2724  -1.6400584  101.1456462    2.89856      584.3       66.3      275.6      0.6      0.6      0.4 2023  1  4 20 11 39.40000153  0.0   1
     2725  -1.6405120  101.1432292    2.90429      315.1       16.2      281.3      0.9      0.6      0.5 2023  1  4 20 16 15.53999996  0.0   1
     2726  -1.6455980  101.1404948    2.58482       10.8     -546.2      -38.1      2.1      0.9      0.8 2023  1  4 20 17  9.68000031  0.0   1
     2727  -1.6486239  101.1280924    1.82548    -1368.9     -880.8     -797.5     11.2      9.6     11.2 2023  1  4 20 18 22.71999931  0.0   1
     2729  -1.6459513  101.1397054    2.77893      -77.2     -585.3      156.0      1.9      0.5      0.5 2023  1 11 13 28 50.43999863  0.0   1
     2734  -1.6410751  101.1465902    3.01534      689.2      -46.1      392.4      1.1      0.8      0.6 2023  1 20 18 30  0.36000001  0.0   1
     2735  -1.6442315  101.1385986    2.98734     -199.7     -395.1      364.4      1.1      0.6      0.4 2023  1 20 19 10 25.45999908  0.0   1
     2736  -1.6417474  101.1446208    2.61690      470.4     -120.4       -6.0      0.7      0.3      0.4 2023  1 20 19 10 36.45999908  0.0   1
     2737  -1.6420064  101.1428141    2.60113      268.6     -149.1      -21.8      1.0      0.4      0.3 2023  1 20 19 11 19.44000053  0.0   1
     2738  -1.6407188  101.1410482    3.03251       72.2       -6.7      409.6      0.9      0.6      0.4 2023  1 20 19 11 38.47999954  0.0   1
     2739  -1.6392278  101.1428874    2.87644      277.3      158.2      253.5      0.8      0.5      0.4 2023  1 20 19 11 46.86000061  0.0   1
     2740  -1.6406377  101.1422526    2.68406      206.7        2.3       61.1      1.0      0.6      0.4 2023  1 20 19 12  2.07999992  0.0   1
     2741  -1.6415913  101.1437907    2.87416      378.0     -103.2      251.2      0.8      0.4      0.2 2023  1 20 19 12 14.30000019  0.0   1
     2742  -1.6451065  101.1385579    2.69756     -204.6     -491.9       74.6      2.3      1.1      1.5 2023  1 20 19 12 27.89999962  0.0   1
     2743  -1.6410648  101.1435872    2.75138      355.1      -45.0      128.4      0.7      0.5      0.4 2023  1 20 19 12 41.43999863  0.0   1
     2744  -1.6391822  101.1414551    3.13507      117.8      163.2      512.1      1.6      0.8      0.6 2023  1 20 19 12 45.20000076  0.0   1
     2745  -1.6418554  101.1423421    2.96661      216.4     -132.4      343.7      1.2      0.3      0.3 2023  1 20 19 12 58.77999878  0.0   1
     2746  -1.6425704  101.1436523    2.90836      361.8     -211.4      285.4      0.9      0.5      0.4 2023  1 20 19 13  8.81999969  0.0   1
     2747  -1.6453119  101.1431803    2.56564      309.8     -514.6      -57.3      1.9      0.6      0.5 2023  1 20 19 13 21.52000046  0.0   1
     2748  -1.6388472  101.1409505    3.11059       61.4      200.2      487.6      2.4      1.1      0.5 2023  1 20 19 13 50.47999954  0.0   1
     2749  -1.6410582  101.1304199    2.46376    -1110.4      -44.2     -159.2      1.3      0.9      1.2 2023  1 20 19 13 59.40000153  0.0   1
     2750  -1.6399161  101.1355550    2.83025     -538.9       82.1      207.3      0.9      1.2      0.4 2023  1 20 19 14 14.26000023  0.0   1
     2751  -1.6417230  101.1448486    2.92106      495.8     -117.7      298.1      1.0      0.6      0.4 2023  1 20 19 14 47.25999832  0.0   1
     2752  -1.6420386  101.1468831    2.75733      722.2     -152.6      134.4      0.9      0.7      0.6 2023  1 20 19 14 50.77999878  0.0   1
     2753  -1.6426876  101.1390462    2.89318     -150.3     -224.4      270.2      1.7      0.6      0.5 2023  1 20 19 15  4.05999994  0.0   1
     2754  -1.6415983  101.1440511    2.72343      406.8     -103.9      100.5      0.6      0.3      0.3 2023  1 20 19 15 37.75999832  0.0   1
     2755  -1.6412501  101.1432048    2.74521      312.5      -65.4      122.3      0.6      0.5      0.4 2023  1 20 19 15 47.91999817  0.0   1
     2756  -1.6409971  101.1426676    2.78404      252.4      -37.5      161.1      0.5      0.3      0.2 2023  1 20 19 16  4.34000015  0.0   1
     2757  -1.6427394  101.1379395    2.78413     -273.4     -230.1      161.2      1.1      0.6      0.6 2023  1 20 19 16 23.39999962  0.0   1
     2758  -1.6377964  101.1461100    2.89867      635.6      316.4      275.7      0.8      0.7      0.5 2023  1 20 19 16 33.02000046  0.0   1
     2759  -1.6409977  101.1449870    2.77817      510.5      -37.5      155.2      0.6      0.4      0.3 2023  1 20 19 16 54.11999893  0.0   1
     2760  -1.6414811  101.1488525    2.72853      940.8      -91.0      105.6      1.0      0.5      0.5 2023  1 20 19 17 18.65999985  0.0   1
     2761  -1.6414431  101.1423584    2.78543      218.6      -86.8      162.5      0.9      0.5      0.3 2023  1 20 19 17 23.44000053  0.0   1
     2762  -1.6418329  101.1427572    2.74323      262.9     -129.9      120.3      0.7      0.3      0.3 2023  1 20 19 17 53.41999817  0.0   1
     2763  -1.6449092  101.1215332    1.86687    -2098.8     -470.0     -756.1      1.1      1.3      1.3 2023  1 20 19 17 59.56000137  0.0   1
     2764  -1.6372227  101.1491943    2.96373      979.0      379.9      340.8      1.1      1.0      0.6 2023  1 20 19 18 19.47999954  0.0   1
     2765  -1.6434433  101.1460042    2.91931      623.8     -308.0      296.4      1.2      0.5      0.6 2023  1 20 19 18 31.20000076  0.0   1
     2766  -1.6442120  101.1382813    2.69686     -235.2     -393.0       73.9      1.3      0.7      0.4 2023  1 20 19 18 39.00000000  0.0   1
     2767  -1.6413719  101.1406494    2.89715       28.2      -78.9      274.2      1.7      0.7      0.4 2023  1 20 19 20 12.10000038  0.0   1
     2768  -1.6423527  101.1368896    2.72703     -390.1     -187.4      104.1      0.8      0.4      0.3 2023  1 20 19 20 39.81999969  0.0   1
     2769  -1.6426952  101.1441243    2.87306      414.8     -225.2      250.1      0.9      0.4      0.4 2023  1 20 19 21  7.40000010  0.0   1
     2770  -1.6423815  101.1394775    2.90320     -102.0     -190.6      280.3      0.9      0.5      0.4 2023  1 20 19 21 18.81999969  0.0   1
     2771  -1.6411744  101.1519613    2.53763     1286.4      -57.1      -85.3      1.3      1.4      0.9 2023  1 20 19 21 59.91999817  0.0   1
     2772  -1.6426683  101.1447510    3.00437      484.7     -222.3      381.4      0.8      0.4      0.4 2023  1 20 19 22 12.19999981  0.0   1
     2773  -1.6389736  101.1540609    2.36747     1520.1      186.3     -255.5      1.2      1.0      1.1 2023  1 20 19 22 39.93999863  0.0   1
     2774  -1.6433174  101.1396973    3.06149      -77.5     -294.0      438.5      1.1      0.4      0.3 2023  1 20 19 22 45.40000153  0.0   1
     2775  -1.6449051  101.1355143    2.80541     -543.4     -469.6      182.5      1.0      0.5      0.4 2023  1 20 19 23  1.05999994  0.0   1
     2776  -1.6461425  101.1428304    2.43223      270.9     -606.4     -190.7      1.5      0.9      1.4 2023  1 20 19 23  6.86000013  0.0   1
     2777  -1.6414533  101.1392008    2.77180     -133.1      -87.9      148.9      1.2      0.5      0.3 2023  1 20 19 24 26.95999908  0.0   1
     2778  -1.6451379  101.1266357    2.51945    -1531.1     -495.3     -103.5      2.7      1.5      2.2 2023  1 20 19 24 30.94000053  0.0   1
     2779  -1.6454096  101.1295247    2.64546    -1209.4     -525.4       22.5      6.4      3.7      2.4 2023  1 20 19 24 45.20000076  0.0   1
     2780  -1.6483758  101.1369222    2.41085     -386.5     -853.4     -212.1      3.7      1.2      1.2 2023  1 20 19 24 52.18000031  0.0   1
     2782  -1.6396966  101.1519043    2.62943     1280.1      106.3        6.5      1.3      1.3      0.9 2023  1 20 19 25 16.07999992  0.0   1
     2783  -1.6495209  101.1291748    1.71225    -1249.1     -980.0     -910.7      3.1      1.6      1.8 2023  1 20 19 26 19.50000000  0.0   1
     2784  -1.6352840  101.1564941    2.78665     1791.4      594.2      163.7      2.2      2.9      2.0 2023  1 20 19 26 40.24000168  0.0   1
     2785  -1.6460074  101.1466064    2.86634      690.9     -591.5      243.4      1.2      0.8      0.8 2023  1 20 19 26 53.72000122  0.0   1
     2786  -1.6414064  101.1442220    2.64900      425.5      -82.7       26.1      0.7      0.5      0.3 2023  1 20 19 28  3.14000010  0.0   1
     2787  -1.6432498  101.1396240    2.67902      -86.3     -286.6       56.1      1.1      0.4      0.4 2023  1 20 19 28 27.34000015  0.0   1
     2788  -1.6413603  101.1437337    2.83749      371.6      -77.6      214.5      0.6      0.4      0.3 2023  1 20 19 28 29.31999969  0.0   1
     2789  -1.6409490  101.1439616    2.66332      396.6      -32.2       40.4      0.8      0.5      0.3 2023  1 20 19 28 39.91999817  0.0   1
     2790  -1.6457762  101.1429443    2.76705      283.6     -565.9      144.1      1.4      0.5      0.5 2023  1 20 19 29 12.73999977  0.0   1
     2791  -1.6431643  101.1419189    2.86392      169.5     -277.1      241.0      1.1      0.6      0.5 2023  1 20 19 29 38.18000031  0.0   1
     2792  -1.6418312  101.1442871    2.79450      432.9     -129.7      171.6      0.6      0.4      0.3 2023  1 20 19 30 28.65999985  0.0   1
     2793  -1.6417706  101.1417806    2.74698      153.9     -123.0      124.0      0.8      0.6      0.4 2023  1 20 19 30 43.77999878  0.0   1
     2794  -1.6451754  101.1333415    2.53512     -785.0     -499.5      -87.8      1.8      0.7      0.8 2023  1 20 19 30 58.61999893  0.0   1
     2795  -1.6336961  101.1565511    2.10360     1797.8      769.8     -519.3      2.6      3.7      2.6 2023  1 20 19 31  4.38000011  0.0   1
     2796  -1.6423921  101.1478353    2.55759      828.0     -191.7      -65.4      1.6      1.2      1.1 2023  1 20 19 31  9.84000015  0.0   1
     2797  -1.6419603  101.1431152    2.90147      302.1     -144.0      278.5      0.6      0.5      0.4 2023  1 20 19 31 49.70000076  0.0   1
     2798  -1.6419203  101.1489502    2.78451      951.5     -139.6      161.6      1.3      0.8      0.7 2023  1 20 19 32  3.83999991  0.0   1
     2799  -1.6420973  101.1442057    2.77547      423.8     -159.1      152.5      0.8      0.3      0.4 2023  1 20 19 32  9.02000046  0.0   1
     2800  -1.6414417  101.1414225    2.91255      113.7      -86.6      289.6      0.7      0.2      0.2 2023  1 20 19 32 20.89999962  0.0   1
     2801  -1.6425429  101.1402100    2.75938      -21.1     -208.4      136.4      1.2      0.4      0.3 2023  1 20 19 32 52.88000107  0.0   1
     2802  -1.6416618  101.1435059    2.74352      346.1     -111.0      120.6      0.7      0.4      0.4 2023  1 20 19 32 59.25999832  0.0   1
     2803  -1.6426393  101.1416341    2.93716      137.6     -219.1      314.2      0.8      0.4      0.3 2023  1 20 19 33  9.80000019  0.0   1
     2804  -1.6428602  101.1373779    2.73586     -336.0     -243.5      112.9      1.0      0.5      0.3 2023  1 20 19 33 34.56000137  0.0   1
     2805  -1.6420462  101.1498861    2.83993     1056.1     -153.5      217.0      1.3      0.9      0.7 2023  1 20 19 33 48.00000000  0.0   1
     2806  -1.6432728  101.1384684    2.87707     -215.0     -289.1      254.1      1.4      0.7      0.4 2023  1 20 19 33 53.97999954  0.0   1
     2807  -1.6405636  101.1475830    2.70040      799.5       10.5       77.5      0.5      0.4      0.3 2023  1 20 19 34 15.69999981  0.0   1
     2808  -1.6459565  101.1275635    1.36810    -1427.9     -585.9    -1254.8      2.9      1.5      4.5 2023  1 20 19 34 33.22000122  0.0   1
     2809  -1.6444527  101.1348877    2.63188     -612.9     -419.6        8.9      1.5      1.0      0.7 2023  1 20 19 34 48.20000076  0.0   1
     2810  -1.6414007  101.1430583    2.63345      295.8      -82.1       10.5      0.9      0.5      0.4 2023  1 20 19 34 58.11999893  0.0   1
     2811  -1.6424742  101.1472819    2.97438      766.1     -200.8      351.4      1.0      0.7      0.4 2023  1 20 19 35 21.10000038  0.0   1
     2812  -1.6413929  101.1418538    2.92449      162.4      -81.2      301.5      0.8      0.4      0.2 2023  1 20 19 35 48.25999832  0.0   1
     2813  -1.6416358  101.1450277    2.76273      515.3     -108.1      139.8      0.6      0.3      0.2 2023  1 20 19 36 32.65999985  0.0   1
     2814  -1.6436141  101.1447835    2.87413      487.7     -326.8      251.2      0.7      0.4      0.4 2023  1 20 19 36 50.90000153  0.0   1
     2815  -1.6418638  101.1423828    2.77702      221.3     -133.3      154.1      0.9      0.6      0.5 2023  1 20 19 43 50.43999863  0.0   1
     2816  -1.6422670  101.1430583    2.89855      295.8     -177.9      275.6      1.1      0.5      0.4 2023  1 20 19 43 54.97999954  0.0   1
     2817  -1.6408521  101.1441732    2.73752      420.2      -21.4      114.6      0.5      0.3      0.2 2023  1 20 19 49 56.54000092  0.0   1
     2818  -1.6424023  101.1446615    2.88215      474.7     -192.9      259.2      1.1      0.7      0.5 2023  1 20 19 53 30.76000023  0.0   1
     2819  -1.6414196  101.1435303    2.80682      348.9      -84.2      183.9      0.7      0.4      0.2 2023  1 20 19 57 15.27999973  0.0   1
     2820  -1.6419427  101.1433512    2.61574      329.0     -142.0       -7.2      0.8      0.4      0.3 2023  1 20 19 57 23.65999985  0.0   1
     2821  -1.6404647  101.1435059    2.76189      345.7       21.4      138.9      0.7      0.5      0.3 2023  1 20 20 23  4.65999985  0.0   1
     2822  -1.6412421  101.1406169    2.81090       24.2      -64.6      188.0      2.6      0.8      0.6 2023  1 21  1 56 37.25000000  0.0   1
     2823  -1.6390049  101.1481120    2.84737      858.7      182.8      224.4      0.8      0.6      0.4 2023  1 30 17 30  4.76000023  0.0   1
     2824  -1.6417599  101.1395345    2.80151      -96.1     -121.8      178.6      1.5      0.3      0.3 2023  1 30 17 30 40.74000168  0.0   1
     2825  -1.6452146  101.1282064    1.95001    -1356.1     -503.8     -672.9      1.0      0.7      0.9 2023  2 18 22 35 10.69999981  0.0   1
     2826  -1.6384420  101.1438477    2.83855      384.2      245.1      215.6      0.8      0.5      0.3 2023  2 18 22 38 25.92000008  0.0   1
     2827  -1.6409651  101.1427572    2.67864      263.0      -33.9       55.7      1.0      0.4      0.4 2023  2 18 22 38 33.40000153  0.0   1
     2828  -1.6448996  101.1305339    2.19506    -1097.2     -469.0     -427.9      1.2      0.8      0.9 2023  2 18 22 39  5.48000002  0.0   1
     2829  -1.6469350  101.1361003    2.39767     -477.7     -694.0     -225.3      1.9      1.4      1.0 2023  2 26 15 14 57.77000046  0.0   1
     2830  -1.6464901  101.1325928    2.01500     -868.4     -644.9     -607.9      1.1      0.7      0.8 2023  2 27 22 34 11.93999958  0.0   1
     2831  -1.6426478  101.1525228    2.68703     1348.9     -220.0       64.1      1.0      1.3      0.7 2023  2 27 22 34 17.97999954  0.0   1
     2832  -1.6471719  101.1367757    2.24261     -403.2     -720.3     -380.3      1.8      1.0      1.2 2023  2 27 22 34 39.31999969  0.0   1
     2833  -1.6413799  101.1341064    2.78052     -699.6      -79.8      157.6      1.0      0.7      0.5 2023  2 27 22 34 42.22000122  0.0   1
     2834  -1.6404568  101.1395426    2.76386      -95.0       22.3      140.9      0.8      0.4      0.5 2023  3  8  4 53 44.11000061  0.0   1
     2835  -1.6396010  101.1365885    2.84966     -424.1      116.9      226.7      0.8      0.6      0.3 2023  3 12 23 29 24.12000084  0.0   1
     2836  -1.6408304  101.1367350    2.92066     -407.2      -19.0      297.7      0.7      0.4      0.3 2023  3 19 14 58 26.79999924  0.0   1
     2837  -1.6417473  101.1444987    2.84990      456.8     -120.4      227.0      0.9      0.4      0.4 2023  3 19 14 58 27.35000038  0.0   1
     2838  -1.6384822  101.1434001    2.92050      334.1      240.6      297.6      0.8      0.4      0.3 2023  3 19 14 58 41.38999939  0.0   1
     2839  -1.6434135  101.1433512    2.75588      328.4     -304.7      132.9      2.1      0.6      0.5 2023  3 19 14 59  5.11999989  0.0   1
     2840  -1.6412838  101.1428060    2.88150      267.9      -69.2      258.6      0.9      0.4      0.3 2023  3 19 15  0 56.34000015  0.0   1
     2841  -1.6396640  101.1466553    2.80079      696.8      109.9      177.8      0.6      0.4      0.4 2023  3 19 15  7 48.63000107  0.0   1
     2842  -1.6415918  101.1433512    2.75787      328.5     -103.2      134.9      0.6      0.4      0.3 2023  3 19 15  8  6.13999987  0.0   1
     2843  -1.6406925  101.1451253    2.75655      526.2       -3.8      133.6      0.9      0.6      0.5 2023  3 19 15  8 45.77000046  0.0   1
     2844  -1.6416163  101.1451253    2.67088      526.2     -105.9       47.9      0.7      0.5      0.4 2023  3 19 15 10  1.89999998  0.0   1
     2845  -1.6419688  101.1411865    2.99704       87.5     -144.9      374.1      1.2      0.6      0.4 2023  3 19 15 10 17.05999947  0.0   1
     2846  -1.6414251  101.1341471    2.91086     -695.0      -84.8      287.9      0.8      0.8      0.5 2023  3 19 15 10 42.45999908  0.0   1
     2847  -1.6385464  101.1404785    3.28756        9.5      233.5      664.6      3.2      1.7      1.0 2023  3 19 15 12  7.92000008  0.0   1
     2848  -1.6374935  101.1450928    3.04623      522.4      349.9      423.3      2.3      1.7      0.9 2023  3 19 15 12 41.66999817  0.0   1
     2849  -1.6400194  101.1455322    2.94761      571.7       70.6      324.7      0.9      0.9      0.7 2023  3 19 15 13  3.02999997  0.0   1
     2850  -1.6469414  101.1348633    2.73947     -615.5     -694.8      116.5      3.6      2.1      1.8 2023  3 19 15 13 29.22999954  0.0   1
     2851  -1.6406914  101.1416911    2.89737      143.9       -3.7      274.4      1.7      0.5      0.4 2023  3 19 15 14 14.53999996  0.0   1
     2852  -1.6444795  101.1292969    2.10968    -1235.1     -422.5     -513.3      1.1      0.9      1.0 2023  3 19 15 14 23.75000000  0.0   1
     2853  -1.6399782  101.1427327    2.73969      260.2       75.2      116.7      0.8      0.4      0.3 2023  3 19 15 17  0.95999998  0.0   1
     2854  -1.6410842  101.1415365    2.74803      126.8      -47.1      125.1      0.9      0.6      0.4 2023  3 19 15 17 15.43000031  0.0   1
     2855  -1.6391761  101.1442627    2.94862      430.3      163.9      325.7      1.2      0.7      0.7 2023  3 19 15 17 23.26000023  0.0   1
     2856  -1.6431376  101.1407471    2.75808       38.8     -274.2      135.1      2.4      0.6      0.4 2023  3 19 15 17 27.55999947  0.0   1
     2857  -1.6393280  101.1489583    2.90559      952.4      147.1      282.6      0.9      0.9      0.6 2023  3 19 15 17 37.34000015  0.0   1
     2858  -1.6407483  101.1422689    2.87169      207.9      -10.0      248.7      1.0      0.4      0.4 2023  3 30 10 37 55.43000031  0.0   1
     2859  -1.6413411  101.1459473    2.72897      617.2      -75.5      106.0      0.6      0.5      0.2 2023  3 30 10 38 31.47999954  0.0   1
     2860  -1.6440601  101.1360921    2.89093     -479.5     -376.2      268.0      1.0      0.5      0.3 2023  3 30 10 38 50.88000107  0.0   1
     2861  -1.6427661  101.1429769    2.96103      286.8     -233.1      338.1      1.1      0.5      0.3 2023  3 30 10 38 55.63999939  0.0   1
     2862  -1.6414139  101.1428060    2.66043      267.7      -83.6       37.5      0.7      0.7      0.5 2023  3 30 10 39 42.11999893  0.0   1
     2863  -1.6407621  101.1362956    3.23036     -456.8      -11.5      607.4      1.0      0.6      0.4 2023  3 30 10 39 48.84999847  0.0   1
     2864  -1.6416979  101.1426676    2.81779      252.9     -115.0      194.8      1.0      0.5      0.4 2023  3 30 10 40  7.73999977  0.0   1
     2865  -1.6411850  101.1400391    2.87720      -39.6      -58.2      254.3      1.1      0.6      0.6 2023  3 30 10 40 14.48999977  0.0   1
     2866  -1.6387544  101.1361084    2.86917     -477.2      210.5      246.2      0.7      0.6      0.3 2023  3 30 10 40 28.92000008  0.0   1
     2867  -1.6403071  101.1408203    2.76809       46.8       38.8      145.2      0.6      0.4      0.3 2023  3 30 10 40 36.38999939  0.0   1
     2868  -1.6388430  101.1438151    2.74170      379.9      200.7      118.8      0.9      0.7      0.3 2023  3 30 10 40 42.43999863  0.0   1
     2869  -1.6493579  101.1370361    2.83607     -374.0     -962.0      213.1      7.0      3.8      3.6 2023  3 30 10 41  9.31999969  0.0   1
     2870  -1.6418109  101.1422933    2.79669      210.7     -127.5      173.7      0.9      0.5      0.3 2023  3 30 10 41 20.13999939  0.0   1
     2871  -1.6459096  101.1384033    2.84723     -222.2     -580.7      224.3      1.1      0.4      0.5 2023  3 30 10 41 29.93000031  0.0   1
     2872  -1.6442118  101.1311279    2.48840    -1031.1     -392.9     -134.5      1.5      1.0      0.8 2023  3 30 10 42  3.19000006  0.0   1
     2873  -1.6418053  101.1443115    2.73805      435.6     -126.8      115.1      0.6      0.4      0.2 2023  3 30 10 42 11.61999989  0.0   1
     2874  -1.6425573  101.1407064    2.84063       34.7     -210.0      217.7      1.5      0.4      0.3 2023  3 30 10 45 34.45999908  0.0   1
     2875  -1.6398056  101.1376953    2.89708     -301.0       94.3      274.1      1.0      0.6      0.3 2023  3 30 10 49 11.32999992  0.0   1
     2877  -1.6384047  101.1475505    2.88504      795.6      249.2      262.1      0.8      0.7      0.5 2023  4  4 21 16 12.35999966  0.0   1
     2878  -1.6387815  101.1358724    3.03893     -503.2      207.5      416.0      0.9      0.8      0.4 2023  4  4 21 17 38.91999817  0.0   1
     2879  -1.6402831  101.1446126    2.70142      469.2       41.5       78.5      0.7      0.5      0.4 2023  4  4 21 19 37.68000031  0.0   1
     2880  -1.6396918  101.1500814    2.93029     1077.8      106.9      307.3      1.4      1.1      0.7 2023  4  4 21 20  7.90000010  0.0   1
     2881  -1.6390289  101.1447266    2.97043      481.9      180.1      347.5      0.8      0.6      0.4 2023  4  4 21 21 24.20000076  0.0   1
     2882  -1.6400621  101.1468180    2.56221      714.1       65.9      -60.7      1.0      0.5      0.4 2023  4  4 21 21 37.93999863  0.0   1
     2883  -1.6393389  101.1363444    2.82965     -450.9      145.9      206.7      1.0      0.7      0.4 2023  4  4 21 21 52.75999832  0.0   1
     2884  -1.6445669  101.1415527    2.55933      128.7     -432.2      -63.6      1.0      0.6      0.6 2023  4  4 21 21 54.95999908  0.0   1
     2885  -1.6388893  101.1528239    2.90209     1383.0      195.6      279.1      1.7      1.4      1.1 2023  4  4 21 22  3.64000010  0.0   1
     2886  -1.6438114  101.1409912    2.84889       66.4     -348.7      225.9      1.0      0.6      0.4 2023  4  7  6 28 12.28999996  0.0   1
     2889  -1.6023148  101.1274089    1.90096    -1444.9     4239.8     -722.0      3.6      2.8      1.6 2023  4 14  5 51 20.79999924  0.0   1
     2890  -1.6087926  101.1258057    2.17386    -1623.9     3523.5     -449.1      3.7      2.7      1.1 2023  4 14  5 51 25.79999924  0.0   1
     2893  -1.6384783  101.1444499    2.96352      450.5      241.0      340.6      0.6      0.5      0.3 2023  5 15 17 26 39.81999969  0.0   1
     2894  -1.6379804  101.1486898    2.93264      922.7      296.1      309.7      0.9      0.6      0.5 2023  5 15 17 32 30.39999962  0.0   1
     2895  -1.6444447  101.1398356    2.71620      -62.6     -418.7       93.3      1.2      0.6      0.5 2023  5 19 22 49 48.45999908  0.0   1
     2896  -1.6420389  101.1450521    2.81351      517.7     -152.7      190.6      0.8      0.7      0.5 2023  5 19 22 54 49.02000046  0.0   1
     2897  -1.6411489  101.1407471    2.84794       38.9      -54.3      225.0      2.3      0.6      0.4 2023  5 19 22 54 53.54000092  0.0   1
     2901  -1.6416205  101.1344401    2.72071     -663.3     -106.4       97.8      1.1      0.7      0.4 2023  5 27 15 42  8.60000038  0.0   1
     2903  -1.6432564  101.1389323    2.66095     -163.3     -287.3       38.0      2.3      1.2      0.6 2023  5 28 18 49 16.21999931  0.0   1
     2905  -1.6472788  101.1241130    1.72101    -1811.8     -732.1     -901.9      1.2      1.1      1.2 2023  6  6  1 40 44.04000092  0.0   1
     2906  -1.6412291  101.1323486    2.56634     -895.5      -63.1      -56.6      1.1      0.9      0.7 2023  6  6  1 42 24.76000023  0.0   1
     2907  -1.6396646  101.1360433    2.78691     -484.8      109.9      164.0      0.8      0.5      0.3 2023  6  6  1 48 22.26000023  0.0   1
     2908  -1.6410763  101.1447998    2.74127      489.8      -46.2      118.3      0.7      0.4      0.4 2023  6  6  1 48 43.06999969  0.0   1
     2909  -1.6428842  101.1479492    2.61441      840.4     -246.1       -8.5      0.8      0.6      0.6 2023  6  6  1 51 12.57999992  0.0   1
     2910  -1.6430116  101.1461263    2.66519      637.2     -260.2       42.2      1.1      0.5      0.5 2023  6  6  1 51 15.86999989  0.0   1
     2911  -1.6427199  101.1415690    2.86283      130.1     -228.0      239.9      0.7      0.4      0.3 2023  6  6  1 51 30.25000000  0.0   1
     2912  -1.6432676  101.1455566    2.93613      574.5     -288.5      313.2      0.7      0.4      0.5 2023  6  6  1 52 19.11000061  0.0   1
     2913  -1.6426525  101.1435465    2.89685      350.4     -220.5      273.9      0.9      0.6      0.5 2023  6  6  1 52 40.33000183  0.0   1
     2914  -1.6412622  101.1436361    2.94717      360.6      -66.8      324.2      0.8      0.4      0.3 2023  6  6  1 52 50.29999924  0.0   1
     2915  -1.6427279  101.1448893    2.77573      500.0     -228.9      152.8      1.0      0.6      0.4 2023  6  6  1 53 28.01000023  0.0   1
     2916  -1.6445326  101.1420898    2.85288      188.3     -428.4      229.9      1.1      0.4      0.7 2023  6  6  1 54  5.28999996  0.0   1
     2917  -1.6431755  101.1451660    2.82687      530.8     -278.3      203.9      0.7      0.5      0.4 2023  6  6  1 54 28.88999939  0.0   1
     2918  -1.6434377  101.1425212    2.88755      236.2     -307.3      264.6      1.3      0.5      0.4 2023  6  6  1 54 37.52999878  0.0   1
     2919  -1.6436899  101.1511475    2.72877     1196.3     -335.2      105.8      1.5      1.1      1.1 2023  6  6  1 54 44.18999863  0.0   1
     2921  -1.6468386  101.1270101    1.66950    -1489.5     -683.4     -953.4      1.2      1.0      1.2 2023  6  6  1 55 12.25000000  0.0   1
     2922  -1.6411029  101.1407145    2.90116       35.4      -49.2      278.2      1.9      0.4      0.4 2023  6  6  1 55 25.79999924  0.0   1
     2923  -1.6429726  101.1402995    2.65755      -10.5     -255.9       34.6      1.1      0.4      0.3 2023  6  6  1 55 44.54999924  0.0   1
     2924  -1.6401651  101.1455404    2.82974      572.7       54.5      206.8      0.7      0.5      0.4 2023  6  6  1 55 52.50999832  0.0   1
     2925  -1.6435038  101.1391113    2.85087     -143.4     -314.7      227.9      3.7      1.0      0.7 2023  6  6  1 56  1.14999998  0.0   1
     2926  -1.6432816  101.1430827    2.93853      299.0     -290.1      315.6      0.9      0.4      0.4 2023  6  6  1 56  8.31999969  0.0   1
     2927  -1.6523425  101.1311117    0.74634    -1033.6    -1292.0    -1876.6      1.4      1.2      1.5 2023  6  6  1 56 16.76000023  0.0   1
     2928  -1.6424577  101.1405843    2.79832       20.8     -199.0      175.4      0.9      0.3      0.4 2023  6  6  1 56 29.04999924  0.0   1
     2929  -1.6482858  101.1286214    1.76323    -1310.0     -843.4     -859.7      1.4      1.0      1.3 2023  6  6  1 56 36.79000092  0.0   1
     2930  -1.6414099  101.1453044    2.85390      546.3      -83.1      231.0      0.7      0.4      0.3 2023  6  6  1 57 14.22000027  0.0   1
     2931  -1.6423880  101.1438395    2.77855      383.5     -191.3      155.6      1.0      0.4      0.3 2023  6  6  1 57 25.55999947  0.0   1
     2932  -1.6408042  101.1392741    2.92156     -125.2      -16.1      298.6      1.6      0.5      0.4 2023  6  6  1 57 28.88999939  0.0   1
     2933  -1.6419931  101.1439941    2.67122      400.2     -147.6       48.3      0.8      0.4      0.3 2023  6  6  1 57 37.61999893  0.0   1
     2934  -1.6418663  101.1445801    3.01538      465.8     -133.6      392.4      0.8      0.6      0.4 2023  6  6  1 57 45.38000107  0.0   1
     2935  -1.6392228  101.1474772    2.86275      787.6      158.7      240.8      0.9      0.7      0.5 2023  6  6  1 58  3.48000002  0.0   1
     2936  -1.6402353  101.1433431    2.86716      327.4       46.8      244.2      0.9      0.6      0.3 2023  6  6  1 58 51.29000092  0.0   1
     2937  -1.6440783  101.1442871    2.71115      433.3     -378.2       88.2      0.8      0.4      0.4 2023  6  6  1 59  4.92000008  0.0   1
     2938  -1.6441596  101.1252523    1.68114    -1685.5     -387.2     -941.8      9.9     10.6     11.5 2023  6  6  2  0 18.29000092  0.0   1
     2939  -1.6427022  101.1433757    2.82944      331.2     -226.0      206.5      0.8      0.6      0.3 2023  6  6  2  0 50.33000183  0.0   1
     2940  -1.6426559  101.1432861    2.79739      321.7     -220.9      174.5      0.6      0.4      0.3 2023  6  6  2  1 17.14999962  0.0   1
     2941  -1.6433470  101.1435954    2.60365      355.9     -297.3      -19.3      0.9      0.4      0.5 2023  6  6  2  1 29.55999947  0.0   1
     2942  -1.6417589  101.1431885    2.72768      310.8     -121.7      104.7      0.6      0.4      0.3 2023  6  6  2  1 36.97999954  0.0   1
     2943  -1.6392910  101.1452311    2.61573      538.3      151.2       -6.2      0.6      0.5      0.4 2023  6  6  2  1 54.45999908  0.0   1
     2944  -1.6401967  101.1434326    2.90142      337.4       51.0      278.5      0.6      0.5      0.4 2023  6  6  2  2 19.39999962  0.0   1
     2945  -1.6467229  101.1361328    2.77175     -474.3     -670.6      148.8      5.3      1.4      1.6 2023  6  6  2  3 32.54000092  0.0   1
     2946  -1.6445955  101.1445475    2.61859      462.0     -435.4       -4.4      0.9      0.4      0.4 2023  6  6  2  5 16.29999924  0.0   1
     2947  -1.6334297  101.1533529    2.72403     1442.0      799.3      101.1      1.5      1.5      1.1 2023  6  6  2 11 56.61000061  0.0   1
     2948  -1.6410587  101.1434652    2.77847      341.1      -44.3      155.5      1.2      0.6      0.4 2023  6  6  2 57 14.14999962  0.0   1
     2949  -1.6409162  101.1436605    2.75762      362.7      -28.5      134.7      0.8      0.5      0.3 2023  6  6  2 57 29.37000084  0.0   1
     2950  -1.6402967  101.1488363    2.62775      939.2       40.0        4.8      0.7      0.6      0.5 2023  6  6  2 57 54.09999847  0.0   1
     2951  -1.6401123  101.1378662    2.72751     -281.2       60.4      104.6      1.5      0.8      0.6 2023  6  6  2 58  2.06999993  0.0   1
     2952  -1.6417160  101.1489502    1.97740      952.0     -117.0     -645.5      2.8      1.6      1.8 2023  6  6  2 58 17.95000076  0.0   1
     2953  -1.6459175  101.1351969    2.31012     -578.7     -581.5     -312.8      1.4      0.9      0.9 2023  6  6  2 58 41.36999893  0.0   1
     2954  -1.6418439  101.1470133    2.48471      735.9     -131.1     -138.2      0.6      0.5      0.4 2023  6  6  2 59 47.00999832  0.0   1
     2955  -1.6384780  101.1524089    3.04625     1336.4      241.1      423.3      1.5      1.5      1.0 2023  6  6 22 40 15.80000019  0.0   1
     2962  -1.6410880  101.1386963    2.66282     -188.9      -47.5       39.9      0.7      0.3      0.3 2023  7  4 19 19 48.45999908  0.0   1
     2967  -1.6457713  101.1261312    2.28459    -1587.2     -565.4     -338.3      1.4      1.2      1.3 2023  7 14 23 38 10.26000023  0.0   1
     2968  -1.6411924  101.1427409    2.88439      260.9      -59.1      261.4      1.0      0.6      0.5 2023  7 15  2  2 49.29000092  0.0   1
     2969  -1.6411238  101.1403727    2.83528       -2.6      -51.5      212.3      0.9      0.4      0.4 2023  7 15  2  5 39.86000061  0.0   1
     2972  -1.6405607  101.1416585    2.90081      140.3       10.8      277.9      1.9      0.5      0.3 2023  7 15  9 27  6.65999985  0.0   1
     2973  -1.6412364  101.1432943    2.75786      322.6      -63.9      134.9      0.8      0.4      0.3 2023  7 15  9 29 55.13999939  0.0   1
     2974  -1.6413970  101.1431641    2.70251      308.0      -81.7       79.6      0.7      0.4      0.3 2023  7 15  9 30  2.75999999  0.0   1
     2975  -1.6416986  101.1421956    2.73307      200.3     -115.0      110.1      0.7      0.3      0.3 2023  7 15  9 30 27.43000031  0.0   1
     2976  -1.6412882  101.1434814    2.72784      343.0      -69.7      104.9      0.8      0.4      0.3 2023  7 15  9 31 39.70999908  0.0   1
     2977  -1.6336444  101.1224121    2.20487    -2001.2      775.5     -418.1      1.0      0.9      0.8 2023  7 17 15  4 33.40000153  0.0   1
     2978  -1.6406975  101.1434001    2.80276      334.0       -4.4      179.8      0.7      0.4      0.3 2023  7 19  2  5 31.29000092  0.0   1
     2979  -1.6396636  101.1420573    3.11692      184.6      110.0      494.0      0.8      0.4      0.3 2023  7 19  2 18 47.72999954  0.0   1
     2980  -1.6422588  101.1459554    2.81318      618.9     -177.0      190.2      1.0      0.5      0.5 2023  7 19  2 21  5.59999990  0.0   1
     2981  -1.6364443  101.1518555    2.96914     1275.0      465.9      346.2      1.9      1.7      1.5 2023  7 19  2 21  8.77999973  0.0   1
     2982  -1.6397629  101.1419840    2.94941      176.2       99.0      326.5      0.7      0.6      0.5 2023  7 19  2 59 40.54000092  0.0   1
     2983  -1.6418912  101.1438314    2.80010      382.4     -136.3      177.2      0.7      0.4      0.3 2023  7 19  3  0  3.86999989  0.0   1
     2984  -1.6408442  101.1476074    2.59000      802.6      -20.6      -32.9      1.3      1.0      0.8 2023  7 19  3  0 15.28999996  0.0   1
     2985  -1.6417889  101.1435628    2.69070      352.2     -125.0       67.8      0.8      0.5      0.3 2023  7 19  3  0 25.79000092  0.0   1
     2986  -1.6436780  101.1389648    2.79209     -159.7     -333.9      169.1      1.2      0.5      0.3 2023  7 19  3  1  0.31999999  0.0   1
     2987  -1.6453621  101.1438070    2.54577      379.7     -520.1      -77.2      1.0      0.6      0.5 2023  7 19  3  1 12.77000046  0.0   1
     2988  -1.6419615  101.1426188    2.63712      247.0     -144.1       14.2      0.4      0.4      0.3 2023  7 19  3  1 20.85000038  0.0   1
     2989  -1.6416401  101.1374105    2.91487     -332.7     -108.6      291.9      1.0      0.5      0.4 2023  7 19  3  1 31.04999924  0.0   1
     2990  -1.6399073  101.1463786    2.93944      665.2       83.0      316.5      0.7      0.7      0.4 2023  7 19  3  1 58.95000076  0.0   1
     2991  -1.6419870  101.1414225    2.97054      113.8     -146.9      347.6      1.4      0.5      0.4 2023  7 19  3  2 24.22999954  0.0   1
     2992  -1.6412098  101.1426432    2.70209      250.1      -61.0       79.1      1.1      0.4      0.3 2023  7 19  3  2 31.32999992  0.0   1
     2994  -1.6461962  101.1414795    2.40718      120.5     -612.4     -215.8      1.5      0.9      0.7 2023  7 19  3  3  5.17000008  0.0   1
     2995  -1.6423042  101.1408936    2.78090       55.2     -182.0      158.0      1.4      0.4      0.3 2023  7 19  3  3 49.45000076  0.0   1
     2996  -1.6413818  101.1442952    2.86434      433.7      -80.0      241.4      0.7      0.4      0.4 2023  7 19  3  4 25.73999977  0.0   1
     2997  -1.6428721  101.1402832    2.43066      -12.4     -244.8     -192.3      2.0      0.7      0.4 2023  7 19  3  4 42.90000153  0.0   1
     2998  -1.6399868  101.1395508    3.01761      -94.1       74.2      394.7      1.3      0.5      0.4 2023  7 19  3  4 47.33000183  0.0   1
     2999  -1.6419699  101.1418620    2.95482      163.4     -145.0      331.9      1.4      0.6      0.4 2023  7 19  3  5 55.38999939  0.0   1
     3000  -1.6395938  101.1452555    2.80852      540.5      117.7      185.6      0.5      0.4      0.4 2023  7 19  3  6 34.20999908  0.0   1
     3001  -1.6421652  101.1440592    2.67846      407.9     -166.6       55.5      0.9      0.4      0.4 2023  7 19  3  7 18.03000069  0.0   1
     3002  -1.6436735  101.1427409    2.71393      261.2     -333.4       91.0      0.6      0.4      0.4 2023  7 19  3  7 20.17000008  0.0   1
     3003  -1.6412538  101.1522054    2.48582     1314.4      -65.9     -137.1      1.4      1.2      1.1 2023  7 19  3  8 37.70999908  0.0   1
     3004  -1.6430838  101.1436768    2.78385      365.0     -268.2      160.9      0.6      0.7      0.7 2023  7 19  3 10 29.87999916  0.0   1
     3005  -1.6404273  101.1439779    2.84372      398.4       25.5      220.8      0.6      0.3      0.3 2023  7 19  3 11  7.88000011  0.0   1
     3006  -1.6364760  101.1475016    3.31203      790.9      462.4      689.1      2.5      2.5      1.6 2023  7 19  3 12 10.78999996  0.0   1
     3007  -1.6416678  101.1478760    2.66685      832.6     -111.6       43.9      0.9      0.6      0.5 2023  7 19  3 14 29.62999916  0.0   1
     3008  -1.6417812  101.1457682    2.42619      597.6     -124.2     -196.7      0.5      0.4      0.5 2023  7 19  3 14 38.36000061  0.0   1
     3009  -1.6394791  101.1418620    2.83418      162.8      130.4      211.2      0.5      0.4      0.2 2023  7 19  3 17 13.86999989  0.0   1
     3010  -1.6410126  101.1451904    2.81644      533.1      -39.2      193.5      0.6      0.5      0.4 2023  7 19  3 22  8.31999969  0.0   1
     3011  -1.6390671  101.1428467    2.85966      272.7      175.9      236.7      0.6      0.5      0.3 2023  7 19  3 23  0.50000000  0.0   1
     3012  -1.6411812  101.1433675    2.74263      330.1      -57.8      119.7      0.6      0.3      0.3 2023  7 19  3 23 19.36000061  0.0   1
     3013  -1.6416073  101.1423828    2.87215      221.2     -104.9      249.2      0.5      0.5      0.4 2023  7 19  3 23 22.77000046  0.0   1
     3014  -1.6373336  101.1390299    3.03126     -152.1      367.6      408.3      1.7      0.7      0.6 2023  7 19  3 23 38.40000153  0.0   1
     3015  -1.6413469  101.1445638    2.69708      463.3      -76.1       74.1      0.7      0.5      0.3 2023  7 19  3 24  8.73999977  0.0   1
     3016  -1.6399726  101.1416341    2.95167      137.2       75.8      328.7      1.0      0.4      0.3 2023  7 19  3 24 11.84000015  0.0   1
     3017  -1.6440467  101.1405680    2.74496       19.3     -374.7      122.0      2.0      0.7      0.8 2023  7 19  3 24 18.10000038  0.0   1
     3018  -1.6415525  101.1430501    2.63850      295.0      -98.9       15.6      0.6      0.4      0.3 2023  7 19  3 26 25.94000053  0.0   1
     3019  -1.6439795  101.1360514    2.84324     -483.5     -367.3      220.3      1.5      0.4      0.4 2023  7 19  3 26 54.45000076  0.0   1
     3020  -1.6383789  101.1494954    2.84723     1012.1      252.0      224.3      1.1      0.8      0.8 2023  7 19  3 28  6.32000017  0.0   1
     3021  -1.6358665  101.1393555    3.15853     -115.8      529.8      535.6      3.9      1.3      0.8 2023  7 19  3 28 11.30000019  0.0   1
     3022  -1.6407313  101.1486084    2.62240      913.3       -8.1       -0.5      0.6      0.4      0.5 2023  7 19  3 29  4.26999998  0.0   1
     3023  -1.6447370  101.1405436    2.54343       15.9     -451.0      -79.5      1.6      0.5      0.5 2023  7 19  3 30 50.99000168  0.0   1
     3024  -1.6476189  101.1417725    2.50839      152.9     -769.7     -114.6      1.9      0.7      0.8 2023  7 19  3 37 19.65999985  0.0   1
     3025  -1.6391787  101.1313883    2.73778    -1002.7      163.6      114.8      1.3      1.3      0.7 2023  7 19  3 39 24.28000069  0.0   1
     3026  -1.6442412  101.1471761    2.69346      754.6     -396.2       70.5      1.2      0.7      0.8 2023  7 19  3 48 22.11000061  0.0   1
     3027  -1.6413578  101.1423503    2.81071      217.7      -77.4      187.8      0.8      0.4      0.4 2023  7 19 19  1 51.08000183  0.0   1
     3028  -1.6418543  101.1414958    2.76118      122.6     -132.3      138.2      0.7      0.4      0.4 2023  7 20  1 15 46.22999954  0.0   1
     3029  -1.6406331  101.1412272    2.79641       92.0        2.8      173.5      1.1      0.4      0.4 2023  7 20  1 16 25.07999992  0.0   1
     3030  -1.6395139  101.1441569    2.98354      418.5      126.5      360.6      1.5      0.7      0.8 2023  7 20  1 18 27.22999954  0.0   1
     3031  -1.6418833  101.1418945    2.72647      166.7     -135.5      103.5      0.7      0.3      0.3 2023  7 20 16 59 18.79999924  0.0   1
     3032  -1.6397046  101.1434326    2.86692      337.9      105.4      244.0      1.0      0.7      0.5 2023  7 21  6 50 53.00999832  0.0   1
     3033  -1.6454613  101.1424886    2.62450      232.7     -531.1        1.6      1.5      0.9      0.9 2023  7 21 12 31 45.83000183  0.0   1
     3034  -1.6449198  101.1432454    2.58495      316.9     -471.2      -38.0      0.8      0.5      0.5 2023  7 23  3 56 19.47999954  0.0   1
     3037  -1.6418730  101.1452962    2.69256      545.5     -134.3       69.6      0.6      0.5      0.7 2023  7 31 23 41 35.38000107  0.0   1
     3042  -1.6420968  101.1397461    2.92937      -72.6     -159.1      306.4      1.0      0.5      0.3 2023  8 25 22  0  2.96000004  0.0   1
     3043  -1.6410058  101.1442464    2.82429      428.4      -38.4      201.3      0.6      0.4      0.2 2023  8 25 22  1 20.63999939  0.0   1
     3044  -1.6492625  101.1359375    2.55969     -496.3     -951.4      -63.3      2.4      1.6      1.2 2023  8 25 22  1 29.57999992  0.0   1
     3045  -1.6416517  101.1434082    2.68281      334.7     -109.9       59.9      0.6      0.2      0.3 2023  8 25 22  1 39.70000076  0.0   1
     3046  -1.6396838  101.1341146    2.81103     -698.9      107.7      188.1      1.3      0.7      0.4 2023  8 25 22  2 23.94000053  0.0   1
     3047  -1.6413314  101.1431559    2.74793      306.7      -74.4      125.0      0.5      0.4      0.3 2023  8 25 22  2 28.13999939  0.0   1
     3048  -1.6410329  101.1524984    2.39219     1346.3      -41.4     -230.7      1.1      1.2      1.0 2023  8 25 22  2 42.25999832  0.0   1
     3049  -1.6409461  101.1437419    2.67574      372.5      -31.8       52.8      1.1      0.6      0.5 2023  8 25 22  2 51.50000000  0.0   1
     3050  -1.6416751  101.1441569    2.81488      418.1     -112.4      191.9      0.6      0.4      0.3 2023  8 25 22  2 58.43999863  0.0   1
     3051  -1.6396704  101.1509196    2.03513     1170.9      109.2     -587.8      1.1      0.7      0.7 2023  8 25 22  3 19.87999916  0.0   1
     3052  -1.6434002  101.1372314    2.81761     -352.0     -303.2      194.7      1.3      0.5      0.3 2023  8 25 22  3 24.92000008  0.0   1
     3054  -1.6437180  101.1402588    2.80407      -15.6     -338.3      181.1      1.9      0.5      0.5 2023  8 25 22  3 32.50000000  0.0   1
     3055  -1.6415066  101.1411296    2.86463       81.8      -93.8      241.7      1.3      0.5      0.3 2023  8 25 22  3 45.52000046  0.0   1
     3056  -1.6472828  101.1242187    2.06913    -1800.3     -732.5     -553.8      1.2      1.1      1.2 2023  8 25 22  4 22.10000038  0.0   1
     3057  -1.6417937  101.1446126    2.76617      468.6     -125.6      143.2      1.0      0.4      0.3 2023  8 25 22  4 39.36000061  0.0   1
     3058  -1.6426230  101.1442383    2.80184      427.1     -217.3      178.9      0.7      0.5      0.4 2023  8 25 22  4 42.74000168  0.0   1
     3059  -1.6384692  101.1485189    2.57850      904.1      242.0      -44.4      0.7      0.5      0.3 2023  8 25 22  5 22.65999985  0.0   1
     3060  -1.6396172  101.1564290    2.26983     1783.9      115.1     -353.1      0.6      0.9      0.6 2023  8 25 22  5 45.79999924  0.0   1
     3061  -1.6443588  101.1364095    2.65361     -443.4     -409.2       30.7      0.9      0.6      0.5 2023  8 25 22  7 34.09999847  0.0   1
     3062  -1.6428126  101.1417155    2.64787      146.8     -238.2       24.9      0.9      0.6      0.6 2023  8 25 22  9 17.42000008  0.0   1
     3063  -1.6430365  101.1451009    2.53553      523.5     -263.0      -87.4      1.0      0.4      0.4 2023  8 25 22  9 21.89999962  0.0   1
     3064  -1.6400609  101.1446777    3.00404      476.7       66.0      381.1      1.2      0.5      0.3 2023  8 25 22  9 33.65999985  0.0   1
     3065  -1.6320248  101.1671387    1.79379     2975.8      954.6     -829.2      1.9      2.1      2.9 2023  8 25 22  9 50.97999954  0.0   1
     3066  -1.6399433  101.1463542    2.69773      663.3       79.0       74.8      0.7      0.7      0.4 2023  8 25 22 11 54.90000153  0.0   1
     3067  -1.6405258  101.1517904    2.60427     1268.1       14.6      -18.7      0.8      1.1      0.5 2023  8 25 22 12 15.19999981  0.0   1
     3068  -1.6367307  101.1541504    2.40601     1530.2      434.3     -216.9      0.5      0.9      0.5 2023  8 25 22 14 11.64000034  0.0   1
     3069  -1.6387830  101.1474040    2.49754      779.8      207.3     -125.4      0.7      0.6      0.4 2023  8 28 21 39 39.09999847  0.0   1
     3070  -1.6443689  101.1330729    2.54159     -814.7     -410.3      -81.4      1.6      0.7      0.7 2023  8 28 22  8 57.27999878  0.0   1
     3071  -1.6417770  101.1394775    2.77198     -102.6     -123.7      149.0      0.8      0.4      0.4 2023  8 29 14 22 51.02999878  0.0   1
     3072  -1.6412165  101.1389160    2.93881     -164.6      -61.7      315.9      1.4      0.6      0.4 2023  8 29 18 13 50.74000168  0.0   1
     3074  -1.6425565  101.1363118    2.63764     -454.5     -209.9       14.7      1.1      0.7      0.5 2023  8 30  1 31 17.67000008  0.0   1
     3075  -1.6414420  101.1277425    2.01695    -1408.4      -86.7     -606.0      2.4      2.3      2.3 2023  8 30  5 46 14.44999981  0.0   1
     3076  -1.6395157  101.1476400    2.59939      805.7      126.3      -23.5      0.7      0.5      0.3 2023  8 30  5 46 27.07999992  0.0   1
     3077  -1.6423824  101.1467692    2.41083      709.4     -190.7     -212.1      0.6      0.6      0.4 2023  8 30  5 47  3.69000006  0.0   1
     3078  -1.6417690  101.1442057    2.90163      423.4     -122.8      278.7      1.6      0.8      0.6 2023  8 30  5 47  5.53999996  0.0   1
     3079  -1.6427091  101.1265299    2.15236    -1543.3     -226.8     -470.6      1.1      1.0      1.0 2023  8 30  5 47 14.06000042  0.0   1
     3080  -1.6377514  101.1538493    2.69205     1496.8      321.4       69.1      0.9      1.0      0.7 2023  8 30  5 47 22.72999954  0.0   1
     3081  -1.6393082  101.1483643    2.59498      886.8      149.3      -28.0      0.5      0.5      0.4 2023  8 30  5 47 28.44000053  0.0   1
     3083  -1.6406859  101.1279378    1.35703    -1386.5       -3.1    -1265.9      2.2      2.2      2.5 2023  8 30  5 47 51.20000076  0.0   1
     3084  -1.6434892  101.1430176    2.72010      291.7     -313.0       97.2      1.5      0.7      0.6 2023  8 30  5 50 22.00000000  0.0   1
     3085  -1.6415287  101.1409668    2.69319       63.4      -96.3       70.2      1.3      0.4      0.3 2023  8 30  5 50 28.25000000  0.0   1
     3086  -1.6426814  101.1492350    2.95140      983.8     -223.7      328.5      1.3      0.8      1.0 2023  8 30 14 17 58.83000183  0.0   1
     3087  -1.6458035  101.1392497    2.41522     -127.7     -568.9     -207.7      3.1      1.8      1.8 2023  8 30 14 22 58.09000015  0.0   1
     3088  -1.6417819  101.1418538    2.72273      161.9     -124.2       99.8      0.9      0.5      0.5 2023  8 30 14 35 52.65000153  0.0   1
     3094  -1.6433173  101.1376628    2.60842     -304.1     -294.0      -14.5      0.9      0.5      0.4 2023  9 13 15 18 58.20999908  0.0   1
     3095  -1.6392297  101.1491292    2.46368      971.5      157.9     -159.3      0.6      0.6      0.7 2023  9 14 16  1  7.05999994  0.0   1
     3096  -1.6381713  101.1480957    2.63409      856.4      275.0       11.2      0.9      0.9      0.5 2023  9 14 16  1 16.52000046  0.0   1
     3097  -1.6416403  101.1355225    2.78149     -542.1     -108.6      158.6      1.0      0.6      0.4 2023  9 14 16  1 24.82999992  0.0   1
     3098  -1.6407889  101.1374349    2.52026     -329.7      -14.5     -102.7      0.8      0.8      0.4 2023  9 14 16  3 59.18000031  0.0   1
     3099  -1.6383282  101.1483073    2.63526      880.0      257.6       12.3      0.9      0.7      0.6 2023  9 14 16  4  8.14000034  0.0   1
     3100  -1.6387033  101.1487549    3.02892      929.6      216.2      406.0      2.3      3.3      1.3 2023  9 14 16  7 36.65999985  0.0   1
     3101  -1.6395621  101.1428223    2.60985      269.7      121.2      -13.1      0.7      0.4      0.4 2023  9 14 16  7 43.02999878  0.0   1
     3102  -1.6446645  101.1269287    1.97702    -1498.9     -443.0     -645.9      1.0      1.4      1.0 2023  9 14 16 10 57.36000061  0.0   1
     3103  -1.6410366  101.1321533    2.87745     -917.5      -41.8      254.5      2.2      2.9      1.6 2023  9 14 16 11 12.31000042  0.0   1
     3104  -1.6399513  101.1457438    2.63423      595.2       78.2       11.3      0.8      0.6      0.3 2023  9 14 16 11 17.97999954  0.0   1
     3105  -1.6420486  101.1429850    2.84299      288.1     -153.7      220.0      0.9      0.4      0.4 2023  9 14 16 23 25.43000031  0.0   1
     3106  -1.6416611  101.1419515    2.73761      173.2     -110.9      114.7      0.7      0.5      0.4 2023  9 14 16 23 33.90000153  0.0   1
     3107  -1.6412979  101.1408366    2.91269       48.9      -70.7      289.7      0.8      0.6      0.4 2023  9 14 16 23 52.75999832  0.0   1
     3108  -1.6404524  101.1410156    2.75133       69.0       22.7      128.4      1.5      0.6      0.4 2023  9 14 16 23 59.08000183  0.0   1
     3109  -1.6419651  101.1401286    2.57011      -29.7     -144.5      -52.8      1.1      0.5      0.4 2023  9 14 16 24  4.69000006  0.0   1
     3110  -1.6419535  101.1418945    2.69421      166.6     -143.2       71.3      0.7      0.5      0.3 2023  9 14 16 24 13.52000046  0.0   1
     3111  -1.6419431  101.1432861    2.68910      321.4     -142.1       66.2      0.6      0.3      0.3 2023  9 14 16 24 25.40999985  0.0   1
     3112  -1.6401873  101.1464111    2.82073      669.4       52.1      197.8      0.6      0.7      0.4 2023  9 14 16 24 54.75000000  0.0   1
     3113  -1.6427980  101.1396566    2.82564      -82.2     -236.6      202.7      0.8      0.4      0.3 2023  9 14 16 24 59.38000107  0.0   1
     3114  -1.6410590  101.1452148    2.70938      535.8      -44.3       86.4      0.7      0.5      0.6 2023  9 14 16 25  6.48000002  0.0   1
     3115  -1.6404831  101.1461589    2.70713      640.7       19.4       84.2      0.6      0.4      0.3 2023  9 14 16 25 25.75000000  0.0   1
     3116  -1.6406218  101.1509684    2.44921     1176.4        4.0     -173.7      1.3      1.1      0.7 2023  9 14 16 25 28.45000076  0.0   1
     3117  -1.6490681  101.1267985    1.25032    -1512.9     -929.9    -1372.6      1.5      1.2      1.7 2023  9 14 16 25 34.34999847  0.0   1
     3118  -1.6459890  101.1371419    1.80910     -362.5     -589.5     -812.8      3.4      2.4      2.1 2023  9 14 16 25 42.66999817  0.0   1
     3119  -1.6401379  101.1376709    2.70734     -303.5       57.5       84.4      1.0      0.5      0.3 2023  9 14 16 25 48.11999893  0.0   1
     3120  -1.6421144  101.1380941    2.51587     -256.0     -161.0     -107.1      1.4      0.6      0.6 2023  9 14 16 25 56.81999969  0.0   1
     3121  -1.6408025  101.1436279    2.80668      359.2      -16.0      183.7      0.6      0.5      0.3 2023  9 14 16 26  2.75999999  0.0   1
     3122  -1.6413877  101.1429850    2.80816      287.8      -80.7      185.2      0.5      0.3      0.3 2023  9 14 16 26 23.64999962  0.0   1
     3123  -1.6405043  101.1432861    2.94255      321.3       17.0      319.6      1.2      0.5      0.3 2023  9 14 16 26 34.95999908  0.0   1
     3124  -1.6409363  101.1458333    2.82085      604.5      -30.7      197.9      0.6      0.4      0.3 2023  9 14 16 26 48.50000000  0.0   1
     3125  -1.6442270  101.1386800    2.53841     -190.7     -394.6      -84.5      1.8      0.7      0.9 2023  9 14 16 27  6.15000010  0.0   1
     3126  -1.6420649  101.1471680    2.57880      753.3     -155.5      -44.1      0.6      0.4      0.5 2023  9 14 16 27 14.25000000  0.0   1
     3127  -1.6408466  101.1440023    2.66675      401.0      -20.8       43.8      0.6      0.6      0.4 2023  9 14 16 27 17.69000053  0.0   1
     3128  -1.6388067  101.1457438    2.65986      594.7      204.7       36.9      0.5      0.5      0.3 2023  9 14 16 27 22.95999908  0.0   1
     3129  -1.6366950  101.1492432    2.62363      984.1      438.2        0.7      1.4      1.3      0.7 2023  9 14 16 27 30.12000084  0.0   1
     3130  -1.6397078  101.1379639    3.03184     -271.2      105.1      408.9      1.3      0.6      0.4 2023  9 14 16 27 36.08000183  0.0   1
     3131  -1.6393194  101.1475830    2.70862      799.7      148.0       85.7      0.6      0.5      0.3 2023  9 14 16 28  5.15999985  0.0   1
     3132  -1.6421316  101.1449219    2.63907      503.5     -162.9       16.1      0.4      0.4      0.3 2023  9 14 16 28 10.97999954  0.0   1
     3133  -1.6411902  101.1382243    2.73448     -242.2      -58.8      111.5      1.5      0.6      0.3 2023  9 14 16 28 18.73999977  0.0   1
     3134  -1.6390235  101.1507568    2.16752     1153.2      180.8     -455.4      1.9      1.6      1.7 2023  9 14 16 28 27.96999931  0.0   1
     3135  -1.6430126  101.1461344    2.58018      638.5     -260.3      -42.8      0.7      0.5      0.5 2023  9 14 16 28 40.47999954  0.0   1
     3136  -1.6445318  101.1351644    2.42531     -582.6     -428.3     -197.6      1.1      0.7      0.6 2023  9 14 16 28 47.25999832  0.0   1
     3137  -1.6418688  101.1413086    2.79584      101.9     -133.9      172.9      0.9      0.7      0.6 2023  9 14 16 28 51.58000183  0.0   1
     3138  -1.6445368  101.1314616    2.31135     -994.2     -428.9     -311.6      1.2      0.7      0.8 2023  9 14 16 29 41.08000183  0.0   1
     3139  -1.6399437  101.1312419    2.30683    -1018.5       79.0     -316.1      1.5      2.1      1.6 2023  9 14 16 29 46.22999954  0.0   1
     3140  -1.6408176  101.1421549    2.83296      195.3      -17.6      210.0      0.9      0.5      0.3 2023  9 14 16 29 52.25999832  0.0   1
     3141  -1.6421227  101.1437907    2.77359      377.3     -161.9      150.6      0.6      0.4      0.3 2023  9 14 16 32  8.39999962  0.0   1
     3142  -1.6428955  101.1444987    2.59203      456.4     -247.4      -30.9      1.0      0.5      0.6 2023  9 14 16 32 17.73999977  0.0   1
     3143  -1.6382406  101.1552897    2.50069     1657.4      267.3     -121.3      0.6      0.8      0.5 2023  9 14 16 32 30.69000053  0.0   1
     3144  -1.6417002  101.1430339    2.78833      293.5     -115.2      165.4      0.6      0.4      0.3 2023  9 14 16 32 37.11000061  0.0   1
     3145  -1.6426968  101.1384603    2.91575     -215.5     -225.4      292.8      1.0      0.5      0.2 2023  9 14 16 32 59.11000061  0.0   1
     3146  -1.6392513  101.1485596    2.91775      908.6      155.6      294.8      0.7      0.9      0.4 2023  9 14 16 34 11.01000023  0.0   1
     3147  -1.6357324  101.1618978    2.11263     2392.1      544.7     -510.3      1.6      1.9      1.5 2023  9 14 16 34 40.43000031  0.0   1
     3148  -1.6414070  101.1493734    2.66794      999.2      -82.8       45.0      0.6      0.7      0.6 2023  9 14 16 34 47.56999969  0.0   1
     3149  -1.6400742  101.1518880    2.63692     1278.3       64.6       14.0      1.1      1.1      0.8 2023  9 14 16 34 58.79000092  0.0   1
     3150  -1.6462722  101.1275309    2.04132    -1431.6     -620.8     -581.6      0.9      1.0      0.9 2023  9 14 16 36 23.40999985  0.0   1
     3151  -1.6438059  101.1305339    2.40123    -1097.3     -348.1     -221.7      1.4      0.8      0.9 2023  9 14 16 38 46.27000046  0.0   1
     3152  -1.6378078  101.1505208    2.91337     1126.2      315.2      290.4      1.0      1.1      0.6 2023  9 14 16 39 22.14999962  0.0   1
     3153  -1.6403261  101.1451497    2.73528      528.7       36.7      112.3      0.6      0.5      0.3 2023  9 14 16 40 10.57999992  0.0   1
     3154  -1.6396721  101.1340413    2.73485     -707.0      109.0      111.9      1.2      1.2      0.8 2023  9 14 16 40 29.72999954  0.0   1
     3155  -1.6424765  101.1435384    2.76035      349.4     -201.1      137.4      0.6      0.4      0.3 2023  9 14 16 42 57.52000046  0.0   1
     3156  -1.6420751  101.1439372    2.67331      393.5     -156.7       50.4      0.7      0.4      0.3 2023  9 14 16 43 40.40999985  0.0   1
     3157  -1.6417409  101.1404948    2.82026       11.0     -119.7      197.3      0.8      0.5      0.3 2023  9 14 16 48 22.35000038  0.0   1
     3158  -1.6404021  101.1356201    2.85594     -531.3       28.3      233.0      1.3      1.1      0.5 2023  9 14 16 48 45.50999832  0.0   1
     3160  -1.6415274  101.1481608    2.73109      864.0      -96.1      108.1      0.6      0.7      0.4 2023  9 14 16 56  2.07999992  0.0   1
     3161  -1.6422628  101.1433431    2.80084      328.0     -177.4      177.9      1.0      0.5      0.5 2023  9 14 17  0 13.88000011  0.0   1
     3162  -1.6396469  101.1524495    2.16406     1340.7      111.8     -458.9      3.0      2.5      2.7 2023  9 14 17 16  3.20000005  0.0   1
     3163  -1.6413682  101.1431396    2.79179      305.0      -78.5      168.8      0.7      0.3      0.3 2023  9 14 17 16 12.60000038  0.0   1
     3164  -1.6428885  101.1357503    2.73686     -516.6     -246.6      113.9      0.9      0.6      0.4 2023  9 14 17 16 20.60000038  0.0   1
     3165  -1.6414523  101.1398519    2.87653      -60.4      -87.8      253.6      0.9      0.5      0.4 2023  9 14 17 22 43.41999817  0.0   1
     3166  -1.6406523  101.1406657    2.90235       29.4        0.7      279.4      0.7      0.6      0.5 2023  9 14 17 23  1.67999995  0.0   1
     3167  -1.6429297  101.1431478    2.73892      305.7     -251.2      116.0      0.8      0.4      0.3 2023  9 14 17 23  3.44000006  0.0   1
     3168  -1.6405691  101.1391846    2.89148     -135.0        9.9      268.5      1.3      0.6      0.4 2023  9 14 17 23 38.47999954  0.0   1
     3169  -1.6417057  101.1364176    2.72500     -443.0     -115.8      102.1      1.3      0.8      0.4 2023  9 14 17 24 47.47999954  0.0   1
     3170  -1.6427052  101.1360433    2.45380     -484.9     -226.3     -169.1      1.2      0.6      0.5 2023  9 14 18  6 58.63999939  0.0   1
     3172  -1.6408566  101.1425781    2.73287      242.9      -21.9      109.9      1.1      0.6      0.6 2023  9 15 17 48 41.77999878  0.0   1
     3173  -1.6370959  101.1460938    2.97238      633.5      393.9      349.4      0.7      0.6      0.3 2023  9 15 17 50 48.40000153  0.0   1
     3174  -1.6383671  101.1508219    2.69815     1160.3      253.3       75.2      1.0      0.9      0.7 2023  9 15 17 51  9.39999962  0.0   1
     3175  -1.6411940  101.1436768    2.72042      365.4      -59.2       97.5      0.8      0.6      0.5 2023  9 18  5 36 41.97999954  0.0   1
     3176  -1.6398657  101.1421387    2.77054      193.4       87.6      147.6      1.1      0.5      0.4 2023  9 18 16 33 14.22000027  0.0   1
     3177  -1.6381809  101.1491455    2.89229      973.2      273.9      269.3      0.6      0.5      0.4 2023  9 19 22 37 53.88000107  0.0   1
     3178  -1.6397163  101.1421143    2.86635      191.0      104.2      243.4      0.6      0.5      0.3 2023  9 20 20 41 28.63999939  0.0   1
     3179  -1.6392892  101.1425130    2.85000      235.6      151.4      227.1      1.4      0.7      0.4 2023  9 21  3 26 18.59000015  0.0   1
     3180  -1.6383205  101.1431559    2.84775      307.0      258.5      224.8      1.4      0.5      0.3 2023  9 21  3 26 48.38999939  0.0   1
     3181  -1.6383039  101.1439453    2.90347      395.2      260.3      280.5      0.7      0.5      0.4 2023  9 21  3 26 59.63000107  0.0   1
     3182  -1.6443963  101.1340820    2.17649     -702.7     -413.3     -446.5      1.7      0.9      1.0 2023  9 21  3 27 59.75000000  0.0   1
     3183  -1.6413767  101.1442139    2.52517      424.4      -79.5      -97.8      0.6      0.5      0.5 2023  9 21  3 28  2.72000003  0.0   1
     3184  -1.6407324  101.1453288    2.74107      548.4       -8.2      118.1      0.5      0.4      0.3 2023  9 21  3 28 44.74000168  0.0   1
     3186  -1.6409008  101.1425781    3.01908      242.6      -26.8      396.1      1.0      0.6      0.4 2023  9 21  3 43  8.53999996  0.0   1
     3187  -1.6402682  101.1428630    2.82320      274.5       43.1      200.3      0.9      0.5      0.5 2023  9 21  3 43 36.95999908  0.0   1
     3188  -1.6419165  101.1392171    3.07424     -131.2     -139.1      451.3      1.3      0.6      0.4 2023  9 21  3 44 35.31000137  0.0   1
     3189  -1.6394577  101.1388590    2.87567     -171.0      132.7      252.7      1.4      0.7      0.4 2023  9 21  3 45  0.40000001  0.0   1
     3190  -1.6412465  101.1424316    2.65851      226.0      -65.1       35.6      0.7      0.6      0.5 2023  9 21  3 46 23.75000000  0.0   1
     3191  -1.6411886  101.1454427    2.67508      561.3      -58.6       52.1      0.5      0.3      0.4 2023  9 21  3 47 35.90000153  0.0   1
     3192  -1.6381120  101.1487142    2.74672      925.7      281.5      123.8      1.0      0.7      0.5 2023  9 21  3 47 45.47000122  0.0   1
     3193  -1.6403618  101.1443604    2.71410      441.0       32.8       91.2      0.5      0.4      0.3 2023  9 21  3 50 10.31999969  0.0   1
     3194  -1.6378717  101.1443604    2.95673      440.8      308.1      333.8      0.8      0.7      0.4 2023  9 21  3 51 53.75000000  0.0   1
     3195  -1.6422862  101.1412923    2.78798       99.2     -180.0      165.0      0.9      0.4      0.5 2023  9 21  3 54 41.15999985  0.0   1
     3196  -1.6371118  101.1503825    2.72975     1110.7      392.1      106.8      0.7      0.7      0.5 2023  9 21  3 54 56.18999863  0.0   1
     3197  -1.6393172  101.1443685    2.90387      442.1      148.3      280.9      0.7      0.6      0.3 2023  9 21  3 55  2.20000005  0.0   1
     3198  -1.6366596  101.1502767    2.75619     1099.7      442.1      133.2      0.6      0.6      0.4 2023  9 21  3 57 10.92000008  0.0   1
     3200  -1.6406639  101.1675212    1.85673     3018.0       -0.6     -766.2      0.9      1.1      1.4 2023  9 21 18  0 24.65999985  0.0   1
     3202  -1.6441190  101.1401123    2.76232      -31.4     -382.7      139.4      3.3      0.8      0.6 2023  9 21 18  2 53.29999924  0.0   1
     3203  -1.6407241  101.1449463    2.61014      505.9       -7.3      -12.8      0.4      0.3      0.3 2023  9 21 18  3  1.86000001  0.0   1
     3204  -1.6423023  101.1463053    2.63021      657.1     -181.8        7.3      0.8      0.5      0.4 2023  9 21 18  3  6.84000015  0.0   1
     3206  -1.6404556  101.1477376    2.84273      816.6       22.4      219.8      0.6      0.5      0.4 2023  9 21 18  3 58.45999908  0.0   1
     3207  -1.6380623  101.1581543    2.09829     1975.8      287.0     -524.7      0.8      1.9      0.8 2023  9 21 18  4  4.84000015  0.0   1
     3208  -1.6407972  101.1440674    2.67343      408.8      -15.4       50.5      0.7      0.4      0.3 2023  9 21 18  4  8.68000031  0.0   1
     3209  -1.6402997  101.1502441    2.68831     1096.0       39.6       65.4      1.0      0.9      0.6 2023  9 21 18  5 31.94000053  0.0   1
     3210  -1.6427197  101.1427979    2.65185      267.4     -227.9       28.9      1.1      0.7      0.4 2023  9 21 18  5 48.38000107  0.0   1
     3211  -1.6485758  101.1251790    1.98368    -1693.0     -875.5     -639.3      1.1      1.0      1.2 2023  9 21 18  6 39.50000000  0.0   1
     3212  -1.6418505  101.1429362    2.94970      282.2     -131.8      326.8      0.8      0.8      0.5 2023  9 21 18 40 21.60000038  0.0   1
     3213  -1.6425006  101.1411296    2.73930       81.9     -203.7      116.4      1.7      0.8      0.5 2023  9 28  7  5  1.83000004  0.0   1
     3214  -1.6386180  101.1461995    2.86686      645.5      225.6      243.9      0.8      0.6      0.3 2023  9 28  7 39  3.82999992  0.0   1
     3215  -1.6427352  101.1430990    2.71590      300.3     -229.7       93.0      1.0      0.4      0.3 2023  9 28  7 40  2.51999998  0.0   1
     3216  -1.6408067  101.1470866    2.58402      744.2      -16.4      -38.9      0.5      0.5      0.4 2023  9 28  7 55 56.93999863  0.0   1
     3217  -1.6418771  101.1425374    2.74178      238.6     -134.8      118.8      0.4      0.3      0.2 2023  9 28  7 56  5.48999977  0.0   1
     3218  -1.6419599  101.1441895    2.71915      421.6     -143.9       96.2      0.5      0.3      0.2 2023  9 28  7 56 11.47999954  0.0   1
     3219  -1.6391468  101.1421875    3.04636      199.3      167.1      423.4      1.1      0.5      0.4 2023  9 28  7 57 46.27000046  0.0   1
     3220  -1.6420007  101.1436117    2.63283      358.0     -148.4        9.9      0.6      0.5      0.4 2023  9 28  7 59 35.90000153  0.0   1
     3221  -1.6421782  101.1389160    2.54929     -164.7     -168.1      -72.6      2.0      0.6      0.5 2023  9 28  8  1 35.72000122  0.0   1
     3222  -1.6398604  101.1473470    2.62434      773.7       88.2        1.4      0.4      0.4      0.4 2023  9 28  8  2  3.35999990  0.0   1
     3223  -1.6414243  101.1432454    2.76945      317.0      -84.7      146.5      0.6      0.4      0.3 2023  9 28  8  2 40.31000137  0.0   1
     3224  -1.6408712  101.1467773    2.58788      709.9      -23.5      -35.1      0.5      0.4      0.4 2023  9 28  8  7 49.70999908  0.0   1
     3225  -1.6410713  101.1439860    2.76143      399.3      -45.7      138.5      0.6      0.5      0.3 2023  9 28  8 13  6.84000015  0.0   1
     3226  -1.6397539  101.1463460    2.72681      661.7      100.0      103.9      0.4      0.4      0.3 2023  9 28  8 15 50.84999847  0.0   1
     3227  -1.6400152  101.1457275    2.62668      593.0       71.1        3.7      0.7      0.6      0.4 2023  9 28  8 15 58.18999863  0.0   1
     3228  -1.6441628  101.1444499    2.69652      451.2     -387.5       73.6      0.9      0.6      0.4 2023  9 28  8 17  0.49000001  0.0   1
     3229  -1.6410072  101.1436279    2.70769      359.4      -38.6       84.8      0.8      0.4      0.3 2023  9 28  8 17 24.29000092  0.0   1
     3230  -1.6401592  101.1447917    2.81615      489.3       55.2      193.2      0.7      0.3      0.3 2023  9 28  8 19 49.29999924  0.0   1
     3231  -1.6421192  101.1396647    2.73464      -81.8     -161.6      111.7      1.0      0.4      0.3 2023  9 28  8 20 55.52000046  0.0   1
     3232  -1.6409406  101.1441162    2.78489      414.1      -31.2      161.9      0.4      0.4      0.3 2023  9 28  8 26 42.88000107  0.0   1
     3233  -1.6422727  101.1449951    2.72288      511.3     -178.5       99.9      0.4      0.3      0.3 2023  9 28  8 26 46.84000015  0.0   1
     3234  -1.6420115  101.1438558    2.79985      384.8     -149.6      176.9      0.8      0.5      0.4 2023  9 28  8 27  2.09999990  0.0   1
     3235  -1.6418340  101.1429525    2.63007      284.7     -130.0        7.1      0.9      0.4      0.3 2023  9 28  8 29 31.02000046  0.0   1
     3236  -1.6410084  101.1404948    2.77004       11.2      -38.7      147.1      1.4      0.5      0.3 2023  9 28  8 33 52.38000107  0.0   1
     3237  -1.6416601  101.1427572    2.73442      262.8     -110.8      111.5      1.0      0.6      0.4 2023  9 28  8 34 52.70000076  0.0   1
     3238  -1.6414843  101.1437826    2.79810      376.4      -91.3      175.2      0.7      0.4      0.3 2023  9 28  8 35 23.65999985  0.0   1
     3239  -1.6401360  101.1451335    2.67176      527.4       57.7       48.8      0.5      0.3      0.3 2023  9 28  8 35 37.04000092  0.0   1
     3240  -1.6419772  101.1416341    2.78861      137.9     -145.8      165.7      1.7      0.5      0.4 2023  9 28  8 36  6.26000023  0.0   1
     3241  -1.6411688  101.1431152    2.71057      302.6      -56.5       87.6      0.6      0.5      0.3 2023  9 28  8 36  9.26000023  0.0   1
     3242  -1.6430445  101.1457275    2.73078      592.9     -263.9      107.8      0.5      0.3      0.3 2023  9 28  8 36 18.69000053  0.0   1
     3243  -1.6417927  101.1394613    2.88383     -104.0     -125.4      260.9      1.5      0.5      0.4 2023  9 28  8 36 33.70999908  0.0   1
     3244  -1.6418327  101.1430664    2.73202      297.3     -129.9      109.1      0.7      0.5      0.4 2023  9 28  8 36 39.86999893  0.0   1
     3245  -1.6434750  101.1438802    2.52839      387.2     -311.5      -94.6      1.0      0.5      0.4 2023  9 28  8 37 37.74000168  0.0   1
     3246  -1.6417126  101.1431396    2.79889      305.4     -116.6      175.9      0.7      0.4      0.3 2023  9 28  8 37 40.75999832  0.0   1
     3247  -1.6413637  101.1436523    2.84850      362.1      -78.0      225.6      0.6      0.3      0.3 2023  9 28  8 38  9.71000004  0.0   1
     3248  -1.6414546  101.1435872    2.73319      354.7      -88.1      110.3      0.6      0.4      0.3 2023  9 28  8 39  3.31999993  0.0   1
     3249  -1.6422532  101.1436930    2.78780      366.9     -176.4      164.9      0.7      0.5      0.3 2023  9 28  8 39 16.25000000  0.0   1
     3250  -1.6431821  101.1390869    2.74698     -145.8     -279.1      124.0      1.4      0.6      0.4 2023  9 28  8 39 29.69000053  0.0   1
     3251  -1.6418994  101.1428304    2.84832      270.5     -137.2      225.4      0.8      0.6      0.4 2023  9 28  8 40 15.93999958  0.0   1
     3252  -1.6413701  101.1439860    2.75156      398.9      -78.7      128.6      0.5      0.2      0.3 2023  9 28  8 40 38.47999954  0.0   1
     3253  -1.6423968  101.1432210    2.73575      313.8     -192.2      112.8      0.7      0.5      0.4 2023  9 28  8 40 41.38000107  0.0   1
     3254  -1.6421394  101.1447184    2.83537      481.3     -163.8      212.4      0.5      0.6      0.4 2023  9 28  8 41  2.16000009  0.0   1
     3255  -1.6419994  101.1465088    2.63194      680.5     -148.3        9.0      0.7      0.5      0.4 2023  9 28  8 41 20.87999916  0.0   1
     3256  -1.6419683  101.1425863    2.78223      244.0     -144.9      159.3      0.7      0.5      0.4 2023  9 28  8 41 55.04999924  0.0   1
     3257  -1.6414295  101.1478678    2.78922      831.7      -85.3      166.3      0.8      0.6      0.5 2023  9 28  8 42 14.56999969  0.0   1
     3258  -1.6394136  101.1417887    2.82896      155.1      137.6      206.0      1.1      0.7      0.4 2023  9 28  8 42 19.54999924  0.0   1
     3259  -1.6439156  101.1457357    2.58679      594.1     -360.2      -36.2      0.9      0.5      0.5 2023  9 28  8 43 54.72999954  0.0   1
     3260  -1.6422702  101.1431152    2.68603      302.7     -178.2       63.1      0.9      0.5      0.4 2023  9 28  8 44 16.90999985  0.0   1
     3261  -1.6415151  101.1424723    2.90175      230.5      -94.8      278.8      1.0      0.4      0.3 2023  9 28  8 44 28.37999916  0.0   1
     3262  -1.6415788  101.1431071    2.85187      301.4     -101.8      228.9      0.8      0.3      0.3 2023  9 28  8 47 19.86000061  0.0   1
     3263  -1.6412968  101.1436117    2.72197      357.9      -70.6       99.0      0.5      0.4      0.3 2023  9 28  8 47 33.06999969  0.0   1
     3264  -1.6453543  101.1430013    2.57251      290.1     -519.3      -50.4      1.2      0.5      0.5 2023  9 28  8 51 42.25999832  0.0   1
     3265  -1.6421965  101.1391683    2.84063     -136.9     -170.1      217.7      1.0      0.6      0.4 2023  9 28  8 59 46.52999878  0.0   1
     3266  -1.6419577  101.1423747    2.70451      219.7     -143.7       81.6      0.6      0.3      0.3 2023  9 28  9  4 21.27000046  0.0   1
     3267  -1.6418092  101.1412435    2.78600       94.6     -127.3      163.1      1.6      0.4      0.4 2023  9 28  9  5 15.84000015  0.0   1
     3268  -1.6419732  101.1430745    2.78443      297.7     -145.4      161.5      0.6      0.4      0.3 2023  9 28  9 10 20.37000084  0.0   1
     3269  -1.6460551  101.1401042    2.57052      -32.8     -596.8      -52.4      2.9      0.7      0.7 2023  9 28  9 17 17.36000061  0.0   1
     3270  -1.6403894  101.1430501    2.80644      295.5       29.7      183.5      0.9      0.6      0.4 2023 10  5  7 35 44.90999985  0.0   1
     3271  -1.6109468  101.1295980    2.40155    -1201.4     3285.3     -221.4      0.6      0.6      0.6 2023 10  8  0 46  1.73000002  0.0   1
     3272  -1.6125020  101.1274577    2.31178    -1439.6     3113.3     -311.2      0.6      0.6      0.6 2023 10  8  0 46 50.84000015  0.0   1
     3273  -1.6383514  101.1437012    2.93903      367.3      255.1      316.1      0.8      0.5      0.4 2023 10  9 12  0 57.20999908  0.0   1
     3274  -1.6379822  101.1532552    2.61270     1430.8      295.9      -10.2      0.8      1.0      0.6 2023 10  9 13 10 28.75000000  0.0   1
     3275  -1.6431334  101.1477295    2.30420      816.2     -273.7     -318.7      0.9      0.6      0.6 2023 10 10  8 52 47.47999954  0.0   1
     3276  -1.6411742  101.1469401    2.85292      728.4      -57.0      230.0      0.6      0.6      0.3 2023 10 12  2  8 51.72999954  0.0   1
     3277  -1.6427212  101.1413981    2.51793      111.5     -228.1     -105.0      1.1      0.8      0.8 2023 10 12  2 25 53.88999939  0.0   1
     3278  -1.6463814  101.1446370    2.43496      472.0     -632.8     -188.0      1.7      1.2      0.7 2023 10 12  2 26 44.36999893  0.0   1
     3279  -1.6437487  101.1399089    2.76773      -54.2     -341.7      144.8      1.4      0.7      0.4 2023 10 12  7 33 35.72000122  0.0   1
     3280  -1.6396295  101.1413493    2.85945      105.9      113.7      236.5      1.1      0.6      0.3 2023 10 12  7 35 26.72999954  0.0   1
     3281  -1.6385391  101.1453939    2.91416      555.7      234.3      291.2      1.0      0.7      0.4 2023 10 12  7 44 21.15999985  0.0   1
     3282  -1.6424015  101.1412028    2.70911       90.1     -192.8       86.2      1.6      0.6      0.6 2023 10 14  8 24 30.54000092  0.0   1
     3283  -1.6442087  101.1434570    2.63985      340.6     -392.6       16.9      1.4      0.5      0.5 2023 10 14 10 32 46.22999954  0.0   1
     3284  -1.6421682  101.1423665    2.77906      218.7     -167.0      156.1      1.3      0.8      0.5 2023 10 14 16 31 41.02000046  0.0   1
     3285  -1.6425579  101.1395426    2.72100      -95.5     -210.1       98.1      0.9      0.4      0.3 2023 10 17  8 13 56.77000046  0.0   1
     3286  -1.6451183  101.1355306    2.79221     -541.8     -493.2      169.3      1.4      0.8      0.7 2023 10 17  9  1 32.40999985  0.0   1
     3288  -1.6430592  101.1507650    3.01778     1153.8     -265.5      394.8      1.1      1.2      1.0 2023 10 18 14 21 34.95000076  0.0   1
