     2719  -1.6441696  101.1412435    3.45352       94.4     -388.3      830.6    236.9    152.7    147.6 2023  1  3  3 43 21.02000046  0.0   1
     2720  -1.6394437  101.1487061    3.53773      924.2      134.3      914.8    210.0    168.8    119.5 2023  1  3  3 52  5.73000002  0.0   1
     2721  -1.6348174  101.1447184    2.81614      480.5      645.8      193.2    143.0    107.3    116.1 2023  1  3  3 52 21.03000069  0.0   1
     2722  -1.6411756  101.1357992    2.94156     -511.7      -57.2      318.6    168.3    106.7    104.3 2023  1  3  3 52 34.75000000  0.0   1
     2723  -1.6358874  101.1474609    2.86545      786.3      527.5      242.5    305.1    210.0    153.9 2023  1  3  4  2 20.45000076  0.0   1
     2724  -1.6364049  101.1460938    2.76199      634.0      470.3      139.0    117.7    118.0     93.5 2023  1  4 20 11 39.40000153  0.0   1
     2725  -1.6426154  101.1399414    2.76711      -50.8     -216.4      144.2    292.7    108.7    137.8 2023  1  4 20 16 15.53999996  0.0   1
     2726  -1.6442567  101.1354085    2.77951     -555.1     -397.9      156.6    197.2    133.3    155.2 2023  1  4 20 17  9.68000031  0.0   1
     2727  -1.6495763  101.1265055    2.51221    -1545.5     -986.1     -110.7    359.3    236.6    338.1 2023  1  4 20 18 22.71999931  0.0   1
     2729  -1.6608020  101.1354818    3.06072     -547.1    -2227.4      437.8    340.2    135.0    162.7 2023  1 11 13 28 50.43999863  0.0   1
     2734  -1.6424343  101.1397298    3.17428      -74.3     -196.4      551.3    346.0    177.8    174.0 2023  1 20 18 30  0.36000001  0.0   1
     2735  -1.6419329  101.1279297    3.09936    -1387.2     -141.0      476.4    175.8    122.4     99.1 2023  1 20 19 10 25.45999908  0.0   1
     2736  -1.6371780  101.1453288    2.60759      548.8      384.8      -15.4    103.2    104.8     95.6 2023  1 20 19 10 36.45999908  0.0   1
     2737  -1.6382713  101.1439941    2.52107      400.6      263.9     -101.9    131.4     93.8    104.0 2023  1 20 19 11 19.44000053  0.0   1
     2738  -1.6367893  101.1398356    3.25339      -62.6      427.8      630.4    156.7    157.8    113.4 2023  1 20 19 11 38.47999954  0.0   1
     2739  -1.6370403  101.1419759    2.57459      176.1      400.0      -48.4    162.0    120.4     99.1 2023  1 20 19 11 46.86000061  0.0   1
     2740  -1.6368998  101.1375000    2.59304     -322.0      415.6      -29.9    129.0    109.5     99.4 2023  1 20 19 12  2.07999992  0.0   1
     2741  -1.6364585  101.1417318    3.10667      148.6      464.4      483.7    148.8    116.3    102.4 2023  1 20 19 12 14.30000019  0.0   1
     2742  -1.6431680  101.1459391    2.72571      616.9     -277.5      102.8    295.2    150.4    148.6 2023  1 20 19 12 27.89999962  0.0   1
     2743  -1.6351737  101.1442220    2.95994      425.4      606.4      337.0    138.8    119.1     84.4 2023  1 20 19 12 41.43999863  0.0   1
     2744  -1.6334873  101.1446859    3.49791      477.1      792.9      875.0    214.2    142.5    101.9 2023  1 20 19 12 45.20000076  0.0   1
     2745  -1.6371044  101.1428955    3.46049      278.3      393.0      837.5    233.1    150.8    108.3 2023  1 20 19 12 58.77999878  0.0   1
     2746  -1.6423781  101.1444255    3.43530      448.6     -190.2      812.4    178.4    132.3    109.2 2023  1 20 19 13  8.81999969  0.0   1
     2747  -1.6428941  101.1374105    2.87992     -331.9     -247.2      257.0    243.2    107.6    105.6 2023  1 20 19 13 21.52000046  0.0   1
     2748  -1.6398402  101.1308594    2.75295    -1061.1       90.4      130.0    146.2    118.3     79.4 2023  1 20 19 13 50.47999954  0.0   1
     2749  -1.6434029  101.1254639    2.17059    -1661.5     -303.5     -452.4    269.1    172.6    317.4 2023  1 20 19 13 59.40000153  0.0   1
     2750  -1.6425889  101.1378499    1.91677     -283.8     -213.5     -706.2    393.0    156.1    179.1 2023  1 20 19 14 14.26000023  0.0   1
     2751  -1.6388133  101.1434652    3.37494      341.6      204.0      752.0    188.8    141.0    125.1 2023  1 20 19 14 47.25999832  0.0   1
     2752  -1.6483021  101.1469645    3.40812      730.7     -845.2      785.2   1378.8    262.4    340.2 2023  1 20 19 14 50.77999878  0.0   1
     2753  -1.6361753  101.1412842    3.34570       98.6      495.7      722.8    242.3    190.7    106.4 2023  1 20 19 15  4.05999994  0.0   1
     2754  -1.6372772  101.1442301    2.82287      426.2      373.8      199.9    115.4    129.1    110.3 2023  1 20 19 15 37.75999832  0.0   1
     2755  -1.6346956  101.1437256    2.66035      370.6      659.3       37.4    123.8    107.6     86.4 2023  1 20 19 15 47.91999817  0.0   1
     2756  -1.6366459  101.1467367    2.80678      705.6      443.7      183.8    141.5    142.9    106.7 2023  1 20 19 16  4.34000015  0.0   1
     2757  -1.6435719  101.1385091    2.93454     -210.4     -322.2      311.6    211.7    146.3    138.7 2023  1 20 19 16 23.39999962  0.0   1
     2758  -1.6381173  101.1468669    3.07702      720.1      281.0      454.1    182.2    122.0    114.6 2023  1 20 19 16 33.02000046  0.0   1
     2759  -1.6372952  101.1443766    2.95692      442.4      371.9      334.0    122.5    151.8    105.1 2023  1 20 19 16 54.11999893  0.0   1
     2760  -1.6361360  101.1500488    3.08556     1073.6      500.0      462.6    138.7    128.9    133.9 2023  1 20 19 17 18.65999985  0.0   1
     2761  -1.6358350  101.1451497    3.08847      529.1      533.3      465.5    143.9    107.5     99.4 2023  1 20 19 17 23.44000053  0.0   1
     2762  -1.6382102  101.1442383    2.67847      427.8      270.7       55.5    214.7    110.3    144.3 2023  1 20 19 17 53.41999817  0.0   1
     2763  -1.6389598  101.1203532    1.53545    -2230.6      187.8    -1087.5    140.6    170.5    211.1 2023  1 20 19 17 59.56000137  0.0   1
     2764  -1.6318381  101.1527262    3.05417     1371.6      975.3      431.2    187.9    108.2    113.6 2023  1 20 19 18 19.47999954  0.0   1
     2765  -1.6470220  101.1540365    4.01777     1517.4     -703.7     1394.8    264.7    114.0    197.2 2023  1 20 19 18 31.20000076  0.0   1
     2766  -1.6400935  101.1381429    2.99015     -251.1       62.4      367.2    216.3    117.1    105.4 2023  1 20 19 18 39.00000000  0.0   1
     2767  -1.6400916  101.1405599    3.18859       18.4       62.6      565.6    205.6    144.2    125.5 2023  1 20 19 20 12.10000038  0.0   1
     2768  -1.6397541  101.1388509    3.12400     -172.3      100.0      501.1    225.8    135.1    106.4 2023  1 20 19 20 39.81999969  0.0   1
     2769  -1.6422979  101.1414063    3.29347      112.0     -181.3      670.5    221.6    146.3    136.8 2023  1 20 19 21  7.40000010  0.0   1
     2770  -1.6393469  101.1437826    3.04736      376.6      145.0      424.4    148.9    103.7     88.6 2023  1 20 19 21 18.81999969  0.0   1
     2771  -1.6390391  101.1474284    2.89347      782.3      179.0      270.5    175.6    120.5     97.2 2023  1 20 19 21 59.91999817  0.0   1
     2772  -1.6419933  101.1465820    4.10306      688.1     -147.6     1480.1    235.7    197.9    131.2 2023  1 20 19 22 12.19999981  0.0   1
     2773  -1.6390802  101.1578206    2.55085     1939.0      174.5      -72.1    210.1    166.8    186.2 2023  1 20 19 22 39.93999863  0.0   1
     2774  -1.6409667  101.1380778    3.43641     -258.4      -34.1      813.5    209.7    144.1    116.7 2023  1 20 19 22 45.40000153  0.0   1
     2775  -1.6434185  101.1313721    2.86086    -1004.0     -305.2      237.9    165.4    111.0     76.5 2023  1 20 19 23  1.05999994  0.0   1
     2776  -1.6462672  101.1503418    2.30570     1106.4     -620.2     -317.2    216.4    101.2    201.8 2023  1 20 19 23  6.86000013  0.0   1
     2777  -1.6406598  101.1380127    2.68432     -264.9       -0.2       61.4    159.6    111.3     98.6 2023  1 20 19 24 26.95999908  0.0   1
     2778  -1.6462284  101.1270752    2.50182    -1482.6     -615.9     -121.1    359.3    234.6    323.8 2023  1 20 19 24 30.94000053  0.0   1
     2779  -1.6477858  101.1474691    2.68437      786.5     -788.1       61.4    337.3    199.9    203.4 2023  1 20 19 24 45.20000076  0.0   1
     2780  -1.6469087  101.1457438    2.06065      594.7     -691.1     -562.3    316.7    142.3    181.2 2023  1 20 19 24 52.18000031  0.0   1
     2782  -1.6374081  101.1485840    2.66847      911.4      359.4       45.5    145.0    123.1    113.3 2023  1 20 19 25 16.07999992  0.0   1
     2783  -1.6508460  101.1245199    1.63394    -1766.5    -1126.5     -989.0    261.9    166.2    337.6 2023  1 20 19 26 19.50000000  0.0   1
     2784  -1.6346594  101.1525472    2.91166     1352.0      663.3      288.7    253.4    196.4    173.9 2023  1 20 19 26 40.24000168  0.0   1
     2785  -1.6426081  101.1431966    3.98075      311.8     -215.6     1357.8    336.2    177.9    165.3 2023  1 20 19 26 53.72000122  0.0   1
     2786  -1.6444117  101.1400635    2.55621      -37.4     -415.0      -66.7    290.2    142.6    150.7 2023  1 20 19 28  3.14000010  0.0   1
     2787  -1.6408881  101.1419840    2.68723      176.7      -25.4       64.3    161.0     92.5     90.6 2023  1 20 19 28 27.34000015  0.0   1
     2788  -1.6393472  101.1450928    3.07580      522.6      145.0      452.9    132.8    130.1    122.3 2023  1 20 19 28 29.31999969  0.0   1
     2789  -1.6431258  101.1323730    2.45351     -892.8     -272.9     -169.4    215.8    159.9    205.6 2023  1 20 19 28 39.91999817  0.0   1
     2790  -1.6475381  101.1391032    3.27993     -143.7     -760.7      657.0    265.4    126.2    139.1 2023  1 20 19 29 12.73999977  0.0   1
     2791  -1.6438207  101.1412435    2.85346       94.2     -349.7      230.5    167.0    120.6    137.3 2023  1 20 19 29 38.18000031  0.0   1
     2792  -1.6422394  101.1484701    2.78792      898.7     -174.8      165.0    134.1    113.7    111.3 2023  1 20 19 30 28.65999985  0.0   1
     2793  -1.6405825  101.1435547    2.80885      351.5        8.4      185.9    162.8    101.9    112.1 2023  1 20 19 30 43.77999878  0.0   1
     2794  -1.6487358  101.1292155    2.22085    -1243.9     -893.2     -402.1    239.2    147.8    208.2 2023  1 20 19 30 58.61999893  0.0   1
     2795  -1.6365641  101.1536784    2.28042     1477.5      452.7     -342.5    292.9    241.9    220.6 2023  1 20 19 31  4.38000011  0.0   1
     2796  -1.6449169  101.1348958    2.17734     -612.4     -470.9     -445.6    339.8    134.9    108.4 2023  1 20 19 31  9.84000015  0.0   1
     2797  -1.6446178  101.1430827    3.00708      299.0     -437.8      384.1    197.3    125.2    138.2 2023  1 20 19 31 49.70000076  0.0   1
     2798  -1.6408436  101.1498698    3.21127     1054.0      -20.5      588.3    166.9    111.4    124.9 2023  1 20 19 32  3.83999991  0.0   1
     2799  -1.6415532  101.1477376    2.69005      816.8      -99.0       67.1    145.3    102.1    128.9 2023  1 20 19 32  9.02000046  0.0   1
     2800  -1.6393491  101.1401774    2.87595      -24.5      144.8      253.0    159.3    124.5    102.6 2023  1 20 19 32 20.89999962  0.0   1
     2801  -1.6416873  101.1390869    2.79796     -145.4     -113.8      175.0    261.0    106.3    106.9 2023  1 20 19 32 52.88000107  0.0   1
     2802  -1.6412970  101.1431152    2.65264      302.0      -70.6       29.7    128.6    109.8    119.0 2023  1 20 19 32 59.25999832  0.0   1
     2803  -1.6414834  101.1414063    2.96163      112.1      -91.3      338.7    179.4    120.1     94.5 2023  1 20 19 33  9.80000019  0.0   1
     2804  -1.6471381  101.1337321    2.61555     -741.9     -716.5       -7.4    278.4    139.5    138.3 2023  1 20 19 33 34.56000137  0.0   1
     2805  -1.6395331  101.1518473    2.94226     1274.2      124.4      319.3    127.9    126.6    121.0 2023  1 20 19 33 48.00000000  0.0   1
     2806  -1.6447267  101.1483805    3.13994      888.0     -449.9      517.0    183.0    118.6    127.1 2023  1 20 19 33 53.97999954  0.0   1
     2807  -1.6427581  101.1426514    2.74876      251.3     -232.2      125.8    188.8    139.6    133.7 2023  1 20 19 34 15.69999981  0.0   1
     2808  -1.6426669  101.1286947    1.77528    -1302.3     -222.1     -847.7    142.9    107.2    155.4 2023  1 20 19 34 33.22000122  0.0   1
     2809  -1.6489344  101.1346029    2.58459     -644.9     -915.1      -38.4    382.8    164.2    207.3 2023  1 20 19 34 48.20000076  0.0   1
     2810  -1.6418749  101.1402181    2.36936      -20.0     -134.5     -253.6    133.1    121.9    124.0 2023  1 20 19 34 58.11999893  0.0   1
     2811  -1.6422850  101.1417480    3.42391      150.4     -179.9      801.0    214.1    143.0    124.7 2023  1 20 19 35 21.10000038  0.0   1
     2812  -1.6440292  101.1376139    2.77740     -309.7     -372.8      154.5    148.4    119.2    125.7 2023  1 20 19 35 48.25999832  0.0   1
     2813  -1.6366881  101.1455241    2.75993      570.6      439.0      137.0    121.0    116.1    111.1 2023  1 20 19 36 32.65999985  0.0   1
     2814  -1.6405982  101.1436930    3.14317      366.5        6.6      520.2    186.3    144.4    107.6 2023  1 20 19 36 50.90000153  0.0   1
     2815  -1.6376858  101.1427246    2.83345      258.6      328.7      210.5    245.5    106.0    120.6 2023  1 20 19 43 50.43999863  0.0   1
     2816  -1.6372196  101.1431234    3.35554      303.1      380.2      732.6    196.0    152.8    100.3 2023  1 20 19 43 54.97999954  0.0   1
     2817  -1.6386941  101.1439209    2.99695      392.1      217.2      374.0    195.2    149.7    123.5 2023  1 20 19 49 56.54000092  0.0   1
     2818  -1.6385202  101.1323649    3.29778     -893.4      236.4      674.8    202.0    119.5    114.1 2023  1 20 19 53 30.76000023  0.0   1
     2819  -1.6396119  101.1396484    2.89126      -82.9      115.7      268.3    143.6    122.1     96.2 2023  1 20 19 57 15.27999973  0.0   1
     2820  -1.6395022  101.1467692    2.63680      708.6      127.8       13.9    245.8    138.1    108.9 2023  1 20 19 57 23.65999985  0.0   1
     2821  -1.6351117  101.1469971    2.98236      734.2      613.3      359.4    217.2    165.8    109.4 2023  1 20 20 23  4.65999985  0.0   1
     2822  -1.6377775  101.1421794    3.13170      197.9      318.5      508.8    214.6    132.4    100.6 2023  1 21  1 56 37.25000000  0.0   1
     2823  -1.6450101  101.1479818    2.86562      844.2     -481.2      242.7    171.7    121.5    126.3 2023  1 30 17 30  4.76000023  0.0   1
     2824  -1.6462971  101.1365560    2.84240     -427.6     -623.5      219.5    195.7    113.0    120.2 2023  1 30 17 30 40.74000168  0.0   1
     2825  -1.6460999  101.1212240    1.85117    -2133.8     -601.7     -771.8    230.2    176.2    322.4 2023  2 18 22 35 10.69999981  0.0   1
     2826  -1.6461563  101.1429769    3.07783      287.5     -608.0      454.9    199.5    106.8    142.9 2023  2 18 22 38 25.92000008  0.0   1
     2827  -1.6455378  101.1367432    2.82078     -406.4     -539.6      197.8    174.3    111.3    115.1 2023  2 18 22 38 33.40000153  0.0   1
     2828  -1.6495640  101.1291585    1.94690    -1250.6     -984.8     -676.0    319.0    209.4    321.7 2023  2 18 22 39  5.48000002  0.0   1
     2829  -1.6444308  101.1301839    2.21621    -1136.3     -417.1     -406.7    179.8    111.6    172.6 2023  2 26 15 14 57.77000046  0.0   1
     2830  -1.6500364  101.1316976    2.14396     -968.2    -1037.0     -479.0    157.1    112.0    122.1 2023  2 27 22 34 11.93999958  0.0   1
     2831  -1.6424492  101.1433594    2.95994      329.6     -198.0      337.0    207.2    131.2    111.1 2023  2 27 22 34 17.97999954  0.0   1
     2832  -1.6513798  101.1333577    2.35748     -783.6    -1185.5     -265.5    214.7    148.4    159.1 2023  2 27 22 34 39.31999969  0.0   1
     2833  -1.6463582  101.1334310    2.67406     -774.8     -630.3       51.1    150.9     95.0     88.2 2023  2 27 22 34 42.22000122  0.0   1
     2834  -1.6391988  101.1399333    2.50919      -52.0      161.4     -113.8    177.5     90.4    102.5 2023  3  8  4 53 44.11000061  0.0   1
     2835  -1.6431606  101.1374593    3.00103     -326.5     -276.7      378.1    182.9    107.8    111.4 2023  3 12 23 29 24.12000084  0.0   1
     2836  -1.6418271  101.1364014    3.12706     -444.7     -129.3      504.1    273.6    121.7     95.1 2023  3 19 14 58 26.79999924  0.0   1
     2837  -1.6448559  101.1442546    3.11291      428.9     -464.2      490.0    171.5    120.2    115.4 2023  3 19 14 58 27.35000038  0.0   1
     2838  -1.6439346  101.1449788    3.00700      510.0     -362.3      384.1    149.0    120.6    127.2 2023  3 19 14 58 41.38999939  0.0   1
     2839  -1.6404514  101.1351807    3.20953     -580.0       22.9      586.6    183.3    115.8     94.8 2023  3 19 14 59  5.11999989  0.0   1
     2840  -1.6417922  101.1326090    3.05557     -866.4     -125.4      432.6    167.8    111.4     93.6 2023  3 19 15  0 56.34000015  0.0   1
     2841  -1.6415366  101.1455566    3.03583      574.0      -97.1      412.9    161.6    118.9     95.9 2023  3 19 15  7 48.63000107  0.0   1
     2842  -1.6378390  101.1466553    3.00074      696.3      311.7      377.8    139.9    130.9    101.8 2023  3 19 15  8  6.13999987  0.0   1
     2843  -1.6425161  101.1450277    2.60379      515.1     -205.4      -19.2    164.2    105.6    139.4 2023  3 19 15  8 45.77000046  0.0   1
     2844  -1.6428359  101.1488932    2.35569      945.1     -240.8     -267.2    170.5     99.4    175.5 2023  3 19 15 10  1.89999998  0.0   1
     2845  -1.6395344  101.1443441    3.36893      439.2      124.3      746.0    200.1    146.8    114.1 2023  3 19 15 10 17.05999947  0.0   1
     2846  -1.6472299  101.1409993    3.27357       66.6     -726.7      650.6    225.2    144.1    143.3 2023  3 19 15 10 42.45999908  0.0   1
     2847  -1.6417466  101.1512044    3.65955     1202.3     -120.4     1036.6    151.0    198.2    143.6 2023  3 19 15 12  7.92000008  0.0   1
     2848  -1.6450460  101.1391439    3.24753     -139.4     -485.2      624.6    217.6    140.9    142.2 2023  3 19 15 12 41.66999817  0.0   1
     2849  -1.6439003  101.1424886    3.12566      232.6     -358.5      502.7    183.8    128.4    125.0 2023  3 19 15 13  3.02999997  0.0   1
     2850  -1.6467444  101.1410156    3.30321       68.4     -673.0      680.3    210.1    148.2    142.1 2023  3 19 15 13 29.22999954  0.0   1
     2851  -1.6480287  101.1414225    3.38670      114.4     -815.0      763.8    301.7    179.5    184.6 2023  3 19 15 14 14.53999996  0.0   1
     2852  -1.6438156  101.1282552    2.42175    -1351.2     -349.1     -201.2    130.5    131.5    114.6 2023  3 19 15 14 23.75000000  0.0   1
     2853  -1.6438695  101.1400065    2.64319      -43.0     -355.1       20.2    144.8     98.5    102.9 2023  3 19 15 17  0.95999998  0.0   1
     2854  -1.6450926  101.1411377    2.61990       82.1     -490.3       -3.0    220.5    116.5    147.5 2023  3 19 15 17 15.43000031  0.0   1
     2855  -1.6431573  101.1379964    2.61816     -267.5     -276.3       -4.8    203.4     92.1    124.5 2023  3 19 15 17 23.26000023  0.0   1
     2856  -1.6454562  101.1330078    2.91978     -821.8     -530.5      296.8    175.8    108.5     96.0 2023  3 19 15 17 27.55999947  0.0   1
     2857  -1.6428983  101.1352865    2.46349     -568.8     -247.7     -159.5    183.1    103.6    163.3 2023  3 19 15 17 37.34000015  0.0   1
     2858  -1.6448465  101.1439779    2.65264      398.2     -463.1       29.7    120.4    125.8    119.3 2023  3 30 10 37 55.43000031  0.0   1
     2859  -1.6426446  101.1460531    2.86462      629.3     -219.7      241.7    140.4    117.8    132.0 2023  3 30 10 38 31.47999954  0.0   1
     2860  -1.6462092  101.1322673    2.78885     -904.5     -613.8      165.9    253.8    149.1    207.1 2023  3 30 10 38 50.88000107  0.0   1
     2861  -1.6445492  101.1425700    3.26091      241.4     -430.2      638.0    231.4    142.8    132.8 2023  3 30 10 38 55.63999939  0.0   1
     2862  -1.6435164  101.1425374    2.42924      238.4     -316.0     -193.7    114.3    117.3    118.5 2023  3 30 10 39 42.11999893  0.0   1
     2863  -1.6434006  101.1380046    3.43818     -265.8     -303.2      815.2    242.7    119.6    106.3 2023  3 30 10 39 48.84999847  0.0   1
     2864  -1.6419706  101.1430013    2.64725      289.7     -145.1       24.3    111.3     83.8     97.8 2023  3 30 10 40  7.73999977  0.0   1
     2865  -1.6418674  101.1368490    2.71121     -394.8     -133.7       88.3    187.0     84.5    115.7 2023  3 30 10 40 14.48999977  0.0   1
     2866  -1.6401254  101.1368490    2.68769     -395.2       58.9       64.7    183.2     94.2     93.6 2023  3 30 10 40 28.92000008  0.0   1
     2867  -1.6459329  101.1393473    2.90416     -116.5     -583.3      281.2    165.4    121.0    126.0 2023  3 30 10 40 36.38999939  0.0   1
     2868  -1.6448433  101.1474609    2.34287      786.1     -462.8     -280.1    152.9    102.4    170.2 2023  3 30 10 40 42.43999863  0.0   1
     2869  -1.6541342  101.1325765    2.99981     -870.5    -1490.1      376.9    213.4    106.4    120.2 2023  3 30 10 41  9.31999969  0.0   1
     2870  -1.6406441  101.1400472    2.99667      -39.3        1.6      373.7    168.0    105.9    102.4 2023  3 30 10 41 20.13999939  0.0   1
     2871  -1.6476598  101.1357015    3.14324     -522.6     -774.2      520.3    205.6    112.4    121.0 2023  3 30 10 41 29.93000031  0.0   1
     2872  -1.6449958  101.1321777    2.31293     -914.9     -479.6     -310.0    132.7    104.8    111.8 2023  3 30 10 42  3.19000006  0.0   1
     2873  -1.6433292  101.1409505    2.71600       61.7     -295.4       93.1    159.3     82.0    105.1 2023  3 30 10 42 11.61999989  0.0   1
     2874  -1.6420583  101.1398682    3.00694      -59.0     -154.8      384.0    186.6    117.6    122.6 2023  3 30 10 45 34.45999908  0.0   1
     2875  -1.6433949  101.1312419    3.00908    -1018.8     -302.6      386.1    179.0    120.2     92.4 2023  3 30 10 49 11.32999992  0.0   1
     2877  -1.6433706  101.1420980    2.63083      189.2     -299.9        7.9    143.9    103.4    127.7 2023  4  4 21 16 12.35999966  0.0   1
     2878  -1.6433709  101.1387044    3.13055     -188.1     -300.0      507.6    209.1    123.9    111.5 2023  4  4 21 17 38.91999817  0.0   1
     2879  -1.6465403  101.1380615    2.51472     -260.1     -650.4     -108.2    439.9    179.8    218.7 2023  4  4 21 19 37.68000031  0.0   1
     2880  -1.6437784  101.1476400    2.79669      806.2     -345.0      173.7    129.7     90.4    118.3 2023  4  4 21 20  7.90000010  0.0   1
     2881  -1.6428305  101.1362956    2.48128     -456.8     -240.2     -141.7    153.3     96.6    121.1 2023  4  4 21 21 24.20000076  0.0   1
     2882  -1.6463304  101.1502035    2.26205     1091.4     -627.2     -360.9    154.1    143.9    171.1 2023  4  4 21 21 37.93999863  0.0   1
     2883  -1.6498933  101.1334229    2.52663     -776.3    -1021.2      -96.3    259.6    170.1    221.8 2023  4  4 21 21 52.75999832  0.0   1
     2884  -1.6496197  101.1390462    2.49335     -150.4     -990.9     -129.6    465.8    129.7    135.5 2023  4  4 21 21 54.95999908  0.0   1
     2885  -1.6431313  101.1409912    3.39439       66.5     -273.5      771.5    186.6    138.1    145.0 2023  4  4 21 22  3.64000010  0.0   1
     2886  -1.6461905  101.1386393    2.66153     -195.6     -611.7       38.6    196.6    109.6    111.6 2023  4  7  6 28 12.28999996  0.0   1
     2889  -1.6024141  101.1214518    2.01120    -2108.1     4228.8     -611.7    676.1    639.1    516.9 2023  4 14  5 51 20.79999924  0.0   1
     2890  -1.6053591  101.1188721    2.18815    -2394.9     3903.1     -434.8    633.2    752.9    478.4 2023  4 14  5 51 25.79999924  0.0   1
     2893  -1.6389051  101.1439209    2.92649      392.1      193.8      303.5    282.2    178.2    116.8 2023  5 15 17 26 39.81999969  0.0   1
     2894  -1.6388949  101.1497396    2.87004     1039.7      195.0      247.1    200.6    154.2    110.7 2023  5 15 17 32 30.39999962  0.0   1
     2895  -1.6495832  101.1390788    2.58652     -147.1     -986.9      -36.4    323.5    182.4    194.9 2023  5 19 22 49 48.45999908  0.0   1
     2896  -1.6417863  101.1388916    3.16760     -167.3     -124.7      544.7    477.3    241.1    227.3 2023  5 19 22 54 49.02000046  0.0   1
     2897  -1.6402526  101.1409668    3.01073       63.3       44.9      387.8    195.5    147.3    136.3 2023  5 19 22 54 53.54000092  0.0   1
     2900  -1.6451658  101.1655924    0.08173     2803.9     -498.4    -2541.2    269.7    259.3    507.0 2023  5 27 15 41 24.02000046  0.0   1
     2901  -1.6427832  101.1312663    2.87300    -1016.1     -235.0      250.1    192.3    105.8     91.0 2023  5 27 15 42  8.60000038  0.0   1
     2903  -1.6299637  101.1277913    2.07100    -1402.8     1182.5     -551.9    266.8    229.0    194.2 2023  5 28 18 49 16.21999931  0.0   1
     2905  -1.6479167  101.1221924    2.44285    -2025.3     -802.6     -180.1    194.1    130.6    145.4 2023  6  6  1 40 44.04000092  0.0   1
     2906  -1.6416393  101.1306071    2.14817    -1089.3     -108.5     -474.8    122.6    109.2    118.2 2023  6  6  1 42 24.76000023  0.0   1
     2907  -1.6442797  101.1307129    2.80942    -1077.4     -400.4      186.5    170.4    107.8     81.2 2023  6  6  1 48 22.26000023  0.0   1
     2908  -1.6417820  101.1432617    2.92135      318.8     -124.3      298.4    352.0    144.8    141.9 2023  6  6  1 48 43.06999969  0.0   1
     2909  -1.6447617  101.1472493    3.06776      762.4     -453.7      444.8    193.1    122.3    136.0 2023  6  6  1 51 12.57999992  0.0   1
     2910  -1.6467007  101.1456055    3.30254      580.0     -668.1      679.6    300.4    184.3    158.8 2023  6  6  1 51 15.86999989  0.0   1
     2911  -1.6459229  101.1387777    3.00557     -180.6     -582.1      382.6    270.0    109.8    119.1 2023  6  6  1 51 30.25000000  0.0   1
     2912  -1.6462096  101.1439697    3.37556      397.6     -613.8      752.6    204.5    143.4    142.8 2023  6  6  1 52 19.11000061  0.0   1
     2913  -1.6443815  101.1389404    3.17139     -161.7     -411.7      548.4    231.2    121.2    130.9 2023  6  6  1 52 40.33000183  0.0   1
     2914  -1.6429717  101.1410238    3.63479       69.8     -255.8     1011.8    230.3    200.8    168.3 2023  6  6  1 52 50.29999924  0.0   1
     2915  -1.6470140  101.1315837    3.08365     -981.0     -702.8      460.7    189.7    107.3     94.2 2023  6  6  1 53 28.01000023  0.0   1
     2916  -1.6513498  101.1418050    2.77112      157.0    -1182.2      148.2    740.3    204.7    198.0 2023  6  6  1 54  5.28999996  0.0   1
     2917  -1.6474871  101.1428060    2.72782      267.8     -755.1      104.9    161.7    120.0    145.0 2023  6  6  1 54 28.88999939  0.0   1
     2918  -1.6425531  101.1249186    3.17831    -1722.1     -209.5      555.4    162.2    128.5    130.6 2023  6  6  1 54 37.52999878  0.0   1
     2919  -1.6442354  101.1576172    2.96287     1916.6     -395.5      339.9    226.4    167.0    176.4 2023  6  6  1 54 44.18999863  0.0   1
     2920  -1.6446148  101.1671143    1.28600     2973.1     -437.5    -1336.9    415.3    356.3    464.8 2023  6  6  1 54 53.20000076  0.0   1
     2921  -1.6464068  101.1232015    1.45565    -1913.3     -635.7    -1167.3    188.5    126.5    229.8 2023  6  6  1 55 12.25000000  0.0   1
     2922  -1.6428415  101.1331787    3.21151     -803.7     -241.4      588.6    219.6    152.4    136.7 2023  6  6  1 55 25.79999924  0.0   1
     2923  -1.6456940  101.1383545    2.80889     -227.3     -556.8      185.9    229.3    100.8    104.5 2023  6  6  1 55 44.54999924  0.0   1
     2924  -1.6432659  101.1363363    3.26450     -452.3     -288.3      641.6    188.8    120.6    117.5 2023  6  6  1 55 52.50999832  0.0   1
     2925  -1.6393349  101.1485107    2.93923      903.1      146.3      316.3    313.1    216.0    229.9 2023  6  6  1 56  1.14999998  0.0   1
     2926  -1.6446393  101.1463623    3.79185      663.7     -440.2     1168.9    205.2    196.4    159.5 2023  6  6  1 56  8.31999969  0.0   1
     2927  -1.6494630  101.1223389    1.14593    -2009.0     -973.6    -1477.0    202.1    170.0    275.8 2023  6  6  1 56 16.76000023  0.0   1
     2928  -1.6431652  101.1390462    3.01005     -149.9     -277.2      387.1    190.4    128.5    112.5 2023  6  6  1 56 29.04999924  0.0   1
     2929  -1.6490677  101.1220540    1.63325    -2040.8     -929.9     -989.7    168.2    109.8    226.9 2023  6  6  1 56 36.79000092  0.0   1
     2930  -1.6404714  101.1429525    3.04862      284.3       20.7      425.7    176.7    114.3    114.3 2023  6  6  1 57 14.22000027  0.0   1
     2931  -1.6407982  101.1344320    2.84374     -663.3      -15.5      220.8    169.0    105.7     88.5 2023  6  6  1 57 25.55999947  0.0   1
     2932  -1.6388323  101.1433431    2.63791      327.9      201.9       15.0    115.5     98.4     97.1 2023  6  6  1 57 28.88999939  0.0   1
     2933  -1.6399015  101.1375163    2.55598     -320.3       83.7      -67.0    137.4     78.8     95.3 2023  6  6  1 57 37.61999893  0.0   1
     2934  -1.6428839  101.1367350    3.63834     -407.9     -246.1     1015.4    217.9    168.9    140.7 2023  6  6  1 57 45.38000107  0.0   1
     2935  -1.6344070  101.1347168    3.07028     -631.8      691.2      447.3    223.2    159.1    119.7 2023  6  6  1 58  3.48000002  0.0   1
     2936  -1.6452162  101.1353271    3.21342     -564.4     -504.0      590.5    182.8    101.7     96.5 2023  6  6  1 58 51.29000092  0.0   1
     2937  -1.6523312  101.1471680    2.44301      753.5    -1290.7     -179.9    155.8    150.6    230.6 2023  6  6  1 59  4.92000008  0.0   1
     2938  -1.6478705  101.1261475    2.51077    -1585.7     -797.5     -112.2    440.6    296.3    401.8 2023  6  6  2  0 18.29000092  0.0   1
     2939  -1.6392300  101.1409098    2.97504       57.2      157.9      352.1    197.8    133.6     86.4 2023  6  6  2  0 50.33000183  0.0   1
     2940  -1.6429902  101.1401855    2.99364      -23.2     -257.9      370.7    178.6    109.0     99.8 2023  6  6  2  1 17.14999962  0.0   1
     2941  -1.6456645  101.1418620    2.84225      163.2     -553.6      219.3    306.7    156.7    151.3 2023  6  6  2  1 29.55999947  0.0   1
     2942  -1.6409204  101.1443359    2.86913      438.5      -29.0      246.2    136.6     98.5     89.5 2023  6  6  2  1 36.97999954  0.0   1
     2943  -1.6418681  101.1457601    2.05411      596.9     -133.8     -568.8    323.8    168.3    197.8 2023  6  6  2  1 54.45999908  0.0   1
     2944  -1.6390504  101.1342122    2.97306     -688.0      177.8      350.1    157.8    106.8     71.3 2023  6  6  2  2 19.39999962  0.0   1
     2945  -1.6469140  101.1404867    2.49221       10.0     -691.7     -130.7    794.4    413.5    263.0 2023  6  6  2  3 32.54000092  0.0   1
     2946  -1.6474218  101.1436442    2.96298      361.3     -747.9      340.0    195.6    109.7    128.5 2023  6  6  2  5 16.29999924  0.0   1
     2947  -1.6311429  101.1444661    2.53463      452.7     1052.1      -88.3    204.4    177.1    112.2 2023  6  6  2 11 56.61000061  0.0   1
     2948  -1.6410275  101.1364665    3.10754     -437.0      -40.8      484.6    194.6    126.2    129.4 2023  6  6  2 57 14.14999962  0.0   1
     2949  -1.6404586  101.1433268    3.01329      325.6       22.1      390.3    185.0    120.6    101.1 2023  6  6  2 57 29.37000084  0.0   1
     2950  -1.6397072  101.1515544    2.89603     1241.6      105.2      273.1    171.9     92.9    124.4 2023  6  6  2 57 54.09999847  0.0   1
     2951  -1.6367387  101.1463216    1.88001      659.2      433.4     -742.9    169.2    154.2    133.3 2023  6  6  2 58  2.06999993  0.0   1
     2952  -1.6410545  101.1521647    1.95273     1309.0      -43.8     -670.2    218.0    157.0    230.0 2023  6  6  2 58 17.95000076  0.0   1
     2953  -1.6454767  101.1428548    2.58526      273.7     -532.8      -37.7    254.1     97.6    108.3 2023  6  6  2 58 41.36999893  0.0   1
     2954  -1.6439344  101.1475423    2.70086      795.0     -362.3       77.9    144.3    103.5    118.0 2023  6  6  2 59 47.00999832  0.0   1
     2955  -1.6426444  101.1351725    3.29198     -581.1     -219.6      669.0    348.4    218.3    220.4 2023  6  6 22 40 15.80000019  0.0   1
     2961  -1.6345548  101.1213867    2.55505    -2115.0      674.9      -67.9    443.3    449.6    286.5 2023  6 27 17 47  0.12000000  0.0   1
     2962  -1.6420095  101.1398356    2.53643      -62.8     -149.4      -86.5    187.4     85.8    101.1 2023  7  4 19 19 48.45999908  0.0   1
     2964  -1.6216948  101.1029297    1.38648    -4168.9     2096.9    -1236.5    567.0    703.8    778.1 2023  7  5  0 17 41.68999863  0.0   1
     2967  -1.6442562  101.1148682    2.83826    -2840.9     -397.9      215.3    348.5    321.8    224.4 2023  7 14 23 38 10.26000023  0.0   1
     2968  -1.6413699  101.1344727    2.79925     -659.1      -78.7      176.3    182.8     94.8     81.7 2023  7 15  2  2 49.29000092  0.0   1
     2969  -1.6413273  101.1326742    2.73928     -859.0      -74.0      116.3    197.1    104.8     94.1 2023  7 15  2  5 39.86000061  0.0   1
     2972  -1.6388086  101.1343669    2.69411     -670.6      204.5       71.2    150.4    100.0     84.4 2023  7 15  9 27  6.65999985  0.0   1
     2973  -1.6398891  101.1425781    2.76244      242.9       85.0      139.5    119.1     91.0     88.3 2023  7 15  9 29 55.13999939  0.0   1
     2974  -1.6412633  101.1426270    2.63560      248.3      -66.9       12.7    135.1    100.6     97.8 2023  7 15  9 30  2.75999999  0.0   1
     2975  -1.6418140  101.1407471    2.74120       38.7     -127.8      118.3    165.1     90.9    107.0 2023  7 15  9 30 27.43000031  0.0   1
     2976  -1.6406789  101.1394938    2.52762     -100.9       -2.3      -95.3    121.8    106.6    114.1 2023  7 15  9 31 39.70999908  0.0   1
     2977  -1.6340829  101.1184733    1.92715    -2439.9      727.1     -695.8    228.4    186.8    218.5 2023  7 17 15  4 33.40000153  0.0   1
     2978  -1.6379108  101.1412842    2.59157       98.5      303.8      -31.4    128.4     79.4     96.7 2023  7 19  2  5 31.29000092  0.0   1
     2979  -1.6380430  101.1430420    3.30859      294.7      289.2      685.6    155.1    150.9    105.3 2023  7 19  2 18 47.72999954  0.0   1
     2980  -1.6440519  101.1372884    3.18930     -346.0     -375.3      566.4    199.5    115.5    117.2 2023  7 19  2 21  5.59999990  0.0   1
     2981  -1.6347923  101.1565104    2.78610     1792.7      648.6      163.2    158.5    136.6    142.5 2023  7 19  2 21  8.77999973  0.0   1
     2982  -1.6379604  101.1423014    3.19005      211.5      298.3      567.1    169.2    125.8    106.5 2023  7 19  2 59 40.54000092  0.0   1
     2983  -1.6381533  101.1416911    2.82192      144.0      277.0      199.0    144.3    107.1     73.4 2023  7 19  3  0  3.86999989  0.0   1
     2984  -1.6394232  101.1428060    2.41713      268.1      136.6     -205.8    223.5    117.5    117.7 2023  7 19  3  0 15.28999996  0.0   1
     2985  -1.6366213  101.1433919    2.53741      332.9      446.4      -85.5    115.9    170.5    143.5 2023  7 19  3  0 25.79000092  0.0   1
     2986  -1.6403960  101.1395589    3.23222      -93.5       29.0      609.3    219.0    143.5    113.7 2023  7 19  3  1  0.31999999  0.0   1
     2987  -1.6448278  101.1420003    2.77722      178.6     -461.0      154.3    154.6     98.1    102.2 2023  7 19  3  1 12.77000046  0.0   1
     2988  -1.6406005  101.1434245    2.44575      336.8        6.4     -177.2    138.9    107.4    124.9 2023  7 19  3  1 20.85000038  0.0   1
     2989  -1.6383166  101.1328857    3.05064     -835.4      258.9      427.7    156.8    109.2     87.3 2023  7 19  3  1 31.04999924  0.0   1
     2990  -1.6437033  101.1439779    2.67127      398.9     -336.7       48.3    192.4    173.3    146.2 2023  7 19  3  1 58.95000076  0.0   1
     2991  -1.6394319  101.1426270    3.34333      248.0      135.6      720.4    206.3    155.6    113.7 2023  7 19  3  2 24.22999954  0.0   1
     2992  -1.6407556  101.1354329    2.87669     -552.1      -10.8      253.7    151.2     99.3    107.2 2023  7 19  3  2 31.32999992  0.0   1
     2994  -1.6448397  101.1508382    2.76476     1161.4     -462.4      141.8    220.1    170.5    190.5 2023  7 19  3  3  5.17000008  0.0   1
     2995  -1.6421697  101.1412435    2.82375       94.6     -167.1      200.8    186.9    123.1    108.6 2023  7 19  3  3 49.45000076  0.0   1
     2996  -1.6361614  101.1446045    2.84479      468.3      497.2      221.8    146.4    147.4     89.8 2023  7 19  3  4 25.73999977  0.0   1
     2997  -1.6356695  101.1368734    2.75785     -391.9      551.6      134.9    152.2    106.5     76.3 2023  7 19  3  4 42.90000153  0.0   1
     2998  -1.6378311  101.1368164    3.06939     -398.1      312.6      446.4    190.9    145.0    113.5 2023  7 19  3  4 47.33000183  0.0   1
     2999  -1.6352308  101.1322754    3.34709     -904.2      600.1      724.2    191.6    135.2    101.3 2023  7 19  3  5 55.38999939  0.0   1
     3000  -1.6393438  101.1467936    2.57250      711.4      145.3      -50.4    135.5    132.5    130.1 2023  7 19  3  6 34.20999908  0.0   1
     3001  -1.6389744  101.1427083    2.64125      256.8      186.2       18.3    124.1    117.0    119.7 2023  7 19  3  7 18.03000069  0.0   1
     3002  -1.6456670  101.1412679    2.58679       96.5     -553.8      -36.2    135.2    132.4    135.3 2023  7 19  3  7 20.17000008  0.0   1
     3003  -1.6363514  101.1495361    3.06380     1016.9      476.2      440.9    143.8    148.2    111.0 2023  7 19  3  8 37.70999908  0.0   1
     3004  -1.6392588  101.1427979    3.04104      267.4      154.7      418.1    199.4    135.7     99.5 2023  7 19  3 10 29.87999916  0.0   1
     3005  -1.6376680  101.1435872    2.67587      354.7      330.6       52.9    124.5     98.3     94.3 2023  7 19  3 11  7.88000011  0.0   1
     3006  -1.6367814  101.1359701    2.88117     -492.8      428.7      258.2    164.2    112.7     75.3 2023  7 19  3 12 10.78999996  0.0   1
     3007  -1.6415757  101.1520264    3.02910     1294.5     -101.5      406.2    167.2    122.1    133.4 2023  7 19  3 14 29.62999916  0.0   1
     3008  -1.6401438  101.1469889    2.12212      733.9       56.9     -500.8    132.7    113.4    135.3 2023  7 19  3 14 38.36000061  0.0   1
     3009  -1.6402938  101.1389811    2.39060     -157.7       40.3     -232.3    190.6     94.8    107.1 2023  7 19  3 17 13.86999989  0.0   1
     3010  -1.6412067  101.1439453    2.78583      394.9      -60.7      162.9    229.8    184.3    138.6 2023  7 19  3 22  8.31999969  0.0   1
     3011  -1.6371090  101.1421143    2.76955      191.2      392.5      146.6    119.3    108.2     82.4 2023  7 19  3 23  0.50000000  0.0   1
     3012  -1.6400827  101.1440267    2.41448      404.2       63.6     -208.5    122.5     99.7    120.0 2023  7 19  3 23 19.36000061  0.0   1
     3013  -1.6416306  101.1401530    2.59199      -26.9     -107.5      -31.0    137.2    106.7    122.5 2023  7 19  3 23 22.77000046  0.0   1
     3014  -1.6381565  101.1402181    2.88023      -19.8      276.6      257.3    133.7    117.4     95.5 2023  7 19  3 23 38.40000153  0.0   1
     3015  -1.6391490  101.1413818    2.49846      109.5      166.9     -124.5    110.3     91.5    110.1 2023  7 19  3 24  8.73999977  0.0   1
     3016  -1.6384696  101.1382894    2.53168     -234.8      242.0      -91.3    167.6     92.8    107.5 2023  7 19  3 24 11.84000015  0.0   1
     3017  -1.6426398  101.1428711    2.95431      275.7     -219.1      331.4    161.2    112.6    102.1 2023  7 19  3 24 18.10000038  0.0   1
     3018  -1.6375577  101.1407064    2.54145       34.4      342.8      -81.5    160.6     92.4     94.4 2023  7 19  3 26 25.94000053  0.0   1
     3019  -1.6441868  101.1326579    2.61654     -861.5     -390.2       -6.4    357.9    196.8    190.0 2023  7 19  3 26 54.45000076  0.0   1
     3020  -1.6412348  101.1410726    2.90185       74.9      -63.8      278.9    195.8    134.4    117.0 2023  7 19  3 28  6.32000017  0.0   1
     3021  -1.6345083  101.1405680    3.03443       19.1      680.0      411.5    195.9    156.8    103.2 2023  7 19  3 28 11.30000019  0.0   1
     3022  -1.6406259  101.1559408    2.54049     1729.8        3.6      -82.4    161.6    149.8    138.0 2023  7 19  3 29  4.26999998  0.0   1
     3023  -1.6456595  101.1333415    2.52595     -785.2     -553.0      -97.0    141.6     96.6     89.4 2023  7 19  3 30 50.99000168  0.0   1
     3024  -1.6470360  101.1373047    2.54967     -343.9     -705.2      -73.3    202.5     92.7    104.6 2023  7 19  3 37 19.65999985  0.0   1
     3025  -1.6428314  101.1413086    2.90967      101.2     -240.3      286.7    189.2    118.6    110.9 2023  7 19  3 39 24.28000069  0.0   1
     3026  -1.6453748  101.1291748    2.52108    -1248.5     -521.5     -101.9    151.5    132.3    124.1 2023  7 19  3 48 22.11000061  0.0   1
     3027  -1.6397753  101.1351156    3.03298     -587.3       97.6      410.0    353.8    164.1    134.7 2023  7 19 19  1 51.08000183  0.0   1
     3028  -1.6431072  101.1335693    2.50505     -760.1     -270.8     -117.9    149.8     99.0    121.5 2023  7 20  1 15 46.22999954  0.0   1
     3029  -1.6417847  101.1321940    2.19559     -912.7     -124.6     -427.3    147.5     96.8    103.2 2023  7 20  1 16 25.07999992  0.0   1
     3030  -1.6391856  101.1243815    2.97396    -1781.7      162.8      351.0    188.5    182.3    142.6 2023  7 20  1 18 27.22999954  0.0   1
     3031  -1.6435504  101.1409505    2.38772       61.4     -319.8     -235.2    133.1    116.3    147.1 2023  7 20 16 59 18.79999924  0.0   1
     3032  -1.6402905  101.1352051    2.61346     -577.5       40.7       -9.5    416.5    227.6    176.6 2023  7 21  6 50 53.00999832  0.0   1
     3033  -1.6529514  101.1326172    2.11194     -865.9    -1359.3     -511.0    190.3    116.0    173.3 2023  7 21 12 31 45.83000183  0.0   1
     3034  -1.6456902  101.1335205    2.58285     -764.8     -556.4      -40.1    274.4     84.8    142.3 2023  7 23  3 56 19.47999954  0.0   1
     3037  -1.6407229  101.1383626    1.52570     -226.5       -7.2    -1097.2    176.8    160.8    206.1 2023  7 31 23 41 35.38000107  0.0   1
     3042  -1.6419748  101.1439779    3.45768      398.1     -145.6      834.7    243.9    166.5    129.6 2023  8 25 22  0  2.96000004  0.0   1
     3043  -1.6402918  101.1443685    2.90986      442.2       40.5      286.9    176.2    112.4     94.2 2023  8 25 22  1 20.63999939  0.0   1
     3044  -1.6536928  101.1316895    2.11520     -968.7    -1441.3     -507.7    206.7    110.8    202.8 2023  8 25 22  1 29.57999992  0.0   1
     3045  -1.6387758  101.1399007    2.49833      -54.9      208.1     -124.6    138.2     93.2     96.9 2023  8 25 22  1 39.70000076  0.0   1
     3046  -1.6392501  101.1437012    2.80997      367.4      155.7      187.0    150.2    104.0    106.7 2023  8 25 22  2 23.94000053  0.0   1
     3047  -1.6403289  101.1414714    2.80041      119.2       36.4      177.5    133.5     83.9     83.0 2023  8 25 22  2 28.13999939  0.0   1
     3048  -1.6426954  101.1463949    2.55004      667.2     -225.3      -72.9    127.8    133.6    143.4 2023  8 25 22  2 42.25999832  0.0   1
     3049  -1.6443985  101.1342285    2.39037     -686.1     -413.6     -232.6    250.6    115.8    121.0 2023  8 25 22  2 51.50000000  0.0   1
     3050  -1.6401936  101.1413330    2.87557      104.1       51.4      252.6    132.6    100.6     82.2 2023  8 25 22  2 58.43999863  0.0   1
     3051  -1.6444019  101.1429199    2.40747      280.4     -414.0     -215.5    839.9    655.4    602.1 2023  8 25 22  3 19.87999916  0.0   1
     3052  -1.6389353  101.1386230    2.72080     -197.8      190.5       97.9    191.2    112.9     95.5 2023  8 25 22  3 24.92000008  0.0   1
     3054  -1.6449076  101.1432699    2.66744      319.7     -469.9       44.5    163.7    104.7    110.0 2023  8 25 22  3 32.50000000  0.0   1
     3055  -1.6437798  101.1389486    3.14516     -160.7     -345.2      522.2    144.8     98.7    109.9 2023  8 25 22  3 45.52000046  0.0   1
     3056  -1.6475637  101.1238363    2.05065    -1842.4     -763.6     -572.3    149.3    121.4    190.0 2023  8 25 22  4 22.10000038  0.0   1
     3057  -1.6442273  101.1472819    3.30844      765.7     -394.6      685.5    193.6    120.2    119.7 2023  8 25 22  4 39.36000061  0.0   1
     3058  -1.6424075  101.1385010    3.31530     -211.1     -193.4      692.4    189.6    139.5    128.6 2023  8 25 22  4 42.74000168  0.0   1
     3059  -1.6401649  101.1510742    2.40531     1188.0       54.5     -217.6    142.7    116.0    130.5 2023  8 25 22  5 22.65999985  0.0   1
     3060  -1.6352704  101.1580729    2.33563     1966.5      595.7     -287.3    195.6    132.6    214.7 2023  8 25 22  5 45.79999924  0.0   1
     3061  -1.6396887  101.1321859    3.05229     -913.7      107.2      429.3    158.3     85.1     85.3 2023  8 25 22  7 34.09999847  0.0   1
     3062  -1.6421953  101.1413900    2.71023      110.2     -170.0       87.3    142.0    108.7    117.7 2023  8 25 22  9 17.42000008  0.0   1
     3063  -1.6437636  101.1429362    2.55930      282.5     -343.4      -63.6    131.4    115.5    126.1 2023  8 25 22  9 21.89999962  0.0   1
     3064  -1.6380822  101.1368408    3.24379     -395.6      284.8      620.8    178.2    167.0    123.6 2023  8 25 22  9 33.65999985  0.0   1
     3065  -1.6308587  101.1681478    1.14006     3087.7     1083.6    -1482.9    399.5    521.9    677.4 2023  8 25 22  9 50.97999954  0.0   1
     3066  -1.6441246  101.1545166    2.38011     1571.5     -383.3     -242.8    237.6    174.8    227.4 2023  8 25 22 11 54.90000153  0.0   1
     3067  -1.6409011  101.1538167    3.15455     1492.9      -26.9      531.6    270.1    207.1    181.0 2023  8 25 22 12 15.19999981  0.0   1
     3068  -1.6417446  101.1581055    2.10067     1970.5     -120.1     -522.3    253.6    187.4    260.7 2023  8 25 22 14 11.64000034  0.0   1
     3069  -1.6432767  101.1411621    2.51938       85.4     -289.5     -103.6    417.5    232.5    214.5 2023  8 28 21 39 39.09999847  0.0   1
     3070  -1.6479167  101.1257080    2.26310    -1634.4     -802.6     -359.8    229.9    145.6    228.8 2023  8 28 22  8 57.27999878  0.0   1
     3071  -1.6363066  101.1403890    2.60780       -0.5      481.2      -15.1    128.5    118.2    105.8 2023  8 29 14 22 51.02999878  0.0   1
     3072  -1.6406517  101.1339762    2.96013     -714.7        0.7      337.2    213.0    113.7     89.8 2023  8 29 18 13 50.74000168  0.0   1
     3074  -1.6450081  101.1459554    2.78551      618.6     -481.0      162.6    194.8    162.7    144.3 2023  8 30  1 31 17.67000008  0.0   1
     3075  -1.6433236  101.1350586    2.17873     -594.0     -294.7     -444.2    650.6    256.4    292.2 2023  8 30  5 46 14.44999981  0.0   1
     3076  -1.6380300  101.1464681    2.32846      675.3      290.6     -294.5    183.2    117.6    123.3 2023  8 30  5 46 27.07999992  0.0   1
     3077  -1.6419721  101.1466797    2.51361      699.2     -145.3     -109.3    208.0    143.9    149.5 2023  8 30  5 47  3.69000006  0.0   1
     3078  -1.6447436  101.1333903    2.59300     -779.4     -451.7      -29.9    203.7    125.0    109.3 2023  8 30  5 47  5.53999996  0.0   1
     3079  -1.6418331  101.1415039    2.57827      123.6     -129.9      -44.7    555.7     98.0    156.0 2023  8 30  5 47 14.06000042  0.0   1
     3080  -1.6445877  101.1516276    2.57011     1249.9     -434.5      -52.8    183.4    173.5    173.4 2023  8 30  5 47 22.72999954  0.0   1
     3081  -1.6415868  101.1420492    2.07231      184.2     -102.7     -550.6    219.1    177.7    173.0 2023  8 30  5 47 28.44000053  0.0   1
     3082  -1.6458899  101.1609375    0.66851     2285.9     -578.5    -1954.4    214.0    293.1    415.4 2023  8 30  5 47 37.99000168  0.0   1
     3083  -1.6423547  101.1330078    1.39506     -821.9     -187.6    -1227.9    505.8    292.7    355.6 2023  8 30  5 47 51.20000076  0.0   1
     3084  -1.6441531  101.1443197    2.74287      436.8     -386.4      119.9    191.6     99.0    109.3 2023  8 30  5 50 22.00000000  0.0   1
     3085  -1.6409466  101.1413167    2.32033      102.4      -31.9     -302.6    191.3    148.9    119.0 2023  8 30  5 50 28.25000000  0.0   1
     3086  -1.6464825  101.1545817    3.42798     1578.2     -644.0      805.0    187.1    169.5    176.4 2023  8 30 14 17 58.83000183  0.0   1
     3087  -1.6393194  101.1505859    2.78957     1133.4      148.0      166.6    174.2    146.2    136.8 2023  8 30 14 22 58.09000015  0.0   1
     3088  -1.6437883  101.1375651    1.93581     -314.9     -346.1     -687.1    228.2    111.0    146.1 2023  8 30 14 35 52.65000153  0.0   1
     3094  -1.6412439  101.1391764    2.55291     -135.4      -64.8      -70.0    114.8    109.5    123.8 2023  9 13 15 18 58.20999908  0.0   1
     3095  -1.6424086  101.1461182    2.34679      636.4     -193.6     -276.2    156.1    113.7    144.8 2023  9 14 16  1  7.05999994  0.0   1
     3096  -1.6406728  101.1539307    2.44095     1506.3       -1.6     -182.0    149.3     98.5    128.3 2023  9 14 16  1 16.52000046  0.0   1
     3097  -1.6454425  101.1399902    2.80396      -45.7     -529.0      181.0    604.7    175.4    167.1 2023  9 14 16  1 24.82999992  0.0   1
     3098  -1.6526160  101.1425293    2.88902      237.2    -1322.2      266.1    253.8    199.8    234.1 2023  9 14 16  3 59.18000031  0.0   1
     3099  -1.6422914  101.1402262    2.55895      -19.3     -180.6      -64.0    142.5     82.5    111.9 2023  9 14 16  4  8.14000034  0.0   1
     3100  -1.6408881  101.1431152    3.28849      302.4      -25.4      665.6    314.2    168.2    129.4 2023  9 14 16  7 36.65999985  0.0   1
     3101  -1.6416748  101.1404867    2.61490       10.0     -112.4       -8.0    183.5     78.5     99.9 2023  9 14 16  7 43.02999878  0.0   1
     3102  -1.6440594  101.1271240    1.62208    -1477.1     -376.1    -1000.9    199.7    155.4    186.8 2023  9 14 16 10 57.36000061  0.0   1
     3103  -1.6447540  101.1465007    2.89395      679.1     -452.9      271.0    143.5     82.8    107.8 2023  9 14 16 11 12.31000042  0.0   1
     3104  -1.6471586  101.1525228    2.59044     1349.1     -718.8      -32.5    139.9    185.5    200.8 2023  9 14 16 11 17.97999954  0.0   1
     3105  -1.6420078  101.1396484    2.68720      -83.1     -149.2       64.3    168.3     68.6     96.5 2023  9 14 16 23 25.43000031  0.0   1
     3106  -1.6443237  101.1395589    2.86775      -93.7     -405.3      244.8    179.4     95.7    105.5 2023  9 14 16 23 33.90000153  0.0   1
     3107  -1.6455078  101.1398193    2.57791      -64.0     -536.2      -45.0    163.2    113.5    132.7 2023  9 14 16 23 52.75999832  0.0   1
     3108  -1.6450998  101.1359945    2.85236     -489.5     -491.1      229.4    200.0    110.4    121.1 2023  9 14 16 23 59.08000183  0.0   1
     3109  -1.6451140  101.1426839    3.02543      254.3     -492.7      402.5    209.8    105.7    136.2 2023  9 14 16 24  4.69000006  0.0   1
     3110  -1.6413222  101.1400798    2.44137      -35.0      -73.4     -181.6    157.9     74.9    103.7 2023  9 14 16 24 13.52000046  0.0   1
     3111  -1.6406474  101.1423014    2.49497      212.0        1.2     -128.0    104.3     81.4    104.7 2023  9 14 16 24 25.40999985  0.0   1
     3112  -1.6444736  101.1398600    2.63456      -59.6     -421.9       11.6    200.4    103.2    101.5 2023  9 14 16 24 54.75000000  0.0   1
     3113  -1.6451712  101.1399577    2.72423      -48.5     -499.0      101.3    135.3     85.6    104.9 2023  9 14 16 24 59.38000107  0.0   1
     3114  -1.6428547  101.1380452    2.29661     -261.6     -242.9     -326.3    166.2    108.1    118.9 2023  9 14 16 25  6.48000002  0.0   1
     3115  -1.6401315  101.1460531    2.31379      629.0       58.2     -309.2    133.7    109.4    131.1 2023  9 14 16 25 25.75000000  0.0   1
     3116  -1.6429433  101.1459798    2.44017      621.6     -252.7     -182.8    126.0    132.5    132.2 2023  9 14 16 25 28.45000076  0.0   1
     3117  -1.6454681  101.1239176    2.06889    -1833.8     -531.9     -554.1    154.5    146.2    145.3 2023  9 14 16 25 34.34999847  0.0   1
     3118  -1.6470075  101.1286051    0.95833    -1312.4     -702.1    -1663.6    271.8    207.2    363.6 2023  9 14 16 25 42.66999817  0.0   1
     3119  -1.6432766  101.1403646    2.30878       -3.2     -289.5     -314.2    146.7    126.9    125.2 2023  9 14 16 25 48.11999893  0.0   1
     3120  -1.6393560  101.1375244    2.26505     -319.9      144.0     -357.9    157.9     95.9    107.4 2023  9 14 16 25 56.81999969  0.0   1
     3121  -1.6368927  101.1434001    2.56047      334.3      416.4      -62.5     95.3     94.1    104.2 2023  9 14 16 26  2.75999999  0.0   1
     3122  -1.6381107  101.1408203    2.71060       47.0      281.7       87.7    139.5    105.5     96.1 2023  9 14 16 26 23.64999962  0.0   1
     3123  -1.6406039  101.1494629    3.18217     1008.5        6.0      559.2    162.7    121.3    136.7 2023  9 14 16 26 34.95999908  0.0   1
     3124  -1.6423667  101.1418294    2.81707      158.9     -188.9      194.1    167.5    142.0    139.7 2023  9 14 16 26 48.50000000  0.0   1
     3125  -1.6458205  101.1363851    1.91802     -446.7     -570.8     -704.9    336.1    191.2    249.3 2023  9 14 16 27  6.15000010  0.0   1
     3126  -1.6434155  101.1405029    2.47437       11.4     -304.9     -148.6    178.9    127.4    115.9 2023  9 14 16 27 14.25000000  0.0   1
     3127  -1.6377739  101.1433838    2.35790      332.1      318.9     -265.0    109.7     83.9    107.7 2023  9 14 16 27 17.69000053  0.0   1
     3128  -1.6391360  101.1461914    2.10249      644.6      168.3     -520.5    117.9    141.2    139.7 2023  9 14 16 27 22.95999908  0.0   1
     3129  -1.6367107  101.1450846    2.52863      521.6      436.5      -94.3    137.0    108.5    126.7 2023  9 14 16 27 30.12000084  0.0   1
     3130  -1.6375568  101.1411296    3.01852       81.5      342.9      395.6    208.6    116.1    111.2 2023  9 14 16 27 36.08000183  0.0   1
     3131  -1.6367550  101.1506673    2.31322     1143.2      431.6     -309.7    167.4     99.6    140.2 2023  9 14 16 28  5.15999985  0.0   1
     3132  -1.6425913  101.1458903    2.33648      610.9     -213.8     -286.5    143.2    101.4    145.0 2023  9 14 16 28 10.97999954  0.0   1
     3133  -1.6412423  101.1427653    2.69765      263.3      -64.6       74.7    149.4     94.9    100.6 2023  9 14 16 28 18.73999977  0.0   1
     3134  -1.6430557  101.1540853    2.42809     1522.9     -265.1     -194.9    226.3    149.1    210.5 2023  9 14 16 28 27.96999931  0.0   1
     3135  -1.6418797  101.1468099    2.24368      713.2     -135.1     -379.3    170.0    103.7    151.3 2023  9 14 16 28 40.47999954  0.0   1
     3136  -1.6482095  101.1404948    2.08579       10.8     -835.0     -537.1    240.4    153.6    190.5 2023  9 14 16 28 47.25999832  0.0   1
     3137  -1.6445272  101.1402751    2.52815      -13.8     -427.8      -94.8    164.1    119.3    136.6 2023  9 14 16 28 51.58000183  0.0   1
     3138  -1.6470095  101.1251058    1.50240    -1701.4     -702.3    -1120.5    139.1    123.0    205.0 2023  9 14 16 29 41.08000183  0.0   1
     3139  -1.6418720  101.1439941    2.41507      400.5     -134.2     -207.9    145.3    114.5    124.4 2023  9 14 16 29 46.22999954  0.0   1
     3140  -1.6441021  101.1416016    2.56467      134.2     -380.8      -58.3    211.3    118.6    134.4 2023  9 14 16 29 52.25999832  0.0   1
     3141  -1.6418855  101.1455648    2.65782      575.1     -135.7       34.9    127.0     98.6    126.9 2023  9 14 16 32  8.39999962  0.0   1
     3142  -1.6404677  101.1434733    2.43041      342.1       21.1     -192.5    101.4    107.5    117.7 2023  9 14 16 32 17.73999977  0.0   1
     3143  -1.6366384  101.1570394    1.98361     1852.2      444.5     -639.3    125.0    169.1    174.4 2023  9 14 16 32 30.69000053  0.0   1
     3144  -1.6387123  101.1409505    2.60418       61.5      215.2      -18.8    119.1     88.0    102.0 2023  9 14 16 32 37.11000061  0.0   1
     3145  -1.6416552  101.1304362    2.90514    -1108.7     -110.2      282.2    170.3    106.1     68.6 2023  9 14 16 32 59.11000061  0.0   1
     3146  -1.6357240  101.1544108    2.71473     1559.3      545.6       91.8    130.5    104.6    113.0 2023  9 14 16 34 11.01000023  0.0   1
     3147  -1.6421185  101.1581787    1.90691     1978.6     -161.5     -716.0    172.6    152.2    170.2 2023  9 14 16 34 40.43000031  0.0   1
     3148  -1.6389080  101.1432943    2.47425      322.4      193.5     -148.7    139.7     64.3    103.9 2023  9 14 16 34 47.56999969  0.0   1
     3149  -1.6385612  101.1586507    2.94433     2031.4      231.9      321.4    336.0    190.9    301.7 2023  9 14 16 34 58.79000092  0.0   1
     3150  -1.6472747  101.1304932    2.08261    -1101.8     -731.6     -540.3    234.8    159.2    139.2 2023  9 14 16 36 23.40999985  0.0   1
     3151  -1.6396678  101.1299072    2.35156    -1167.4      109.5     -271.4    229.2    109.3    166.7 2023  9 14 16 38 46.27000046  0.0   1
     3152  -1.6437709  101.1464437    3.36797      672.6     -344.2      745.0    208.4    110.1    132.0 2023  9 14 16 39 22.14999962  0.0   1
     3153  -1.6443176  101.1504801    2.46832     1122.1     -404.6     -154.6    174.0    112.9    139.5 2023  9 14 16 40 10.57999992  0.0   1
     3154  -1.6432807  101.1390299    2.34722     -151.7     -290.0     -275.7    325.0    107.4    107.8 2023  9 14 16 40 29.72999954  0.0   1
     3155  -1.6385361  101.1432780    2.99434      321.0      234.7      371.4    136.4    110.2    104.0 2023  9 14 16 42 57.52000046  0.0   1
     3156  -1.6429709  101.1439372    2.55485      393.5     -255.7      -68.1    178.2    128.9    145.8 2023  9 14 16 43 40.40999985  0.0   1
     3157  -1.6387900  101.1418864    2.63329      165.5      206.6       10.3    256.1    118.7    110.6 2023  9 14 16 48 22.35000038  0.0   1
     3158  -1.6429843  101.1483073    2.62834      880.1     -257.2        5.4    194.4    149.6    165.0 2023  9 14 16 48 45.50999832  0.0   1
     3159  -1.6430239  101.1652669    0.35282     2767.2     -261.6    -2270.1    373.7    399.3   1141.5 2023  9 14 16 51 31.97999954  0.0   1
     3160  -1.6450134  101.1488281    2.61860      938.0     -481.6       -4.3    156.6    139.9    167.6 2023  9 14 16 56  2.07999992  0.0   1
     3161  -1.6413897  101.1455892    2.62879      577.5      -80.9        5.8    146.7    121.9    142.4 2023  9 14 17  0 13.88000011  0.0   1
     3162  -1.6331167  101.1448079    1.32190      490.4      833.9    -1301.0    351.8    311.7    239.7 2023  9 14 17 16  3.20000005  0.0   1
     3163  -1.6428008  101.1456624    2.59354      585.8     -236.9      -29.4    128.5    109.5    113.3 2023  9 14 17 16 12.60000038  0.0   1
     3164  -1.6440496  101.1355387    2.33671     -541.0     -375.0     -286.2    269.5    111.6    109.7 2023  9 14 17 16 20.60000038  0.0   1
     3165  -1.6419397  101.1358398    2.44066     -506.7     -141.7     -182.3    163.3     91.0    104.4 2023  9 14 17 22 43.41999817  0.0   1
     3166  -1.6438567  101.1375570    2.55852     -316.1     -353.7      -64.4    148.5     91.1    118.5 2023  9 14 17 23  1.67999995  0.0   1
     3167  -1.6466717  101.1394694    2.84651     -102.8     -664.9      223.6    203.7    134.9    159.5 2023  9 14 17 23  3.44000006  0.0   1
     3168  -1.6413203  101.1394124    2.71981     -109.8      -73.2       96.9    161.2     78.7     89.4 2023  9 14 17 23 38.47999954  0.0   1
     3169  -1.6445534  101.1362142    2.51225     -465.1     -430.7     -110.7    190.5     90.0    104.5 2023  9 14 17 24 47.47999954  0.0   1
     3170  -1.6424294  101.1365641    2.41829     -426.2     -195.8     -204.7    180.6     90.4    128.2 2023  9 14 18  6 58.63999939  0.0   1
     3172  -1.6428003  101.1411784    2.49313       86.8     -236.9     -129.8    383.7    139.0    150.4 2023  9 15 17 48 41.77999878  0.0   1
     3173  -1.6383288  101.1433350    2.76281      327.1      257.6      139.9    141.2    113.1    102.1 2023  9 15 17 50 48.40000153  0.0   1
     3174  -1.6448533  101.1397217    2.64533      -74.8     -463.9       22.4    240.6    169.4    149.1 2023  9 15 17 51  9.39999962  0.0   1
     3175  -1.6365752  101.1413167    2.79225      102.8      451.5      169.3    102.5    175.5    125.8 2023  9 18  5 36 41.97999954  0.0   1
     3176  -1.6417769  101.1410563    2.79013       73.1     -123.7      167.2    159.4    115.7    123.1 2023  9 18 16 33 14.22000027  0.0   1
     3177  -1.6358831  101.1436768    3.42886      364.7      528.0      805.9    199.9    164.0    109.6 2023  9 19 22 37 53.88000107  0.0   1
     3178  -1.6404463  101.1425781    2.68592      243.0       23.4       63.0    124.5     86.3     87.2 2023  9 20 20 41 28.63999939  0.0   1
     3179  -1.6416061  101.1461507    2.64188      640.0     -104.8       18.9    173.2    140.4    157.7 2023  9 21  3 26 18.59000015  0.0   1
     3180  -1.6390350  101.1544434    2.76647     1563.0      179.5      143.5    150.7    129.3    147.3 2023  9 21  3 26 48.38999939  0.0   1
     3181  -1.6387342  101.1438395    3.16045      383.2      212.7      537.5    135.8    129.6    100.8 2023  9 21  3 26 59.63000107  0.0   1
     3182  -1.6439279  101.1245850    1.78018    -1759.6     -361.5     -842.8    270.2    173.6    373.0 2023  9 21  3 27 59.75000000  0.0   1
     3183  -1.6381719  101.1520752    2.61434     1299.4      274.9       -8.6    165.2    215.9    187.4 2023  9 21  3 28  2.72000003  0.0   1
     3184  -1.6393675  101.1451172    2.78220      525.2      142.7      159.3    117.5    125.3    125.5 2023  9 21  3 28 44.74000168  0.0   1
     3185  -1.6428539  101.1180583    0.99884    -2485.5     -242.8    -1624.1    331.0    327.3    559.2 2023  9 21  3 37 14.60999966  0.0   1
     3186  -1.6460262  101.1446045    2.47336      467.9     -593.6     -149.6    188.0    151.6    143.5 2023  9 21  3 43  8.53999996  0.0   1
     3187  -1.6439983  101.1421468    2.47577      194.7     -369.3     -147.2    178.4    133.3    132.9 2023  9 21  3 43 36.95999908  0.0   1
     3188  -1.6414439  101.1420980    3.41022      189.4      -86.9      787.3    242.7    143.6    125.2 2023  9 21  3 44 35.31000137  0.0   1
     3189  -1.6391792  101.1412028    2.97037       89.3      163.5      347.4    195.2    130.6    106.9 2023  9 21  3 45  0.40000001  0.0   1
     3190  -1.6379876  101.1399984    2.59827      -44.5      295.3      -24.7    151.6    111.5    101.0 2023  9 21  3 46 23.75000000  0.0   1
     3191  -1.6408861  101.1439209    2.89886      392.3      -25.2      275.9    147.1    113.7     92.5 2023  9 21  3 47 35.90000153  0.0   1
     3192  -1.6395924  101.1466634    2.83113      696.9      117.8      208.2    129.7    160.0    121.8 2023  9 21  3 47 45.47000122  0.0   1
     3193  -1.6404193  101.1429199    2.82223      281.0       26.4      199.3    136.2    107.1     94.8 2023  9 21  3 50 10.31999969  0.0   1
     3194  -1.6342178  101.1398682    3.00040      -58.6      712.1      377.5    184.5    117.1     83.6 2023  9 21  3 51 53.75000000  0.0   1
     3195  -1.6367711  101.1436198    3.23111      359.0      429.8      608.2    189.7    161.0    119.2 2023  9 21  3 54 41.15999985  0.0   1
     3196  -1.6358159  101.1557780    2.90991     1711.0      535.4      287.0    208.6    149.6    147.9 2023  9 21  3 54 56.18999863  0.0   1
     3197  -1.6367963  101.1471110    3.12731      747.2      427.0      504.4    140.8    145.4    105.0 2023  9 21  3 55  2.20000005  0.0   1
     3198  -1.6396907  101.1471029    2.76545      746.2      107.0      142.5    110.5    115.9    106.3 2023  9 21  3 57 10.92000008  0.0   1
     3200  -1.6407003  101.1657552    2.05818     2821.6       -4.7     -564.8    430.5    475.5    487.1 2023  9 21 18  0 24.65999985  0.0   1
     3202  -1.6431847  101.1468913    3.03786      722.3     -279.4      414.9    213.9    162.2    164.1 2023  9 21 18  2 53.29999924  0.0   1
     3203  -1.6412551  101.1409261    2.57002       58.9      -66.0      -52.9    154.2    111.7    120.0 2023  9 21 18  3  1.86000001  0.0   1
     3204  -1.6392113  101.1489339    2.51024      949.8      160.0     -112.7    162.8    107.9    116.9 2023  9 21 18  3  6.84000015  0.0   1
     3206  -1.6399385  101.1536784    2.60861     1478.1       79.6      -14.3    271.1    170.0    217.3 2023  9 21 18  3 58.45999908  0.0   1
     3207  -1.6371119  101.1589437    1.75142     2063.7      392.1     -871.5    119.7    154.6    205.7 2023  9 21 18  4  4.84000015  0.0   1
     3208  -1.6415833  101.1436198    2.66175      358.4     -102.3       38.8    133.7    114.7    124.1 2023  9 21 18  4  8.68000031  0.0   1
     3209  -1.6454461  101.1397135    3.01604      -76.0     -529.4      393.1    220.4    135.6    125.7 2023  9 21 18  5 31.94000053  0.0   1
     3210  -1.6433044  101.1404622    2.89783        7.1     -292.6      274.9    249.9     83.9     99.1 2023  9 21 18  5 48.38000107  0.0   1
     3211  -1.6529179  101.1235921    2.15119    -1870.3    -1355.6     -471.7    156.8    124.4    182.9 2023  9 21 18  6 39.50000000  0.0   1
     3212  -1.6469228  101.1362467    3.00904     -462.2     -692.7      386.1    232.2    131.0    136.8 2023  9 21 18 40 21.60000038  0.0   1
     3213  -1.6394253  101.1521484    2.98539     1308.1      136.3      362.4    142.3    112.9    122.5 2023  9 28  7  5  1.83000004  0.0   1
     3214  -1.6375248  101.1458740    2.90167      609.0      346.5      278.7    132.3    115.1     96.8 2023  9 28  7 39  3.82999992  0.0   1
     3215  -1.6435455  101.1442790    2.69825      432.1     -319.3       75.3    131.7    133.7    126.0 2023  9 28  7 40  2.51999998  0.0   1
     3216  -1.6392698  101.1485270    2.60862      904.8      153.5      -14.3    120.5    116.3    119.8 2023  9 28  7 55 56.93999863  0.0   1
     3217  -1.6404116  101.1444092    2.61808      446.1       27.3       -4.9    114.3     86.3    110.8 2023  9 28  7 56  5.48999977  0.0   1
     3218  -1.6454461  101.1465658    2.41599      686.5     -529.4     -207.0     96.0    151.2    158.4 2023  9 28  7 56 11.47999954  0.0   1
     3219  -1.6377619  101.1444743    3.36292      453.5      320.3      740.0    158.6    124.6    108.9 2023  9 28  7 57 46.27000046  0.0   1
     3220  -1.6436876  101.1490234    2.42553      959.7     -335.0     -197.4    251.8    137.1    215.0 2023  9 28  7 59 35.90000153  0.0   1
     3221  -1.6419403  101.1426758    2.40950      253.8     -141.8     -213.4    180.5    111.5    125.8 2023  9 28  8  1 35.72000122  0.0   1
     3222  -1.6384853  101.1472575    2.34933      763.6      240.3     -273.6    165.2    129.2    142.5 2023  9 28  8  2  3.35999990  0.0   1
     3223  -1.6416195  101.1461914    2.59647      644.8     -106.3      -26.5    151.1    129.7    135.8 2023  9 28  8  2 40.31000137  0.0   1
     3224  -1.6396829  101.1476562    2.29544      807.5      107.8     -327.5    159.8     93.0    147.8 2023  9 28  8  7 49.70999908  0.0   1
     3225  -1.6424650  101.1458415    2.44048      605.5     -199.8     -182.5    136.9    110.0    142.8 2023  9 28  8 13  6.84000015  0.0   1
     3226  -1.6392948  101.1464925    2.47026      678.3      150.8     -152.7    145.4    111.5    124.1 2023  9 28  8 15 50.84999847  0.0   1
     3227  -1.6439002  101.1435221    2.38134      347.3     -358.5     -241.6    143.0    149.9    163.7 2023  9 28  8 15 58.18999863  0.0   1
     3228  -1.6432481  101.1467855    2.69031      711.3     -286.4       67.4    144.3     89.5    112.6 2023  9 28  8 17  0.49000001  0.0   1
     3229  -1.6389781  101.1454102    2.53647      557.7      185.8      -86.5    180.3    112.0    115.0 2023  9 28  8 17 24.29000092  0.0   1
     3230  -1.6412061  101.1445882    2.73273      466.3      -60.6      109.8    124.4     91.6    107.4 2023  9 28  8 19 49.29999924  0.0   1
     3231  -1.6411029  101.1408122    2.60142       46.3      -49.2      -21.5    182.9     85.9    100.3 2023  9 28  8 20 55.52000046  0.0   1
     3232  -1.6404583  101.1461426    2.56981      639.7       22.1      -53.1    137.0     91.2    120.3 2023  9 28  8 26 42.88000107  0.0   1
     3233  -1.6421548  101.1469401    2.41274      728.3     -165.5     -210.2    151.5     96.7    153.7 2023  9 28  8 26 46.84000015  0.0   1
     3234  -1.6416344  101.1438639    2.72430      386.2     -107.9      101.4    136.8    101.0    122.2 2023  9 28  8 27  2.09999990  0.0   1
     3235  -1.6431880  101.1464193    2.34462      669.9     -279.7     -278.3    244.7    159.5    182.1 2023  9 28  8 29 31.02000046  0.0   1
     3236  -1.6419402  101.1450602    2.54279      518.8     -141.8      -80.2    150.7    132.8    126.8 2023  9 28  8 33 52.38000107  0.0   1
     3237  -1.6416569  101.1423014    2.50238      211.8     -110.4     -120.6    113.9     97.1    115.2 2023  9 28  8 34 52.70000076  0.0   1
     3238  -1.6399232  101.1418457    2.75231      161.3       81.3      129.4    138.0     75.4     89.5 2023  9 28  8 35 23.65999985  0.0   1
     3239  -1.6384469  101.1458984    2.17815      611.7      244.5     -444.8    141.6     95.6    124.7 2023  9 28  8 35 37.04000092  0.0   1
     3240  -1.6421121  101.1407064    2.61330       34.6     -160.8       -9.6    178.0     99.5    106.3 2023  9 28  8 36  6.26000023  0.0   1
     3241  -1.6413790  101.1445964    2.49186      467.2      -79.7     -131.1    124.9     99.3    126.3 2023  9 28  8 36  9.26000023  0.0   1
     3242  -1.6438820  101.1458984    2.51631      612.0     -356.5     -106.6    149.1     94.9    144.4 2023  9 28  8 36 18.69000053  0.0   1
     3243  -1.6429353  101.1372477    2.89861     -350.6     -251.8      275.7    196.9     95.6     99.6 2023  9 28  8 36 33.70999908  0.0   1
     3244  -1.6461573  101.1424642    2.24302      230.3     -608.1     -379.9    151.8    117.6    163.8 2023  9 28  8 36 39.86999893  0.0   1
     3245  -1.6504087  101.1420736    2.38066      186.2    -1078.1     -242.3    524.3    231.4    259.1 2023  9 28  8 37 37.74000168  0.0   1
     3246  -1.6404396  101.1421224    2.68736      191.8       24.2       64.4    119.0     76.6     96.1 2023  9 28  8 37 40.75999832  0.0   1
     3247  -1.6410163  101.1416585    2.78319      140.2      -39.6      160.2    140.0     81.8     89.4 2023  9 28  8 38  9.71000004  0.0   1
     3248  -1.6383286  101.1457438    2.59136      595.4      257.6      -31.6    126.9    107.7    119.4 2023  9 28  8 39  3.31999993  0.0   1
     3249  -1.6413798  101.1419678    2.73302      175.1      -79.8      110.1    132.1     74.5     82.6 2023  9 28  8 39 16.25000000  0.0   1
     3250  -1.6409997  101.1414958    2.69723      121.8      -37.8       74.3    118.9    152.4    133.9 2023  9 28  8 39 29.69000053  0.0   1
     3251  -1.6406915  101.1418538    2.73544      161.7       -3.7      112.5    150.0    101.3    113.0 2023  9 28  8 40 15.93999958  0.0   1
     3252  -1.6411455  101.1459554    2.62118      618.6      -53.9       -1.8    138.1    110.7    121.8 2023  9 28  8 40 38.47999954  0.0   1
     3253  -1.6427564  101.1406250    2.72079       25.1     -232.0       97.8    156.5     87.4    108.5 2023  9 28  8 40 41.38000107  0.0   1
     3254  -1.6456684  101.1423665    2.64209      219.3     -554.0       19.1    172.8    112.9    142.8 2023  9 28  8 41  2.16000009  0.0   1
     3255  -1.6424446  101.1478597    2.59215      830.1     -197.5      -30.8    221.6    148.8    119.2 2023  9 28  8 41 20.87999916  0.0   1
     3256  -1.6395861  101.1413493    2.58838      106.1      118.5      -34.6    113.2     81.0    104.9 2023  9 28  8 41 55.04999924  0.0   1
     3257  -1.6388457  101.1470052    3.29516      735.7      200.4      672.2    166.8    126.1    110.8 2023  9 28  8 42 14.56999969  0.0   1
     3258  -1.6448597  101.1405273    2.77558       14.9     -464.6      152.6    168.3    104.8    114.6 2023  9 28  8 42 19.54999924  0.0   1
     3259  -1.6450024  101.1488118    2.42024      936.1     -480.3     -202.7     91.1    145.8    165.4 2023  9 28  8 43 54.72999954  0.0   1
     3260  -1.6491609  101.1450846    1.94355      521.4     -940.2     -679.4    174.3    132.7    179.3 2023  9 28  8 44 16.90999985  0.0   1
     3261  -1.6389406  101.1443359    2.98150      438.4      189.9      358.6    136.2    102.0    104.9 2023  9 28  8 44 28.37999916  0.0   1
     3262  -1.6403885  101.1411865    2.84868       87.9       29.8      225.7    140.3    112.2    105.4 2023  9 28  8 47 19.86000061  0.0   1
     3263  -1.6417165  101.1443441    2.61381      439.4     -117.0       -9.1    136.0    108.0    108.6 2023  9 28  8 47 33.06999969  0.0   1
     3264  -1.6427845  101.1404378    2.93120        4.8     -235.1      308.3    196.0    124.2    122.8 2023  9 28  8 51 42.25999832  0.0   1
     3265  -1.6428733  101.1398926    2.76781      -55.7     -244.9      144.9    156.6     88.5     83.4 2023  9 28  8 59 46.52999878  0.0   1
     3266  -1.6414792  101.1438151    2.53448      380.5      -90.8      -88.5    122.5     77.5    105.8 2023  9 28  9  4 21.27000046  0.0   1
     3267  -1.6426637  101.1415039    2.70490      123.5     -221.8       82.0    159.7     88.8     99.6 2023  9 28  9  5 15.84000015  0.0   1
     3268  -1.6421666  101.1457194    2.64375      592.1     -166.8       20.8    135.2     96.8    132.2 2023  9 28  9 10 20.37000084  0.0   1
     3269  -1.6436450  101.1332194    2.87348     -798.8     -330.3      250.5    174.9    112.4    104.5 2023  9 28  9 17 17.36000061  0.0   1
     3270  -1.6383429  101.1409505    2.66848       61.3      256.0       45.5    132.1    112.1    114.1 2023 10  5  7 35 44.90999985  0.0   1
     3271  -1.6130711  101.1353678    2.22502     -560.1     3050.4     -397.9    473.9    304.7    196.3 2023 10  8  0 46  1.73000002  0.0   1
     3272  -1.6131823  101.1321126    2.48558     -922.0     3038.1     -137.4    520.3    278.8    253.6 2023 10  8  0 46 50.84000015  0.0   1
     3273  -1.6363169  101.1358236    3.20183     -508.9      480.0      578.9    177.4    122.5     99.6 2023 10  9 12  0 57.20999908  0.0   1
     3274  -1.6360597  101.1596598    2.66858     2143.7      508.5       45.6    195.4    126.5    185.7 2023 10  9 13 10 28.75000000  0.0   1
     3275  -1.6420663  101.1462484    2.34625      651.3     -155.7     -276.7    172.4    142.1    147.4 2023 10 10  8 52 47.47999954  0.0   1
     3276  -1.6466952  101.1457601    3.09178      597.0     -667.5      468.8    151.5     88.5    122.7 2023 10 12  2  8 51.72999954  0.0   1
     3277  -1.6460350  101.1452474    2.46600      539.5     -594.5     -156.9    132.5    117.6    138.1 2023 10 12  2 25 53.88999939  0.0   1
     3278  -1.6515886  101.1434245    2.58495      336.7    -1208.6      -38.0    187.6    160.7    172.4 2023 10 12  2 26 44.36999893  0.0   1
     3279  -1.6456999  101.1399007    2.68213      -54.9     -557.5       59.2    154.4    112.8    117.7 2023 10 12  7 33 35.72000122  0.0   1
     3280  -1.6403826  101.1354574    2.89659     -549.5       30.5      273.6    276.1    157.2    144.6 2023 10 12  7 35 26.72999954  0.0   1
     3281  -1.6365774  101.1436035    3.15624      356.6      451.2      533.3    149.4    121.0     91.0 2023 10 12  7 44 21.15999985  0.0   1
     3282  -1.6361221  101.1459147    3.27409      613.9      501.6      651.1    156.2    149.7    110.7 2023 10 14  8 24 30.54000092  0.0   1
     3283  -1.6368495  101.1453044    3.44644      546.1      421.2      823.5    180.6    152.0    101.2 2023 10 14 10 32 46.22999954  0.0   1
     3284  -1.6376970  101.1416504    2.91419      139.5      327.4      291.2    206.7    152.6    109.6 2023 10 14 16 31 41.02000046  0.0   1
     3285  -1.6402323  101.1368815    3.51955     -391.4       47.1      896.6    195.7    177.0    128.2 2023 10 17  8 13 56.77000046  0.0   1
     3286  -1.6414317  101.1254557    2.81047    -1662.8      -85.5      187.5    200.2    142.4    182.0 2023 10 17  9  1 32.40999985  0.0   1
     3287  -1.6369382  101.1060384    0.26063    -3823.0      411.3    -2362.3    353.9    424.3    639.9 2023 10 18  0 33 19.65999985  0.0   1
     3288  -1.6362671  101.1352132    2.29977     -577.1      485.5     -323.2    426.2    319.5    346.4 2023 10 18 14 21 34.95000076  0.0   1
