     2719  -1.6445558  101.1415446    3.37876      127.8     -431.0      755.8     43.5     16.6     17.8 2023  1  3  3 43 21.02000046  0.0   1
     2720  -1.6401321  101.1473389    3.50280      772.7       58.2      879.9     29.0     18.8     18.8 2023  1  3  3 52  5.73000002  0.0   1
     2721  -1.6345291  101.1434733    2.81757      342.1      677.7      194.6     60.9     38.4     29.4 2023  1  3  3 52 21.03000069  0.0   1
     2722  -1.6416181  101.1358724    2.89591     -503.9     -106.1      273.0     26.8     15.6     13.5 2023  1  3  3 52 34.75000000  0.0   1
     2723  -1.6364775  101.1485352    2.81207      905.8      462.3      189.1     34.6     41.1     21.4 2023  1  3  4  2 20.45000076  0.0   1
     2724  -1.6367250  101.1459229    2.76541      614.9      434.9      142.5     16.6     17.2     14.1 2023  1  4 20 11 39.40000153  0.0   1
     2725  -1.6418903  101.1404134    2.85598        1.9     -136.2      233.0     44.5     18.2     18.6 2023  1  4 20 16 15.53999996  0.0   1
     2726  -1.6446857  101.1351074    2.69250     -588.5     -445.3       69.6     28.6     19.3     19.5 2023  1  4 20 17  9.68000031  0.0   1
     2727  -1.6503817  101.1242106    2.02978    -1801.4    -1075.2     -593.2     60.8     48.7     67.7 2023  1  4 20 18 22.71999931  0.0   1
     2729  -1.6613640  101.1363688    2.93879     -448.0    -2289.5      315.9     50.2     16.8     16.6 2023  1 11 13 28 50.43999863  0.0   1
     2734  -1.6423959  101.1406657    3.20651       29.5     -192.1      583.6     33.7     26.8     25.4 2023  1 20 18 30  0.36000001  0.0   1
     2735  -1.6421165  101.1286458    3.12416    -1307.5     -161.3      501.2     29.3     22.5     14.3 2023  1 20 19 10 25.45999908  0.0   1
     2736  -1.6374143  101.1452799    2.62684      543.3      358.7        3.9     22.7     21.1     13.4 2023  1 20 19 10 36.45999908  0.0   1
     2737  -1.6384576  101.1442952    2.49942      433.6      243.3     -123.5     17.8     14.8     12.2 2023  1 20 19 11 19.44000053  0.0   1
     2738  -1.6373449  101.1399170    3.21134      -53.0      366.4      588.4     41.4     24.2     18.5 2023  1 20 19 11 38.47999954  0.0   1
     2739  -1.6369124  101.1422526    2.61593      206.6      414.2       -7.0     30.6     23.8     15.3 2023  1 20 19 11 46.86000061  0.0   1
     2740  -1.6372897  101.1381592    2.58161     -248.7      372.5      -41.3     37.5     23.0     17.8 2023  1 20 19 12  2.07999992  0.0   1
     2741  -1.6365720  101.1421387    3.07657      193.4      451.8      453.6     32.9     21.0     14.5 2023  1 20 19 12 14.30000019  0.0   1
     2742  -1.6428178  101.1458984    2.69228      612.4     -238.8       69.3     29.2     30.9     26.2 2023  1 20 19 12 27.89999962  0.0   1
     2743  -1.6355770  101.1443115    2.95351      436.0      561.9      330.6     20.0     20.1     13.1 2023  1 20 19 12 41.43999863  0.0   1
     2744  -1.6342743  101.1445150    3.46245      458.1      705.9      839.5     31.9     27.4     17.4 2023  1 20 19 12 45.20000076  0.0   1
     2745  -1.6377474  101.1426595    3.41306      252.0      321.9      790.1     36.3     20.2     17.8 2023  1 20 19 12 58.77999878  0.0   1
     2746  -1.6428693  101.1436605    3.44074      363.5     -244.5      817.8     34.0     21.3     22.6 2023  1 20 19 13  8.81999969  0.0   1
     2747  -1.6427434  101.1393962    2.91056     -111.4     -230.6      287.6     43.5     26.7     20.2 2023  1 20 19 13 21.52000046  0.0   1
     2748  -1.6400823  101.1314372    2.75839     -997.1       63.7      135.4     19.4     15.1     11.0 2023  1 20 19 13 50.47999954  0.0   1
     2749  -1.6429423  101.1284261    2.43761    -1331.7     -252.6     -185.3     39.0     26.8     25.2 2023  1 20 19 13 59.40000153  0.0   1
     2750  -1.6435410  101.1378255    1.91874     -286.5     -318.8     -704.2     52.1     25.5     19.1 2023  1 20 19 14 14.26000023  0.0   1
     2751  -1.6389993  101.1433594    3.31218      329.6      183.4      689.2     33.5     24.8     15.9 2023  1 20 19 14 47.25999832  0.0   1
     2752  -1.6472481  101.1470947    3.23867      745.0     -728.7      615.7     34.1     22.4     23.9 2023  1 20 19 14 50.77999878  0.0   1
     2753  -1.6362352  101.1414063    3.34064      112.3      489.1      717.7     37.5     17.8     14.9 2023  1 20 19 15  4.05999994  0.0   1
     2754  -1.6373015  101.1440104    2.84597      402.4      371.2      223.0     23.3     16.8     13.2 2023  1 20 19 15 37.75999832  0.0   1
     2755  -1.6349757  101.1440755    2.66034      409.7      628.3       37.4     22.5     17.2     15.1 2023  1 20 19 15 47.91999817  0.0   1
     2756  -1.6365251  101.1462891    2.84530      655.9      457.0      222.4     25.0     14.5     12.5 2023  1 20 19 16  4.34000015  0.0   1
     2757  -1.6426619  101.1393636    3.02481     -115.4     -221.6      401.9     26.2     13.2     16.0 2023  1 20 19 16 23.39999962  0.0   1
     2758  -1.6382472  101.1469238    3.01741      726.7      266.6      394.5     29.3     18.7     15.2 2023  1 20 19 16 33.02000046  0.0   1
     2759  -1.6375045  101.1442952    2.95431      433.9      348.7      331.4     16.4     20.7     13.7 2023  1 20 19 16 54.11999893  0.0   1
     2760  -1.6362297  101.1504232    3.00406     1115.4      489.7      381.1     19.5     22.4     19.7 2023  1 20 19 17 18.65999985  0.0   1
     2761  -1.6360083  101.1453044    3.04236      546.0      514.2      419.4     17.8     17.2     14.0 2023  1 20 19 17 23.44000053  0.0   1
     2762  -1.6379879  101.1439860    2.74949      399.4      295.3      126.6     25.2     12.7     16.9 2023  1 20 19 17 53.41999817  0.0   1
     2763  -1.6390209  101.1199626    1.48425    -2273.4      181.0    -1138.7     30.5     37.4     35.6 2023  1 20 19 17 59.56000137  0.0   1
     2764  -1.6325470  101.1537109    3.02025     1481.3      896.9      397.3     30.8     38.4     22.6 2023  1 20 19 18 19.47999954  0.0   1
     2765  -1.6466775  101.1544027    3.93045     1558.7     -665.6     1307.5     46.8     36.4     28.5 2023  1 20 19 18 31.20000076  0.0   1
     2766  -1.6405271  101.1380615    2.95237     -259.7       14.5      329.4     30.4     13.8     15.4 2023  1 20 19 18 39.00000000  0.0   1
     2767  -1.6404232  101.1410889    3.12911       76.7       26.0      506.2     73.2     23.9     19.6 2023  1 20 19 20 12.10000038  0.0   1
     2768  -1.6401861  101.1391195    3.07709     -141.8       52.2      454.1     30.3     18.0     16.9 2023  1 20 19 20 39.81999969  0.0   1
     2769  -1.6427063  101.1415853    3.21959      132.5     -226.5      596.6     46.5     16.6     17.2 2023  1 20 19 21  7.40000010  0.0   1
     2770  -1.6397537  101.1434082    3.01242      335.4      100.0      389.5     36.2     19.7     17.8 2023  1 20 19 21 18.81999969  0.0   1
     2771  -1.6394527  101.1469401    2.86850      727.9      133.3      245.6     31.3     22.6     17.1 2023  1 20 19 21 59.91999817  0.0   1
     2772  -1.6424267  101.1472087    4.06465      757.7     -195.6     1441.7     41.3     25.0     26.4 2023  1 20 19 22 12.19999981  0.0   1
     2773  -1.6397822  101.1589762    2.36969     2067.2       96.9     -253.3     23.9     35.9     25.1 2023  1 20 19 22 39.93999863  0.0   1
     2774  -1.6413237  101.1383789    3.39162     -224.5      -73.6      768.7     37.3     16.2     18.2 2023  1 20 19 22 45.40000153  0.0   1
     2775  -1.6439027  101.1321859    2.84276     -913.8     -358.8      219.8     25.6     17.6     10.8 2023  1 20 19 23  1.05999994  0.0   1
     2776  -1.6464113  101.1498454    2.37106     1051.3     -636.1     -251.9     24.5     18.0     18.2 2023  1 20 19 23  6.86000013  0.0   1
     2777  -1.6407557  101.1385417    2.66578     -206.3      -10.8       42.8     36.3     25.7     19.9 2023  1 20 19 24 26.95999908  0.0   1
     2778  -1.6454179  101.1282145    2.59672    -1355.9     -526.3      -26.2     60.0     39.2     49.5 2023  1 20 19 24 30.94000053  0.0   1
     2779  -1.6479078  101.1510742    2.64631     1187.8     -801.6       23.4    128.3    107.2     80.8 2023  1 20 19 24 45.20000076  0.0   1
     2780  -1.6473796  101.1438965    2.05492      389.1     -743.2     -568.0     40.0      8.6     20.3 2023  1 20 19 24 52.18000031  0.0   1
     2782  -1.6375624  101.1483643    2.63762      886.7      342.3       14.7     23.8     15.9     12.3 2023  1 20 19 25 16.07999992  0.0   1
     2783  -1.6510314  101.1255859    1.79870    -1647.8    -1147.0     -824.2     46.1     29.8     49.7 2023  1 20 19 26 19.50000000  0.0   1
     2784  -1.6340206  101.1539958    2.78985     1513.5      733.9      166.9     34.1     29.5     27.4 2023  1 20 19 26 40.24000168  0.0   1
     2785  -1.6432713  101.1460124    3.94669      624.5     -288.9     1323.7    101.9     41.2     36.7 2023  1 20 19 26 53.72000122  0.0   1
     2786  -1.6436632  101.1406657    2.63159       30.1     -332.3        8.6     46.5     14.2     18.8 2023  1 20 19 28  3.14000010  0.0   1
     2787  -1.6412354  101.1417643    2.65973      152.2      -63.8       36.8     35.0     12.4     13.8 2023  1 20 19 28 27.34000015  0.0   1
     2788  -1.6396404  101.1447917    3.03357      489.3      112.5      410.6     22.3     25.4     17.5 2023  1 20 19 28 29.31999969  0.0   1
     2789  -1.6436947  101.1317871    2.30149     -958.3     -335.8     -321.5     52.8     32.2     52.1 2023  1 20 19 28 39.91999817  0.0   1
     2790  -1.6478531  101.1389730    3.19917     -158.3     -795.6      576.2     30.0     15.4     18.6 2023  1 20 19 29 12.73999977  0.0   1
     2791  -1.6432303  101.1415120    2.94405      123.7     -284.4      321.1     28.3     13.1     17.0 2023  1 20 19 29 38.18000031  0.0   1
     2792  -1.6425821  101.1482340    2.74202      872.4     -212.7      119.1     18.5     17.2     13.5 2023  1 20 19 30 28.65999985  0.0   1
     2793  -1.6409259  101.1427327    2.77931      260.1      -29.6      156.4     28.1     19.5     15.1 2023  1 20 19 30 43.77999878  0.0   1
     2794  -1.6487891  101.1298421    2.33211    -1174.9     -899.1     -290.8     37.7     21.6     31.3 2023  1 20 19 30 58.61999893  0.0   1
     2795  -1.6348573  101.1552002    2.13295     1647.0      641.4     -490.0     26.3     53.0     31.3 2023  1 20 19 31  4.38000011  0.0   1
     2796  -1.6449231  101.1347087    2.20435     -633.3     -471.6     -418.6     45.3     19.2     21.0 2023  1 20 19 31  9.84000015  0.0   1
     2797  -1.6438674  101.1433024    3.08407      322.9     -354.8      461.1     21.4     16.5     18.2 2023  1 20 19 31 49.70000076  0.0   1
     2798  -1.6410941  101.1496338    3.15388     1027.4      -48.2      530.9     22.9     15.3     13.1 2023  1 20 19 32  3.83999991  0.0   1
     2799  -1.6420680  101.1471436    2.64830      750.5     -155.9       25.4     37.5     24.9     18.0 2023  1 20 19 32  9.02000046  0.0   1
     2800  -1.6393041  101.1402751    2.90945      -13.9      149.7      286.5     23.4     16.1     13.7 2023  1 20 19 32 20.89999962  0.0   1
     2801  -1.6417525  101.1391683    2.78949     -136.8     -121.0      166.5     45.4     13.5     11.5 2023  1 20 19 32 52.88000107  0.0   1
     2802  -1.6410230  101.1428060    2.70958      268.4      -40.3       86.6     33.8     14.5     17.3 2023  1 20 19 32 59.25999832  0.0   1
     2803  -1.6417863  101.1414225    2.93734      114.5     -124.7      314.4     28.3     14.8     12.5 2023  1 20 19 33  9.80000019  0.0   1
     2804  -1.6467494  101.1347087    2.69126     -632.5     -673.5       68.3     56.0     19.8     17.6 2023  1 20 19 33 34.56000137  0.0   1
     2805  -1.6396645  101.1520589    2.90032     1297.4      109.9      277.4     28.2     19.5     16.9 2023  1 20 19 33 48.00000000  0.0   1
     2806  -1.6450231  101.1479248    3.07195      837.9     -482.6      449.0     20.4     14.3     14.8 2023  1 20 19 33 53.97999954  0.0   1
     2807  -1.6427825  101.1427002    2.68519      256.4     -234.9       62.2     39.7     30.1     23.6 2023  1 20 19 34 15.69999981  0.0   1
     2808  -1.6429975  101.1282633    1.71504    -1350.2     -258.7     -907.9     19.9     16.3     17.9 2023  1 20 19 34 33.22000122  0.0   1
     2809  -1.6487476  101.1318685    2.42050     -949.0     -894.5     -202.4     52.7     31.3     34.5 2023  1 20 19 34 48.20000076  0.0   1
     2810  -1.6418425  101.1407959    2.37461       44.3     -131.0     -248.3     37.3     22.8     19.2 2023  1 20 19 34 58.11999893  0.0   1
     2811  -1.6422901  101.1418294    3.37472      159.2     -180.5      751.8     38.8     34.6     24.6 2023  1 20 19 35 21.10000038  0.0   1
     2812  -1.6442805  101.1375570    2.73403     -316.4     -400.5      111.1     41.8     26.6     30.7 2023  1 20 19 35 48.25999832  0.0   1
     2813  -1.6368028  101.1452637    2.83345      542.0      426.3      210.5     22.5     17.1     14.0 2023  1 20 19 36 32.65999985  0.0   1
     2814  -1.6409199  101.1432780    3.12204      320.7      -28.9      499.1     27.3     14.9     16.1 2023  1 20 19 36 50.90000153  0.0   1
     2815  -1.6376278  101.1421956    2.90292      199.9      335.1      280.0     26.2     11.3     14.6 2023  1 20 19 43 50.43999863  0.0   1
     2816  -1.6377637  101.1430420    3.32923      294.5      320.0      706.3     27.3     21.5     16.1 2023  1 20 19 43 54.97999954  0.0   1
     2817  -1.6381045  101.1440592    3.00606      407.7      282.4      383.1     26.8     22.1     15.9 2023  1 20 19 49 56.54000092  0.0   1
     2818  -1.6390891  101.1340007    3.27098     -711.5      173.5      648.0     52.3     28.7     20.3 2023  1 20 19 53 30.76000023  0.0   1
     2819  -1.6400094  101.1397380    2.85265      -73.6       71.7      229.7     26.8     15.6     14.6 2023  1 20 19 57 15.27999973  0.0   1
     2820  -1.6397689  101.1450033    2.65674      512.4       98.3       33.8     28.8     14.3     16.0 2023  1 20 19 57 23.65999985  0.0   1
     2821  -1.6353896  101.1458496    2.97255      606.8      582.6      349.6     29.8     20.8     12.8 2023  1 20 20 23  4.65999985  0.0   1
     2822  -1.6381119  101.1423584    3.08067      217.9      281.5      457.7     29.2     16.0     15.7 2023  1 21  1 56 37.25000000  0.0   1
     2823  -1.6454432  101.1472005    2.82240      757.0     -529.1      199.5     24.9     17.2     14.6 2023  1 30 17 30  4.76000023  0.0   1
     2824  -1.6467414  101.1370524    2.79383     -371.9     -672.6      170.9     39.2     14.4     24.1 2023  1 30 17 30 40.74000168  0.0   1
     2825  -1.6465628  101.1233073    2.03919    -1901.5     -652.9     -583.8     40.8     36.7     45.0 2023  2 18 22 35 10.69999981  0.0   1
     2826  -1.6462009  101.1417155    3.01893      146.8     -612.9      396.0     64.9     18.8     28.9 2023  2 18 22 38 25.92000008  0.0   1
     2827  -1.6459446  101.1372477    2.77794     -350.4     -584.5      155.0     33.8     16.5     23.2 2023  2 18 22 38 33.40000153  0.0   1
     2828  -1.6487316  101.1320312    2.26388     -930.5     -892.7     -359.1     60.2     26.6     29.1 2023  2 18 22 39  5.48000002  0.0   1
     2829  -1.6444028  101.1321208    2.33630     -921.1     -414.1     -286.6     24.1     16.4     20.8 2023  2 26 15 14 57.77000046  0.0   1
     2830  -1.6506307  101.1322428    2.11544     -907.8    -1102.7     -507.5     21.8     14.6     13.6 2023  2 27 22 34 11.93999958  0.0   1
     2831  -1.6429324  101.1432861    2.90979      321.5     -251.5      286.8     28.2     16.9     15.4 2023  2 27 22 34 17.97999954  0.0   1
     2832  -1.6522687  101.1333984    2.23622     -778.5    -1283.8     -386.7     27.5     14.8     14.6 2023  2 27 22 34 39.31999969  0.0   1
     2833  -1.6468026  101.1340739    2.65040     -704.0     -679.4       27.5     20.5     15.2     11.2 2023  2 27 22 34 42.22000122  0.0   1
     2834  -1.6393719  101.1407064    2.52681       34.7      142.2      -96.1     37.2     16.4     15.5 2023  3  8  4 53 44.11000061  0.0   1
     2835  -1.6436879  101.1382324    2.95872     -240.5     -335.0      335.8     43.3     19.0     15.4 2023  3 12 23 29 24.12000084  0.0   1
     2836  -1.6421200  101.1370850    3.11786     -368.8     -161.6      494.9     44.7     16.7     14.1 2023  3 19 14 58 26.79999924  0.0   1
     2837  -1.6448973  101.1444499    3.10382      451.3     -468.7      480.9     26.9     24.4     21.3 2023  3 19 14 58 27.35000038  0.0   1
     2838  -1.6439514  101.1452393    2.95810      539.1     -364.1      335.2     26.0     27.5     22.7 2023  3 19 14 58 41.38999939  0.0   1
     2839  -1.6412462  101.1379476    3.20329     -272.2      -65.0      580.3     65.3     28.5     20.1 2023  3 19 14 59  5.11999989  0.0   1
     2840  -1.6421043  101.1331706    3.02525     -804.1     -159.9      402.3     22.1     14.5     12.2 2023  3 19 15  0 56.34000015  0.0   1
     2841  -1.6416674  101.1457682    3.02386      598.0     -111.6      400.9     23.1     18.4     14.0 2023  3 19 15  7 48.63000107  0.0   1
     2842  -1.6379926  101.1472005    2.95607      756.8      294.7      333.1     22.2     16.5     14.5 2023  3 19 15  8  6.13999987  0.0   1
     2843  -1.6419860  101.1452474    2.70294      539.3     -146.8       80.0     38.3     16.3     20.7 2023  3 19 15  8 45.77000046  0.0   1
     2844  -1.6423309  101.1486165    2.49801      915.0     -185.0     -124.9     20.0     21.8     23.0 2023  3 19 15 10  1.89999998  0.0   1
     2845  -1.6399906  101.1443034    3.30536      434.8       73.8      682.4     27.3     14.8     17.1 2023  3 19 15 10 17.05999947  0.0   1
     2846  -1.6475266  101.1409342    3.21696       59.7     -759.5      594.0     43.2     15.6     18.3 2023  3 19 15 10 42.45999908  0.0   1
     2847  -1.6423604  101.1511882    3.59566     1200.9     -188.2      972.7     24.2     34.0     20.8 2023  3 19 15 12  7.92000008  0.0   1
     2848  -1.6455635  101.1391032    3.16236     -143.9     -542.4      539.4     42.2     22.6     19.8 2023  3 19 15 12 41.66999817  0.0   1
     2849  -1.6441938  101.1433105    3.07264      324.1     -391.0      449.7     34.2     14.1     14.8 2023  3 19 15 13  3.02999997  0.0   1
     2850  -1.6470695  101.1411621    3.24342       85.1     -708.9      620.5     33.2     17.8     18.5 2023  3 19 15 13 29.22999954  0.0   1
     2851  -1.6488115  101.1357992    3.26690     -511.8     -901.5      644.0    119.5     44.9     34.4 2023  3 19 15 14 14.53999996  0.0   1
     2852  -1.6443717  101.1286377    2.40657    -1308.6     -410.6     -216.4     16.9     15.3     11.9 2023  3 19 15 14 23.75000000  0.0   1
     2853  -1.6442570  101.1401774    2.60584      -24.2     -397.9      -17.1     32.6     14.3     11.4 2023  3 19 15 17  0.95999998  0.0   1
     2854  -1.6446569  101.1410807    2.71828       76.0     -442.2       95.3     16.6     14.2     17.6 2023  3 19 15 17 15.43000031  0.0   1
     2855  -1.6432191  101.1395345    2.68886      -95.9     -283.2       65.9     46.0     18.1     17.6 2023  3 19 15 17 23.26000023  0.0   1
     2856  -1.6457311  101.1343099    2.94612     -677.2     -560.9      323.2     35.5     16.4     18.3 2023  3 19 15 17 27.55999947  0.0   1
     2857  -1.6432824  101.1366455    2.60619     -417.5     -290.2      -16.8     30.7     14.2     18.1 2023  3 19 15 17 37.34000015  0.0   1
     2858  -1.6450734  101.1441325    2.64089      416.0     -488.2       17.9     22.3     24.6     20.4 2023  3 30 10 37 55.43000031  0.0   1
     2859  -1.6429515  101.1460775    2.79339      631.9     -253.6      170.4     20.6     16.6     13.3 2023  3 30 10 38 31.47999954  0.0   1
     2860  -1.6455357  101.1364095    2.94699     -443.4     -539.3      324.0     45.4     17.6     19.6 2023  3 30 10 38 50.88000107  0.0   1
     2861  -1.6449999  101.1427979    3.20252      267.2     -480.1      579.6     35.9     13.5     15.0 2023  3 30 10 38 55.63999939  0.0   1
     2862  -1.6435665  101.1428548    2.43111      273.8     -321.6     -191.8     18.9     16.4     14.8 2023  3 30 10 39 42.11999893  0.0   1
     2863  -1.6435116  101.1383464    3.40755     -228.3     -315.5      784.6     38.2     16.7     15.6 2023  3 30 10 39 48.84999847  0.0   1
     2864  -1.6421654  101.1433105    2.68447      324.3     -166.7       61.5     18.9     16.0     14.9 2023  3 30 10 40  7.73999977  0.0   1
     2865  -1.6419504  101.1382406    2.76902     -240.3     -142.9      146.1     57.9     19.1     17.2 2023  3 30 10 40 14.48999977  0.0   1
     2866  -1.6404257  101.1371501    2.66911     -361.6       25.7       46.2     29.6     17.3     13.2 2023  3 30 10 40 28.92000008  0.0   1
     2867  -1.6460543  101.1393311    2.85809     -118.8     -596.7      235.2     28.4     25.5     20.9 2023  3 30 10 40 36.38999939  0.0   1
     2868  -1.6444604  101.1473063    2.46198      768.6     -420.4     -161.0     18.9     16.3     18.7 2023  3 30 10 40 42.43999863  0.0   1
     2869  -1.6544036  101.1327555    2.93159     -850.6    -1519.9      308.7     40.2     24.5     38.0 2023  3 30 10 41  9.31999969  0.0   1
     2870  -1.6409002  101.1409017    2.95955       56.0      -26.8      336.6     30.2     14.0     12.3 2023  3 30 10 41 20.13999939  0.0   1
     2871  -1.6481134  101.1360596    3.08580     -482.8     -824.4      462.9     37.0     14.7     13.4 2023  3 30 10 41 29.93000031  0.0   1
     2872  -1.6454435  101.1324544    2.29725     -883.4     -529.1     -325.7     21.8     14.6     11.1 2023  3 30 10 42  3.19000006  0.0   1
     2873  -1.6434544  101.1416260    2.68892      137.2     -309.2       66.0     24.3     14.8     10.6 2023  3 30 10 42 11.61999989  0.0   1
     2874  -1.6420419  101.1397217    2.96996      -74.7     -153.0      347.0     48.3     31.4     18.9 2023  3 30 10 45 34.45999908  0.0   1
     2875  -1.6437617  101.1319173    2.98149     -943.4     -343.2      358.5     19.6     14.5     11.3 2023  3 30 10 49 11.32999992  0.0   1
     2877  -1.6434017  101.1423828    2.68507      220.7     -303.4       62.1     25.2     16.0     16.7 2023  4  4 21 16 12.35999966  0.0   1
     2878  -1.6437492  101.1393066    3.12940     -121.7     -341.8      506.5     37.1     15.9     15.7 2023  4  4 21 17 38.91999817  0.0   1
     2879  -1.6470835  101.1371012    2.33902     -366.4     -710.5     -283.9     44.8     27.9     31.3 2023  4  4 21 19 37.68000031  0.0   1
     2880  -1.6442111  101.1474202    2.76250      781.1     -392.9      139.6     27.6     23.1     11.4 2023  4  4 21 20  7.90000010  0.0   1
     2881  -1.6429893  101.1373698    2.55072     -337.1     -257.8      -72.2     44.5     20.4     18.8 2023  4  4 21 21 24.20000076  0.0   1
     2882  -1.6457074  101.1500814    2.39355     1077.8     -558.3     -229.4     17.2     17.1     19.4 2023  4  4 21 21 37.93999863  0.0   1
     2883  -1.6500537  101.1319824    2.31120     -936.6    -1038.9     -311.7     53.7     33.7     49.3 2023  4  4 21 21 52.75999832  0.0   1
     2884  -1.6498211  101.1393555    2.53863     -115.7    -1013.2      -84.3     44.7     28.3     19.5 2023  4  4 21 21 54.95999908  0.0   1
     2885  -1.6436269  101.1400309    3.31020      -41.0     -328.3      687.3     22.7     14.9     18.8 2023  4  4 21 22  3.64000010  0.0   1
     2886  -1.6465627  101.1394857    2.73051     -101.4     -652.9      107.6     29.8     16.8     23.9 2023  4  7  6 28 12.28999996  0.0   1
     2889  -1.6010932  101.1214600    1.92312    -2107.4     4374.9     -699.8    100.7     88.9     77.9 2023  4 14  5 51 20.79999924  0.0   1
     2890  -1.6047723  101.1193441    2.10671    -2343.0     3968.0     -516.2     96.5    103.4     74.6 2023  4 14  5 51 25.79999924  0.0   1
     2893  -1.6397705  101.1414876    2.88020      121.5       98.2      257.3     47.4     15.0     17.7 2023  5 15 17 26 39.81999969  0.0   1
     2894  -1.6394985  101.1481120    2.89410      858.4      128.2      271.2     15.9     13.8     12.4 2023  5 15 17 32 30.39999962  0.0   1
     2895  -1.6484295  101.1397949    2.75555      -67.0     -859.3      132.6     34.2     21.2     21.9 2023  5 19 22 49 48.45999908  0.0   1
     2896  -1.6433478  101.1377197    3.03042     -297.5     -297.4      407.5     58.5     34.2     24.8 2023  5 19 22 54 49.02000046  0.0   1
     2897  -1.6409005  101.1401937    2.94549      -23.0      -26.8      322.5     32.8     19.8     15.8 2023  5 19 22 54 53.54000092  0.0   1
     2901  -1.6431503  101.1321126    2.88036     -921.9     -275.6      257.4     40.4     24.5     19.0 2023  5 27 15 42  8.60000038  0.0   1
     2903  -1.6313825  101.1269613    2.04919    -1494.9     1025.6     -573.8     53.7     46.6     34.2 2023  5 28 18 49 16.21999931  0.0   1
     2905  -1.6482281  101.1227946    2.48328    -1958.5     -837.0     -139.7     33.3     24.6     22.5 2023  6  6  1 40 44.04000092  0.0   1
     2906  -1.6419605  101.1308757    2.14728    -1059.3     -144.0     -475.7     17.0     14.2     12.2 2023  6  6  1 42 24.76000023  0.0   1
     2907  -1.6447741  101.1315348    2.79537     -986.4     -455.1      172.4     31.3     19.2     11.2 2023  6  6  1 48 22.26000023  0.0   1
     2908  -1.6415791  101.1438883    2.91672      388.6     -101.8      293.8     36.8     20.4     18.4 2023  6  6  1 48 43.06999969  0.0   1
     2909  -1.6451162  101.1470296    2.99976      738.1     -492.9      376.8     26.0     13.4     15.4 2023  6  6  1 51 12.57999992  0.0   1
     2910  -1.6462765  101.1457520    3.26987      596.1     -621.2      646.9     46.5     18.5     17.7 2023  6  6  1 51 15.86999989  0.0   1
     2911  -1.6460023  101.1385905    2.98736     -200.6     -590.9      364.4     37.5     26.4     24.9 2023  6  6  1 51 30.25000000  0.0   1
     2912  -1.6463044  101.1439860    3.35850      399.0     -624.3      735.6     34.8     16.5     17.4 2023  6  6  1 52 19.11000061  0.0   1
     2913  -1.6444641  101.1389486    3.13678     -161.3     -420.8      513.8     35.4     18.6     15.8 2023  6  6  1 52 40.33000183  0.0   1
     2914  -1.6427624  101.1419678    3.56369      174.6     -232.7      940.7     46.0     27.8     24.9 2023  6  6  1 52 50.29999924  0.0   1
     2915  -1.6473478  101.1324300    3.05947     -886.7     -739.7      436.5     19.0     14.4     14.0 2023  6  6  1 53 28.01000023  0.0   1
     2916  -1.6502984  101.1441243    2.89553      414.6    -1066.0      272.6     42.3     33.0     39.0 2023  6  6  1 54  5.28999996  0.0   1
     2917  -1.6470136  101.1426025    2.83117      245.2     -702.7      208.2     29.2     15.0     17.3 2023  6  6  1 54 28.88999939  0.0   1
     2918  -1.6434448  101.1255371    3.08757    -1653.5     -308.1      464.6     33.7     31.5     25.1 2023  6  6  1 54 37.52999878  0.0   1
     2919  -1.6449994  101.1551676    3.10156     1643.9     -480.0      478.6     33.6     23.1     21.5 2023  6  6  1 54 44.18999863  0.0   1
     2921  -1.6468511  101.1231771    1.48040    -1916.1     -684.8    -1142.5     26.9     24.1     29.8 2023  6  6  1 55 12.25000000  0.0   1
     2922  -1.6426371  101.1344157    3.19377     -665.3     -218.8      570.8     42.5     20.6     23.1 2023  6  6  1 55 25.79999924  0.0   1
     2923  -1.6460775  101.1386068    2.77029     -199.4     -599.2      147.3     30.2     14.2     13.0 2023  6  6  1 55 44.54999924  0.0   1
     2924  -1.6435877  101.1368734    3.22465     -391.9     -323.9      601.7     44.0     16.4     16.1 2023  6  6  1 55 52.50999832  0.0   1
     2925  -1.6398313  101.1391602    3.07135     -137.3       91.4      448.4     40.8     20.5     19.5 2023  6  6  1 56  1.14999998  0.0   1
     2926  -1.6452773  101.1465251    3.71467      681.7     -510.8     1091.7     24.2     34.3     22.0 2023  6  6  1 56  8.31999969  0.0   1
     2927  -1.6504854  101.1217855    0.69804    -2071.1    -1086.6    -1924.9     36.5     31.2     63.9 2023  6  6  1 56 16.76000023  0.0   1
     2928  -1.6431774  101.1402425    3.01541      -17.0     -278.6      392.5     33.4     17.0     18.2 2023  6  6  1 56 29.04999924  0.0   1
     2929  -1.6491435  101.1224121    1.71138    -2001.7     -938.2     -911.6     30.2     27.4     36.9 2023  6  6  1 56 36.79000092  0.0   1
     2930  -1.6405617  101.1429199    3.01109      280.7       10.7      388.1     39.2     14.0     15.3 2023  6  6  1 57 14.22000027  0.0   1
     2931  -1.6412477  101.1359945    2.84651     -489.9      -65.2      223.6     47.2     20.3     11.2 2023  6  6  1 57 25.55999947  0.0   1
     2932  -1.6388833  101.1440348    2.61446      404.5      196.3       -8.5     35.4     17.6     14.1 2023  6  6  1 57 28.88999939  0.0   1
     2933  -1.6401714  101.1380859    2.54729     -256.8       53.8      -75.7     22.9     17.6     16.1 2023  6  6  1 57 37.61999893  0.0   1
     2934  -1.6432598  101.1381348    3.60845     -251.9     -287.7      985.5     39.9     23.2     19.8 2023  6  6  1 57 45.38000107  0.0   1
     2935  -1.6355067  101.1347575    3.04613     -627.6      569.6      423.2     49.4     34.9     27.2 2023  6  6  1 58  3.48000002  0.0   1
     2936  -1.6452131  101.1351481    3.17500     -584.5     -503.7      552.1     44.2     22.6     15.9 2023  6  6  1 58 51.29000092  0.0   1
     2937  -1.6524682  101.1460205    2.29517      625.7    -1305.9     -327.8     42.9     38.7     64.2 2023  6  6  1 59  4.92000008  0.0   1
     2938  -1.6484727  101.1224040    1.98072    -2001.9     -864.1     -642.2     73.6     70.2     87.2 2023  6  6  2  0 18.29000092  0.0   1
     2939  -1.6396137  101.1416829    2.96707      143.4      115.5      344.1     36.5     21.6     23.4 2023  6  6  2  0 50.33000183  0.0   1
     2940  -1.6433270  101.1405029    2.98168       11.7     -295.1      358.7     43.9     15.0     14.6 2023  6  6  2  1 17.14999962  0.0   1
     2941  -1.6446760  101.1424805    2.93209      232.2     -444.3      309.1     50.9     14.0     21.3 2023  6  6  2  1 29.55999947  0.0   1
     2942  -1.6412908  101.1440674    2.84461      408.2      -70.0      221.7     38.4     16.2     17.9 2023  6  6  2  1 36.97999954  0.0   1
     2943  -1.6401751  101.1472005    2.11477      756.6       53.4     -508.2     39.2     31.4     25.1 2023  6  6  2  1 54.45999908  0.0   1
     2944  -1.6396375  101.1355387    2.97616     -540.3      112.9      353.2     45.6     23.1     16.8 2023  6  6  2  2 19.39999962  0.0   1
     2945  -1.6458787  101.1378825    2.48571     -279.5     -577.3     -137.2     52.1     38.4     33.1 2023  6  6  2  3 32.54000092  0.0   1
     2946  -1.6474642  101.1439128    2.93246      391.3     -752.6      309.5     29.0     17.9     14.7 2023  6  6  2  5 16.29999924  0.0   1
     2947  -1.6314159  101.1448079    2.57267      490.4     1022.0      -50.3     35.4     29.2     21.1 2023  6  6  2 11 56.61000061  0.0   1
     2948  -1.6411379  101.1383382    3.04431     -228.9      -53.1      421.4     61.5     26.4     22.8 2023  6  6  2 57 14.14999962  0.0   1
     2949  -1.6407978  101.1434570    2.98367      340.7      -15.4      360.7     20.6     17.1     12.4 2023  6  6  2 57 29.37000084  0.0   1
     2950  -1.6399495  101.1513509    2.84164     1218.8       78.4      218.7     30.6     18.5     16.0 2023  6  6  2 57 54.09999847  0.0   1
     2951  -1.6364309  101.1466960    1.85316      700.8      467.4     -769.8     21.3     26.4     18.7 2023  6  6  2 58  2.06999993  0.0   1
     2952  -1.6405560  101.1526042    1.98464     1358.7       11.3     -638.3     20.0     19.6     24.5 2023  6  6  2 58 17.95000076  0.0   1
     2953  -1.6458519  101.1434489    2.59360      339.2     -574.3      -29.3     52.8     19.3     20.7 2023  6  6  2 58 41.36999893  0.0   1
     2954  -1.6439910  101.1473877    2.66810      778.3     -368.5       45.2     18.6     12.7     11.7 2023  6  6  2 59 47.00999832  0.0   1
     2955  -1.6433781  101.1346273    3.11056     -642.1     -300.7      487.6     53.2     36.2     42.6 2023  6  6 22 40 15.80000019  0.0   1
     2962  -1.6423153  101.1399902    2.51405      -45.0     -183.2     -108.9     42.6     12.8     11.7 2023  7  4 19 19 48.45999908  0.0   1
     2967  -1.6432139  101.1114665    2.72069    -3219.0     -282.6       97.8     52.5     38.3     42.8 2023  7 14 23 38 10.26000023  0.0   1
     2968  -1.6418107  101.1358561    2.79877     -505.6     -127.4      175.8     47.1     18.9     22.3 2023  7 15  2  2 49.29000092  0.0   1
     2969  -1.6415920  101.1339762    2.76592     -714.1     -103.3      143.0     47.1     19.7     17.0 2023  7 15  2  5 39.86000061  0.0   1
     2972  -1.6390672  101.1347738    2.68610     -625.4      175.9       63.2     21.3     14.0      9.1 2023  7 15  9 27  6.65999985  0.0   1
     2973  -1.6402064  101.1429362    2.73729      282.8       50.0      114.3     24.8     25.8     18.1 2023  7 15  9 29 55.13999939  0.0   1
     2974  -1.6415620  101.1428385    2.60902      271.9      -99.9      -13.9     19.5     18.2     14.5 2023  7 15  9 30  2.75999999  0.0   1
     2975  -1.6416724  101.1409017    2.72713       56.1     -112.1      104.2     32.9     13.8     15.1 2023  7 15  9 30 27.43000031  0.0   1
     2976  -1.6410793  101.1394938    2.49055     -100.7      -46.6     -132.4     44.1     14.9     13.1 2023  7 15  9 31 39.70999908  0.0   1
     2977  -1.6345133  101.1183268    1.82955    -2456.1      679.5     -793.4     45.2     47.3     49.3 2023  7 17 15  4 33.40000153  0.0   1
     2978  -1.6378520  101.1419759    2.62880      175.8      310.3        5.9     36.1     20.1     17.1 2023  7 19  2  5 31.29000092  0.0   1
     2979  -1.6384860  101.1435140    3.26530      347.0      240.2      642.4     32.7     21.2     20.1 2023  7 19  2 18 47.72999954  0.0   1
     2980  -1.6444083  101.1375732    3.14648     -314.5     -414.7      523.5     50.8     15.6     14.6 2023  7 19  2 21  5.59999990  0.0   1
     2981  -1.6352356  101.1571940    2.69234     1869.3      599.6       69.4     16.2     31.7     14.2 2023  7 19  2 21  8.77999973  0.0   1
     2982  -1.6385119  101.1418620    3.13368      162.9      237.3      510.7     38.2     24.6     16.7 2023  7 19  2 59 40.54000092  0.0   1
     2983  -1.6384068  101.1419352    2.83215      170.7      249.0      209.2     22.2     13.9     11.1 2023  7 19  3  0  3.86999989  0.0   1
     2984  -1.6390532  101.1437500    2.43279      372.8      177.5     -190.2     27.1     28.2     20.6 2023  7 19  3  0 15.28999996  0.0   1
     2985  -1.6364875  101.1434489    2.58596      339.5      461.2      -37.0     26.4     26.8     20.0 2023  7 19  3  0 25.79000092  0.0   1
     2986  -1.6408053  101.1397868    3.18401      -67.9      -16.3      561.1     26.5     18.5     17.4 2023  7 19  3  1  0.31999999  0.0   1
     2987  -1.6450550  101.1428385    2.74535      271.5     -486.2      122.4     38.0     16.0     15.0 2023  7 19  3  1 12.77000046  0.0   1
     2988  -1.6402542  101.1429932    2.52099      289.2       44.7     -102.0     29.2     14.9     17.3 2023  7 19  3  1 20.85000038  0.0   1
     2989  -1.6386247  101.1334229    3.02989     -775.9      224.8      406.9     19.7     15.0     10.8 2023  7 19  3  1 31.04999924  0.0   1
     2990  -1.6421326  101.1448486    2.79789      495.1     -163.0      174.9     25.8     24.7     20.1 2023  7 19  3  1 58.95000076  0.0   1
     2991  -1.6400506  101.1423910    3.28349      222.0       67.2      660.5     32.9     22.8     19.4 2023  7 19  3  2 24.22999954  0.0   1
     2992  -1.6406525  101.1362630    2.84421     -459.9        0.6      221.3     29.1     22.0     18.2 2023  7 19  3  2 31.32999992  0.0   1
     2994  -1.6441929  101.1521484    2.69763     1307.9     -390.9       74.7     21.6     21.8     17.4 2023  7 19  3  3  5.17000008  0.0   1
     2995  -1.6426671  101.1411947    2.76707       88.4     -222.1      144.1     37.6     11.4     13.6 2023  7 19  3  3 49.45000076  0.0   1
     2996  -1.6366084  101.1447917    2.87252      488.6      447.8      249.6     30.7     23.6     10.7 2023  7 19  3  4 25.73999977  0.0   1
     2997  -1.6360991  101.1371175    2.73959     -364.9      504.1      116.6     29.3     20.7     12.8 2023  7 19  3  4 42.90000153  0.0   1
     2998  -1.6382172  101.1371175    3.04832     -365.3      269.9      425.4     30.8     16.8     15.3 2023  7 19  3  4 47.33000183  0.0   1
     2999  -1.6362138  101.1335286    3.32148     -763.9      491.4      698.5     65.6     46.3     18.3 2023  7 19  3  5 55.38999939  0.0   1
     3000  -1.6390086  101.1463542    2.65163      662.7      182.4       28.7     17.5     15.9     15.9 2023  7 19  3  6 34.20999908  0.0   1
     3001  -1.6388103  101.1426025    2.68670      245.8      204.3       63.8     23.1     17.8     16.9 2023  7 19  3  7 18.03000069  0.0   1
     3002  -1.6451051  101.1408854    2.67022       54.4     -491.7       47.3     42.0     15.7     20.4 2023  7 19  3  7 20.17000008  0.0   1
     3003  -1.6364606  101.1493327    3.04852      994.2      464.1      425.6     26.7     16.3     13.0 2023  7 19  3  8 37.70999908  0.0   1
     3004  -1.6396819  101.1428630    2.99367      274.2      108.0      370.7     25.3     14.6     14.8 2023  7 19  3 10 29.87999916  0.0   1
     3005  -1.6379286  101.1437256    2.68854      370.5      301.8       65.6     19.5     17.3     13.9 2023  7 19  3 11  7.88000011  0.0   1
     3006  -1.6372517  101.1363037    2.85749     -455.9      376.7      234.5     29.0     20.6     13.0 2023  7 19  3 12 10.78999996  0.0   1
     3007  -1.6416733  101.1519206    2.96178     1282.2     -112.2      338.8     16.0     19.0     16.3 2023  7 19  3 14 29.62999916  0.0   1
     3008  -1.6396659  101.1468913    2.20936      722.5      109.7     -413.6     16.2     13.9     16.8 2023  7 19  3 14 38.36000061  0.0   1
     3009  -1.6406576  101.1391927    2.38326     -134.4        0.1     -239.7     42.3     17.5     13.5 2023  7 19  3 17 13.86999989  0.0   1
     3010  -1.6415457  101.1432536    2.77932      317.4      -98.1      156.4     27.0     25.1     17.8 2023  7 19  3 22  8.31999969  0.0   1
     3011  -1.6374989  101.1424398    2.75183      227.5      349.3      128.9     23.7     24.1     15.5 2023  7 19  3 23  0.50000000  0.0   1
     3012  -1.6399349  101.1438314    2.47727      382.4       80.0     -145.7     13.5     13.3     16.2 2023  7 19  3 23 19.36000061  0.0   1
     3013  -1.6414027  101.1401530    2.66862      -27.4      -82.3       45.7     22.0     12.5     15.7 2023  7 19  3 23 22.77000046  0.0   1
     3014  -1.6383867  101.1406250    2.85787       25.8      251.2      234.9     29.7     17.6     13.2 2023  7 19  3 23 38.40000153  0.0   1
     3015  -1.6391843  101.1417318    2.55452      148.4      163.0      -68.4     25.1     14.3     15.8 2023  7 19  3 24  8.73999977  0.0   1
     3016  -1.6386819  101.1391357    2.57871     -140.2      218.5      -44.2     50.5     17.6     17.2 2023  7 19  3 24 11.84000015  0.0   1
     3017  -1.6427862  101.1429036    2.94029      279.2     -235.3      317.3     40.2     16.4     12.5 2023  7 19  3 24 18.10000038  0.0   1
     3018  -1.6377767  101.1409098    2.55542       57.4      318.6      -67.5     26.5     16.6     14.0 2023  7 19  3 26 25.94000053  0.0   1
     3019  -1.6431628  101.1349691    2.77379     -604.4     -276.9      150.8     52.2     25.1     23.3 2023  7 19  3 26 54.45000076  0.0   1
     3020  -1.6412356  101.1412191    2.86643       91.9      -63.8      243.5     34.9     31.8     21.6 2023  7 19  3 28  6.32000017  0.0   1
     3021  -1.6350356  101.1406901    2.99863       32.7      621.7      375.7     30.1     25.3     16.2 2023  7 19  3 28 11.30000019  0.0   1
     3022  -1.6405624  101.1553792    2.60114     1666.8       10.6      -21.8     17.7     26.9     19.4 2023  7 19  3 29  4.26999998  0.0   1
     3023  -1.6460590  101.1336914    2.51168     -746.6     -597.2     -111.3     28.0     15.6     12.8 2023  7 19  3 30 50.99000168  0.0   1
     3024  -1.6474785  101.1375081    2.51434     -321.1     -754.1     -108.6     37.1     17.1     12.8 2023  7 19  3 37 19.65999985  0.0   1
     3025  -1.6432565  101.1412354    2.86298       93.3     -287.3      240.0     36.3     14.2     14.8 2023  7 19  3 39 24.28000069  0.0   1
     3026  -1.6456768  101.1289225    2.46038    -1277.1     -554.9     -162.6     34.5     27.2     21.1 2023  7 19  3 48 22.11000061  0.0   1
     3027  -1.6393870  101.1361898    3.08509     -468.1      140.6      462.1     49.1     21.7     19.4 2023  7 19 19  1 51.08000183  0.0   1
     3028  -1.6432006  101.1334717    2.55470     -771.0     -281.1      -68.2     51.0     19.1     19.4 2023  7 20  1 15 46.22999954  0.0   1
     3029  -1.6416192  101.1321615    2.24174     -916.2     -106.3     -381.2     32.5     18.2     18.1 2023  7 20  1 16 25.07999992  0.0   1
     3030  -1.6390430  101.1246582    2.95684    -1751.6      178.6      333.9     40.3     39.6     30.3 2023  7 20  1 18 27.22999954  0.0   1
     3031  -1.6431444  101.1407145    2.47702       35.6     -274.9     -145.9     24.6     11.1     16.9 2023  7 20 16 59 18.79999924  0.0   1
     3032  -1.6399370  101.1374756    2.67969     -325.5       79.8       56.7     39.6     21.3     17.2 2023  7 21  6 50 53.00999832  0.0   1
     3033  -1.6529353  101.1327474    2.17297     -851.6    -1357.5     -450.0     42.6     13.9     20.2 2023  7 21 12 31 45.83000183  0.0   1
     3034  -1.6457284  101.1341715    2.66243     -692.5     -560.6       39.5     40.9     16.9     19.3 2023  7 23  3 56 19.47999954  0.0   1
     3037  -1.6412725  101.1395182    1.52042      -98.2      -67.9    -1102.5     41.6     24.5     22.5 2023  7 31 23 41 35.38000107  0.0   1
     3042  -1.6425439  101.1437256    3.39409      370.1     -208.5      771.2     30.9     20.5     18.5 2023  8 25 22  0  2.96000004  0.0   1
     3043  -1.6402747  101.1443929    2.94758      444.3       42.4      324.6     34.8     16.6     18.1 2023  8 25 22  1 20.63999939  0.0   1
     3044  -1.6535755  101.1320557    2.26776     -928.4    -1428.3     -355.2     29.9     16.0     26.7 2023  8 25 22  1 29.57999992  0.0   1
     3045  -1.6389008  101.1410726    2.51061       75.0      194.3     -112.3     42.5     15.5     14.9 2023  8 25 22  1 39.70000076  0.0   1
     3046  -1.6393871  101.1418213    2.79275      158.0      140.5      169.8     76.8     33.2     22.2 2023  8 25 22  2 23.94000053  0.0   1
     3047  -1.6405724  101.1420247    2.79330      180.8        9.5      170.4     27.5     17.3     12.8 2023  8 25 22  2 28.13999939  0.0   1
     3048  -1.6415927  101.1472005    2.64166      757.1     -103.3       18.7     32.7     23.7     18.2 2023  8 25 22  2 42.25999832  0.0   1
     3049  -1.6440689  101.1356283    2.49011     -530.6     -377.1     -132.8     38.5     26.7     26.3 2023  8 25 22  2 51.50000000  0.0   1
     3050  -1.6404241  101.1420817    2.88868      187.2       25.9      265.7     32.9     16.0     12.1 2023  8 25 22  2 58.43999863  0.0   1
     3051  -1.6396971  101.1500570    1.82739     1075.2      106.3     -795.6     41.7     26.0     23.6 2023  8 25 22  3 19.87999916  0.0   1
     3052  -1.6392704  101.1387533    2.68909     -183.2      153.4       66.1     30.9     15.3     12.5 2023  8 25 22  3 24.92000008  0.0   1
     3054  -1.6449435  101.1437174    2.67742      369.2     -473.8       54.5     41.6     22.2     24.5 2023  8 25 22  3 32.50000000  0.0   1
     3055  -1.6438953  101.1392578    3.11422     -126.8     -357.9      491.3     34.4     17.9     16.6 2023  8 25 22  3 45.52000046  0.0   1
     3056  -1.6479413  101.1243245    2.10100    -1788.5     -805.3     -521.9     23.3     21.1     24.1 2023  8 25 22  4 22.10000038  0.0   1
     3057  -1.6445099  101.1470947    3.24759      745.0     -425.9      624.6     21.1     15.0     15.2 2023  8 25 22  4 39.36000061  0.0   1
     3058  -1.6429465  101.1380859    3.23544     -257.3     -253.0      612.5     38.9     16.7     21.4 2023  8 25 22  4 42.74000168  0.0   1
     3059  -1.6395710  101.1510905    2.48242     1190.1      120.2     -140.5     17.7     17.5     16.1 2023  8 25 22  5 22.65999985  0.0   1
     3060  -1.6354038  101.1574463    2.42922     1896.7      581.0     -193.7     42.6     31.5     36.1 2023  8 25 22  5 45.79999924  0.0   1
     3061  -1.6399826  101.1318441    3.00874     -951.6       74.7      385.8     50.3     24.5     40.6 2023  8 25 22  7 34.09999847  0.0   1
     3062  -1.6418041  101.1419515    2.78351      172.8     -126.7      160.6     25.9     18.0     19.7 2023  8 25 22  9 17.42000008  0.0   1
     3063  -1.6434799  101.1429850    2.60637      287.6     -312.0      -16.6     18.2     18.9     18.8 2023  8 25 22  9 21.89999962  0.0   1
     3064  -1.6386499  101.1386312    3.26359     -196.7      222.1      640.6     61.6     27.4     15.7 2023  8 25 22  9 33.65999985  0.0   1
     3065  -1.6302054  101.1684570    1.17100     3122.4     1155.8    -1451.9     69.0     87.8    115.6 2023  8 25 22  9 50.97999954  0.0   1
     3066  -1.6445522  101.1528402    2.47747     1384.4     -430.6     -145.5     19.2     22.7     20.1 2023  8 25 22 11 54.90000153  0.0   1
     3067  -1.6397394  101.1557454    2.98865     1708.0      101.6      365.7     61.3     35.7     40.0 2023  8 25 22 12 15.19999981  0.0   1
     3068  -1.6418967  101.1565674    2.26355     1799.0     -136.9     -359.4     45.2     28.1     39.6 2023  8 25 22 14 11.64000034  0.0   1
     3069  -1.6431676  101.1408691    2.46210       52.2     -277.5     -160.8     30.9     27.4     22.2 2023  8 28 21 39 39.09999847  0.0   1
     3070  -1.6474598  101.1263509    2.37397    -1563.4     -752.1     -249.0     27.6     17.9     25.4 2023  8 28 22  8 57.27999878  0.0   1
     3071  -1.6366884  101.1403076    2.63867      -10.1      439.0       15.7     28.2     26.3     18.9 2023  8 29 14 22 51.02999878  0.0   1
     3072  -1.6410556  101.1355306    2.96899     -541.2      -43.9      346.0     46.3     22.6     15.2 2023  8 29 18 13 50.74000168  0.0   1
     3074  -1.6449245  101.1460286    2.73455      627.0     -471.7      111.6     29.0     20.7     22.1 2023  8 30  1 31 17.67000008  0.0   1
     3075  -1.6436452  101.1327393    1.84870     -852.4     -330.3     -774.2     48.0     34.0     40.3 2023  8 30  5 46 14.44999981  0.0   1
     3076  -1.6383308  101.1449382    2.34289      505.5      257.3     -280.1     34.9     23.7     21.7 2023  8 30  5 46 27.07999992  0.0   1
     3077  -1.6422578  101.1449544    2.56772      507.2     -176.9      -55.2     20.4     15.3     13.9 2023  8 30  5 47  3.69000006  0.0   1
     3078  -1.6448616  101.1328695    2.56613     -837.8     -464.8      -56.8     49.7     26.1     20.5 2023  8 30  5 47  5.53999996  0.0   1
     3079  -1.6419640  101.1419189    2.56567      169.6     -144.4      -57.3     60.5     18.1     18.0 2023  8 30  5 47 14.06000042  0.0   1
     3080  -1.6444622  101.1523112    2.45922     1325.8     -420.6     -163.7     29.1     18.8     25.4 2023  8 30  5 47 22.72999954  0.0   1
     3081  -1.6413575  101.1427246    2.11507      259.2      -77.3     -507.9     43.3     26.8     27.0 2023  8 30  5 47 28.44000053  0.0   1
     3082  -1.6452703  101.1605713    0.61887     2244.4     -510.0    -2004.1     53.6     53.5    153.9 2023  8 30  5 47 37.99000168  0.0   1
     3083  -1.6428329  101.1302327    1.05283    -1131.4     -240.5    -1570.1     51.3     50.4     60.2 2023  8 30  5 47 51.20000076  0.0   1
     3084  -1.6441605  101.1443441    2.73035      439.5     -387.3      107.4     38.9     26.1     23.7 2023  8 30  5 50 22.00000000  0.0   1
     3085  -1.6412919  101.1402100    2.30395      -21.0      -70.1     -319.0     39.7     17.9     19.5 2023  8 30  5 50 28.25000000  0.0   1
     3086  -1.6461909  101.1551025    3.35552     1635.9     -611.8      732.6     40.6     27.0     26.0 2023  8 30 14 17 58.83000183  0.0   1
     3087  -1.6388992  101.1512451    2.73210     1207.0      194.5      109.2     28.1     18.5     14.2 2023  8 30 14 22 58.09000015  0.0   1
     3088  -1.6438524  101.1370768    2.02474     -369.8     -353.2     -598.2     44.9     19.7     19.1 2023  8 30 14 35 52.65000153  0.0   1
     3094  -1.6415672  101.1386556    2.50885     -193.6     -100.5     -114.1     62.2     19.8     13.4 2023  9 13 15 18 58.20999908  0.0   1
     3095  -1.6417488  101.1464274    2.43909      670.9     -120.6     -183.9     18.6     17.2     17.1 2023  9 14 16  1  7.05999994  0.0   1
     3096  -1.6406584  101.1543457    2.49894     1552.1       -0.0     -124.0     18.8     15.2     20.1 2023  9 14 16  1 16.52000046  0.0   1
     3097  -1.6445657  101.1418050    2.86136      157.0     -432.1      238.4     38.3     18.4     16.9 2023  9 14 16  1 24.82999992  0.0   1
     3098  -1.6540269  101.1356934    2.71484     -523.2    -1478.2       91.9    192.5     60.9     56.0 2023  9 14 16  3 59.18000031  0.0   1
     3099  -1.6422501  101.1410645    2.60836       73.9     -176.0      -14.6     38.4     16.6     17.6 2023  9 14 16  4  8.14000034  0.0   1
     3100  -1.6410435  101.1426188    3.26739      247.2      -42.6      644.4     60.6     28.9     21.9 2023  9 14 16  7 36.65999985  0.0   1
     3101  -1.6419529  101.1411621    2.59599       85.0     -143.2      -27.0     28.6     15.1     14.5 2023  9 14 16  7 43.02999878  0.0   1
     3102  -1.6446686  101.1263672    1.52469    -1561.1     -443.4    -1098.3     27.2     20.8     32.2 2023  9 14 16 10 57.36000061  0.0   1
     3103  -1.6451653  101.1440023    2.88101      400.8     -498.4      258.1     74.8     34.0     28.8 2023  9 14 16 11 12.31000042  0.0   1
     3104  -1.6474735  101.1521647    2.51493     1309.6     -753.6     -108.0     33.1     22.4     22.7 2023  9 14 16 11 17.97999954  0.0   1
     3105  -1.6421350  101.1401123    2.70468      -31.5     -163.3       81.7     23.8     15.3     14.1 2023  9 14 16 23 25.43000031  0.0   1
     3106  -1.6443151  101.1406413    2.83618       26.9     -404.4      213.2     43.3     16.8     19.4 2023  9 14 16 23 33.90000153  0.0   1
     3107  -1.6451055  101.1401042    2.65864      -32.7     -491.8       35.7     38.0     19.9     20.2 2023  9 14 16 23 52.75999832  0.0   1
     3108  -1.6452201  101.1358236    2.80450     -508.8     -504.4      181.6     56.7     19.7     14.4 2023  9 14 16 23 59.08000183  0.0   1
     3109  -1.6447965  101.1429606    2.99119      285.3     -457.6      368.2     35.1     17.5     14.7 2023  9 14 16 24  4.69000006  0.0   1
     3110  -1.6414775  101.1404215    2.46458        2.5      -90.6     -158.4     20.6     13.7     13.1 2023  9 14 16 24 13.52000046  0.0   1
     3111  -1.6408541  101.1425944    2.53501      244.6      -21.7      -87.9     18.9     13.9     14.8 2023  9 14 16 24 25.40999985  0.0   1
     3112  -1.6446548  101.1405192    2.62126       13.4     -441.9       -1.7     39.3     21.5     19.6 2023  9 14 16 24 54.75000000  0.0   1
     3113  -1.6449809  101.1397542    2.75220      -71.6     -478.0      129.3     43.8     15.1     16.6 2023  9 14 16 24 59.38000107  0.0   1
     3114  -1.6430696  101.1389648    2.32422     -159.8     -266.6     -298.7     39.5     18.0     17.3 2023  9 14 16 25  6.48000002  0.0   1
     3115  -1.6396571  101.1460531    2.38645      629.0      110.7     -236.5     15.1     13.2     16.7 2023  9 14 16 25 25.75000000  0.0   1
     3116  -1.6431053  101.1457682    2.44449      597.5     -270.6     -178.5     21.5     17.2     15.6 2023  9 14 16 25 28.45000076  0.0   1
     3117  -1.6453626  101.1228434    1.96666    -1952.9     -520.2     -656.3     44.8     49.7     39.1 2023  9 14 16 25 34.34999847  0.0   1
     3118  -1.6473708  101.1289714    0.98044    -1271.6     -742.2    -1641.5     40.6     30.1     48.4 2023  9 14 16 25 42.66999817  0.0   1
     3119  -1.6435443  101.1399658    2.28830      -47.6     -319.1     -334.6     47.3     16.9     15.1 2023  9 14 16 25 48.11999893  0.0   1
     3120  -1.6395612  101.1374837    2.25658     -324.0      121.3     -366.4     38.2     14.9     12.9 2023  9 14 16 25 56.81999969  0.0   1
     3121  -1.6369918  101.1436035    2.58967      356.6      405.4      -33.3     18.9     15.7     15.6 2023  9 14 16 26  2.75999999  0.0   1
     3122  -1.6384464  101.1413411    2.71484      104.6      244.6       91.9     27.1     22.6     16.3 2023  9 14 16 26 23.64999962  0.0   1
     3123  -1.6405917  101.1493327    3.11686      994.5        7.4      493.9     21.4     26.0     21.6 2023  9 14 16 26 34.95999908  0.0   1
     3124  -1.6414135  101.1427246    2.89912      259.0      -83.5      276.2     19.8     14.2     16.1 2023  9 14 16 26 48.50000000  0.0   1
     3125  -1.6454603  101.1361654    1.89640     -470.9     -531.0     -726.5     44.2     21.3     29.5 2023  9 14 16 27  6.15000010  0.0   1
     3126  -1.6436535  101.1415934    2.46577      133.3     -331.2     -157.2     69.5     13.4     16.0 2023  9 14 16 27 14.25000000  0.0   1
     3127  -1.6379617  101.1436035    2.37779      356.7      298.2     -245.1     20.2     17.5     18.8 2023  9 14 16 27 17.69000053  0.0   1
     3128  -1.6387892  101.1461914    2.09653      644.6      206.7     -526.4     28.4     23.7     23.1 2023  9 14 16 27 22.95999908  0.0   1
     3129  -1.6367874  101.1455811    2.46458      576.6      428.0     -158.4     21.7     22.2     17.9 2023  9 14 16 27 30.12000084  0.0   1
     3130  -1.6376987  101.1410319    2.97343       71.0      327.2      350.5     33.4     18.2     13.6 2023  9 14 16 27 36.08000183  0.0   1
     3131  -1.6365857  101.1507812    2.34731     1155.3      450.3     -275.6     12.9     19.1     17.3 2023  9 14 16 28  5.15999985  0.0   1
     3132  -1.6422455  101.1456624    2.42957      586.2     -175.5     -193.4     17.6     11.8     16.2 2023  9 14 16 28 10.97999954  0.0   1
     3133  -1.6414117  101.1428060    2.68323      268.4      -83.3       60.3     39.0     17.5     15.1 2023  9 14 16 28 18.73999977  0.0   1
     3134  -1.6433398  101.1525798    2.53478     1355.2     -296.5      -88.2     46.5     22.9     31.8 2023  9 14 16 28 27.96999931  0.0   1
     3135  -1.6417984  101.1463542    2.36054      662.7     -126.1     -262.4     18.2     11.8     16.6 2023  9 14 16 28 40.47999954  0.0   1
     3136  -1.6480474  101.1407308    2.02549       37.4     -817.0     -597.5     41.5     29.1     36.6 2023  9 14 16 28 47.25999832  0.0   1
     3137  -1.6440807  101.1403402    2.60098       -6.7     -378.4      -22.0     26.7     22.8     24.9 2023  9 14 16 28 51.58000183  0.0   1
     3138  -1.6473335  101.1251953    1.51444    -1691.6     -738.1    -1108.5     21.8     20.0     24.4 2023  9 14 16 29 41.08000183  0.0   1
     3139  -1.6419991  101.1438070    2.45624      379.4     -148.3     -166.7     24.7     15.4     15.1 2023  9 14 16 29 46.22999954  0.0   1
     3140  -1.6437467  101.1419922    2.64401      177.7     -341.5       21.1     31.5     10.6     16.8 2023  9 14 16 29 52.25999832  0.0   1
     3141  -1.6414335  101.1455160    2.74100      569.8      -85.7      118.1     21.8     18.4     16.2 2023  9 14 16 32  8.39999962  0.0   1
     3142  -1.6406303  101.1436442    2.48345      360.9        3.1     -139.5     16.3     15.0     16.3 2023  9 14 16 32 17.73999977  0.0   1
     3143  -1.6360303  101.1570068    2.04830     1848.3      511.7     -574.6     25.1     21.8     22.4 2023  9 14 16 32 30.69000053  0.0   1
     3144  -1.6388903  101.1414551    2.64487      117.3      195.5       21.9     22.8     15.1     14.4 2023  9 14 16 32 37.11000061  0.0   1
     3145  -1.6414918  101.1314697    2.91498     -993.1      -92.2      292.0     33.1     23.8     19.7 2023  9 14 16 32 59.11000061  0.0   1
     3146  -1.6359193  101.1538656    2.73484     1498.4      524.0      111.9     27.6     23.8     20.1 2023  9 14 16 34 11.01000023  0.0   1
     3147  -1.6416327  101.1594320    1.86684     2117.8     -107.8     -756.1     18.8     25.0     24.6 2023  9 14 16 34 40.43000031  0.0   1
     3148  -1.6390586  101.1431966    2.50801      311.6      176.9     -114.9     22.0     16.6     14.0 2023  9 14 16 34 47.56999969  0.0   1
     3149  -1.6385626  101.1566732    3.09874     1810.7      231.7      475.8     41.3     36.8     37.9 2023  9 14 16 34 58.79000092  0.0   1
     3150  -1.6474838  101.1304362    2.10380    -1108.1     -754.7     -519.1     35.0     15.2     34.3 2023  9 14 16 36 23.40999985  0.0   1
     3151  -1.6401714  101.1291178    2.24668    -1255.2       53.8     -376.3     44.4     28.3     40.8 2023  9 14 16 38 46.27000046  0.0   1
     3152  -1.6439077  101.1450846    3.30524      521.8     -359.3      682.3     30.6     12.4     17.0 2023  9 14 16 39 22.14999962  0.0   1
     3153  -1.6437564  101.1502930    2.57946     1101.2     -342.6      -43.5     16.9     12.3     16.5 2023  9 14 16 40 10.57999992  0.0   1
     3154  -1.6433795  101.1396484    2.37376      -83.0     -300.9     -249.2     37.1     18.4     24.5 2023  9 14 16 40 29.72999954  0.0   1
     3155  -1.6389965  101.1432617    2.95112      318.6      183.7      328.2     25.8     25.4     16.8 2023  9 14 16 42 57.52000046  0.0   1
     3156  -1.6422464  101.1438883    2.64889      388.4     -175.6       25.9     14.8     12.3     16.1 2023  9 14 16 43 40.40999985  0.0   1
     3157  -1.6386374  101.1423991    2.67591      222.4      223.4       53.0     37.8     23.5     18.2 2023  9 14 16 48 22.35000038  0.0   1
     3158  -1.6428154  101.1492594    2.56103      986.4     -238.5      -61.9     34.3     25.1     26.3 2023  9 14 16 48 45.50999832  0.0   1
     3159  -1.6423350  101.1657308    0.54139     2819.1     -185.4    -2081.6     72.7     82.6    166.1 2023  9 14 16 51 31.97999954  0.0   1
     3160  -1.6450653  101.1480550    2.63062      851.8     -487.3        7.7     25.5     14.2     17.9 2023  9 14 16 56  2.07999992  0.0   1
     3161  -1.6409524  101.1452555    2.71232      540.7      -32.5       89.4     14.6     13.4     16.8 2023  9 14 17  0 13.88000011  0.0   1
     3162  -1.6333349  101.1453369    1.38255      549.9      809.8    -1240.4     26.7     18.7     19.9 2023  9 14 17 16  3.20000005  0.0   1
     3163  -1.6430472  101.1452067    2.57902      535.0     -264.2      -43.9     32.5     21.0     15.7 2023  9 14 17 16 12.60000038  0.0   1
     3164  -1.6440123  101.1369059    2.38658     -388.9     -370.9     -236.4     37.1     18.0     18.0 2023  9 14 17 16 20.60000038  0.0   1
     3165  -1.6422485  101.1364014    2.45920     -444.5     -175.9     -163.7     24.8     18.5     16.7 2023  9 14 17 22 43.41999817  0.0   1
     3166  -1.6440067  101.1383870    2.60364     -224.1     -370.3      -19.3     36.2     15.8     16.1 2023  9 14 17 23  1.67999995  0.0   1
     3167  -1.6461945  101.1396484    2.93585      -83.2     -612.2      312.9     28.9     26.3     24.2 2023  9 14 17 23  3.44000006  0.0   1
     3168  -1.6415015  101.1398437    2.73115      -61.8      -93.2      108.2     30.7     16.1     12.8 2023  9 14 17 23 38.47999954  0.0   1
     3169  -1.6447767  101.1368571    2.51903     -393.7     -455.4     -103.9     30.2     15.4     16.9 2023  9 14 17 24 47.47999954  0.0   1
     3170  -1.6425044  101.1362061    2.37644     -465.9     -204.1     -246.5     34.9     17.7     23.0 2023  9 14 18  6 58.63999939  0.0   1
     3172  -1.6424234  101.1420898    2.52591      188.8     -195.2      -97.0     26.8     17.6     19.0 2023  9 15 17 48 41.77999878  0.0   1
     3173  -1.6384256  101.1432699    2.80996      320.0      246.9      187.0     20.3     17.7     14.6 2023  9 15 17 50 48.40000153  0.0   1
     3174  -1.6451514  101.1384766    2.58475     -213.5     -496.8      -38.2     48.3     22.3     22.4 2023  9 15 17 51  9.39999962  0.0   1
     3175  -1.6361725  101.1415934    2.84567      132.8      496.0      222.7     22.7     29.2     19.1 2023  9 18  5 36 41.97999954  0.0   1
     3176  -1.6410793  101.1416178    2.85822      135.8      -46.6      235.3     26.9     15.4     16.9 2023  9 18 16 33 14.22000027  0.0   1
     3177  -1.6358288  101.1437581    3.40216      374.1      534.0      779.2     39.3     34.5     19.2 2023  9 19 22 37 53.88000107  0.0   1
     3178  -1.6406606  101.1423991    2.70914      223.1       -0.3       86.2     42.0     12.8     16.4 2023  9 20 20 41 28.63999939  0.0   1
     3179  -1.6409196  101.1455566    2.75972      573.8      -28.9      136.8     29.2     18.2     21.4 2023  9 21  3 26 18.59000015  0.0   1
     3180  -1.6393074  101.1550374    2.67698     1629.4      149.4       54.0     13.6     18.5     12.5 2023  9 21  3 26 48.38999939  0.0   1
     3181  -1.6388002  101.1445801    3.13256      465.4      205.4      509.6     38.6     21.6     18.0 2023  9 21  3 26 59.63000107  0.0   1
     3182  -1.6437352  101.1272705    2.09902    -1460.5     -340.2     -523.9     39.5     26.0     34.3 2023  9 21  3 27 59.75000000  0.0   1
     3183  -1.6372416  101.1523763    2.65241     1332.8      377.8       29.5     25.7     17.6     18.4 2023  9 21  3 28  2.72000003  0.0   1
     3184  -1.6390073  101.1450033    2.84041      512.1      182.5      217.5     18.3     12.4     14.3 2023  9 21  3 28 44.74000168  0.0   1
     3185  -1.6429267  101.1184977    1.14026    -2436.4     -250.8    -1482.7     53.6     52.1     78.1 2023  9 21  3 37 14.60999966  0.0   1
     3186  -1.6451675  101.1449463    2.58964      506.6     -498.6      -33.3     24.7     22.7     18.0 2023  9 21  3 43  8.53999996  0.0   1
     3187  -1.6432884  101.1426921    2.56577      255.3     -290.8      -57.2     31.6     21.1     19.4 2023  9 21  3 43 36.95999908  0.0   1
     3188  -1.6418783  101.1423340    3.33133      215.9     -134.9      708.4     33.4     17.4     17.0 2023  9 21  3 44 35.31000137  0.0   1
     3189  -1.6395716  101.1414469    2.92415      117.1      120.1      301.2     29.3     14.9     13.7 2023  9 21  3 45  0.40000001  0.0   1
     3190  -1.6381944  101.1403646    2.63417       -3.6      272.4       11.2     30.5     16.8     15.4 2023  9 21  3 46 23.75000000  0.0   1
     3191  -1.6404621  101.1445068    2.92129      457.1       21.7      298.3     36.3     27.0     18.0 2023  9 21  3 47 35.90000153  0.0   1
     3192  -1.6384899  101.1475098    2.89284      791.4      239.8      269.9     33.3     25.2     16.3 2023  9 21  3 47 45.47000122  0.0   1
     3193  -1.6406522  101.1428304    2.79302      270.5        0.7      170.1     26.6     17.8     13.1 2023  9 21  3 50 10.31999969  0.0   1
     3194  -1.6346270  101.1406087    2.97524       23.2      666.9      352.3     37.3     23.4     15.8 2023  9 21  3 51 53.75000000  0.0   1
     3195  -1.6373198  101.1432454    3.17990      316.9      369.1      557.0     34.8     24.4     16.2 2023  9 21  3 54 41.15999985  0.0   1
     3196  -1.6364934  101.1540446    2.95949     1518.2      460.5      336.5     15.4     19.4     16.7 2023  9 21  3 54 56.18999863  0.0   1
     3197  -1.6372960  101.1469157    3.11304      725.3      371.8      490.1     31.0     24.7     17.4 2023  9 21  3 55  2.20000005  0.0   1
     3198  -1.6394356  101.1478923    2.74328      834.1      135.2      120.3     49.4     22.8     19.7 2023  9 21  3 57 10.92000008  0.0   1
     3200  -1.6390375  101.1670166    1.64904     2962.0      179.2     -973.9     46.2     49.2     77.1 2023  9 21 18  0 24.65999985  0.0   1
     3202  -1.6433331  101.1454590    3.10586      563.3     -295.8      482.9     36.5     18.8     21.2 2023  9 21 18  2 53.29999924  0.0   1
     3203  -1.6408683  101.1410482    2.61257       72.7      -23.2      -10.4     26.5     15.5     17.0 2023  9 21 18  3  1.86000001  0.0   1
     3204  -1.6390610  101.1488363    2.55926      939.1      176.6      -63.7     14.3     12.2     12.5 2023  9 21 18  3  6.84000015  0.0   1
     3206  -1.6405294  101.1503906    2.75817     1111.8       14.2      135.2     42.8     23.9     28.0 2023  9 21 18  3 58.45999908  0.0   1
     3207  -1.6368326  101.1589030    1.82700     2059.5      423.0     -795.9     19.7     20.3     21.9 2023  9 21 18  4  4.84000015  0.0   1
     3208  -1.6410562  101.1434896    2.71864      344.5      -44.0       95.7     15.9     12.5     14.4 2023  9 21 18  4  8.68000031  0.0   1
     3209  -1.6451248  101.1413818    3.03679      109.4     -493.9      413.8     55.4     22.7     23.4 2023  9 21 18  5 31.94000053  0.0   1
     3210  -1.6435004  101.1406169    2.87280       24.6     -314.3      249.9     26.1     18.3     17.7 2023  9 21 18  5 48.38000107  0.0   1
     3211  -1.6534924  101.1241943    2.19682    -1802.6    -1419.1     -426.1     25.2     20.2     27.3 2023  9 21 18  6 39.50000000  0.0   1
     3212  -1.6463200  101.1369059    3.07240     -388.5     -626.0      449.5     52.4     16.9     17.9 2023  9 21 18 40 21.60000038  0.0   1
     3213  -1.6398514  101.1519938    2.92863     1290.1       89.2      305.7     20.6     23.7     17.4 2023  9 28  7  5  1.83000004  0.0   1
     3214  -1.6374997  101.1462158    2.86095      647.6      349.2      238.0     29.3     22.6     14.5 2023  9 28  7 39  3.82999992  0.0   1
     3215  -1.6435987  101.1444906    2.66155      455.6     -325.1       38.6     23.1     30.8     24.4 2023  9 28  7 40  2.51999998  0.0   1
     3216  -1.6392652  101.1484294    2.57965      893.9      154.0      -43.3     16.8     19.5     16.8 2023  9 28  7 55 56.93999863  0.0   1
     3217  -1.6401903  101.1442383    2.66766      427.3       51.7       44.7     21.1     13.3     14.5 2023  9 28  7 56  5.48999977  0.0   1
     3218  -1.6451630  101.1465902    2.49183      689.4     -498.1     -131.1     31.3     27.8     31.4 2023  9 28  7 56 11.47999954  0.0   1
     3219  -1.6380704  101.1444661    3.30312      453.0      286.1      680.2     22.5     16.5     18.5 2023  9 28  7 57 46.27000046  0.0   1
     3220  -1.6431449  101.1471029    2.57044      746.4     -275.0      -52.5     27.2     14.5     21.4 2023  9 28  7 59 35.90000153  0.0   1
     3221  -1.6414173  101.1427572    2.47990      263.0      -83.9     -143.0     18.6     13.1     16.2 2023  9 28  8  1 35.72000122  0.0   1
     3222  -1.6382927  101.1471680    2.42043      753.3      261.6     -202.5     28.7     17.6     21.8 2023  9 28  8  2  3.35999990  0.0   1
     3223  -1.6409993  101.1457926    2.68417      600.4      -37.7       61.2     27.1     10.8     17.6 2023  9 28  8  2 40.31000137  0.0   1
     3224  -1.6394597  101.1474854    2.37101      788.6      132.5     -251.9     13.4     12.8     16.0 2023  9 28  8  7 49.70999908  0.0   1
     3225  -1.6419435  101.1453613    2.55551      552.8     -142.1      -67.4     26.7     12.9     18.6 2023  9 28  8 13  6.84000015  0.0   1
     3226  -1.6390499  101.1464437    2.53781      672.5      177.8      -85.1     23.8     16.1     17.8 2023  9 28  8 15 50.84999847  0.0   1
     3227  -1.6427607  101.1435465    2.48698      350.6     -232.5     -136.0     23.5     20.6     20.9 2023  9 28  8 15 58.18999863  0.0   1
     3228  -1.6433671  101.1465739    2.70700      686.9     -299.5       84.1     20.5     18.3     15.3 2023  9 28  8 17  0.49000001  0.0   1
     3229  -1.6388248  101.1461914    2.51526      644.8      202.7     -107.7     22.4     17.1     14.0 2023  9 28  8 17 24.29000092  0.0   1
     3230  -1.6412799  101.1445394    2.70386      461.1      -68.7       80.9     23.7     21.4     16.1 2023  9 28  8 19 49.29999924  0.0   1
     3231  -1.6413097  101.1408529    2.58887       50.8      -72.0      -34.1     35.4     14.1     11.0 2023  9 28  8 20 55.52000046  0.0   1
     3232  -1.6403262  101.1458822    2.63976      609.9       36.7       16.8     20.7     11.7     14.5 2023  9 28  8 26 42.88000107  0.0   1
     3233  -1.6420729  101.1466878    2.52984      699.8     -156.4      -93.1     12.3     10.2     16.4 2023  9 28  8 26 46.84000015  0.0   1
     3234  -1.6413991  101.1437663    2.78637      374.9      -81.9      163.4     15.5     14.9     14.3 2023  9 28  8 27  2.09999990  0.0   1
     3235  -1.6427952  101.1448812    2.46260      498.8     -236.3     -160.3     30.8     16.3     18.3 2023  9 28  8 29 31.02000046  0.0   1
     3236  -1.6418229  101.1446940    2.52124      478.4     -128.8     -101.7     31.2     29.5     23.8 2023  9 28  8 33 52.38000107  0.0   1
     3237  -1.6414157  101.1422770    2.54634      208.9      -83.8      -76.6     25.1     13.6     14.3 2023  9 28  8 34 52.70000076  0.0   1
     3238  -1.6401614  101.1422445    2.73777      205.8       54.9      114.8     27.4     14.6     11.8 2023  9 28  8 35 23.65999985  0.0   1
     3239  -1.6382276  101.1458577    2.24290      607.4      268.8     -380.0     21.1     10.6     15.7 2023  9 28  8 35 37.04000092  0.0   1
     3240  -1.6425131  101.1408366    2.61608       48.6     -205.1       -6.9     39.1     28.2     18.2 2023  9 28  8 36  6.26000023  0.0   1
     3241  -1.6410034  101.1442301    2.56325      426.8      -38.2      -59.7     19.9     13.8     17.2 2023  9 28  8 36  9.26000023  0.0   1
     3242  -1.6437599  101.1455485    2.60359      573.2     -343.0      -19.4     15.6     13.9     16.1 2023  9 28  8 36 18.69000053  0.0   1
     3243  -1.6431890  101.1373210    2.87154     -342.2     -279.8      248.6     40.5     17.1     12.6 2023  9 28  8 36 33.70999908  0.0   1
     3244  -1.6457399  101.1423096    2.34828      212.6     -561.9     -274.7     19.3     16.5     21.9 2023  9 28  8 36 39.86999893  0.0   1
     3245  -1.6501474  101.1416423    2.36796      138.9    -1049.3     -255.0     31.4     21.2     25.1 2023  9 28  8 37 37.74000168  0.0   1
     3246  -1.6405113  101.1422363    2.70511      205.0       16.2       82.2     20.4     17.4     14.2 2023  9 28  8 37 40.75999832  0.0   1
     3247  -1.6411424  101.1417725    2.78430      153.0      -53.5      161.4     23.0     17.5     13.8 2023  9 28  8 38  9.71000004  0.0   1
     3248  -1.6382109  101.1455241    2.64448      570.9      270.6       21.5     17.3     15.6     15.2 2023  9 28  8 39  3.31999993  0.0   1
     3249  -1.6414467  101.1422282    2.75392      203.8      -87.2      131.0     27.4     19.1     14.6 2023  9 28  8 39 16.25000000  0.0   1
     3250  -1.6408827  101.1404297    2.75577        3.5      -24.8      132.8     53.6     28.2     23.0 2023  9 28  8 39 29.69000053  0.0   1
     3251  -1.6404368  101.1421387    2.78549      193.7       24.5      162.5     26.0     12.0     15.0 2023  9 28  8 40 15.93999958  0.0   1
     3252  -1.6407487  101.1455973    2.68781      578.9      -10.0       64.9     25.4     11.6     16.4 2023  9 28  8 40 38.47999954  0.0   1
     3253  -1.6424578  101.1407227    2.76036       36.6     -199.0      137.4     25.1     14.7     15.0 2023  9 28  8 40 41.38000107  0.0   1
     3254  -1.6450348  101.1422526    2.74456      206.4     -483.9      121.6     18.8     13.2     18.1 2023  9 28  8 41  2.16000009  0.0   1
     3255  -1.6428410  101.1462321    2.60800      648.9     -241.4      -14.9     27.0     16.0     16.5 2023  9 28  8 41 20.87999916  0.0   1
     3256  -1.6395542  101.1414795    2.63435      120.8      122.1       11.4     21.8     12.8     13.9 2023  9 28  8 41 55.04999924  0.0   1
     3257  -1.6392570  101.1465820    3.24769      688.0      154.9      624.7     28.7     23.0     19.2 2023  9 28  8 42 14.56999969  0.0   1
     3258  -1.6449544  101.1403727    2.74034       -3.0     -475.1      117.4     31.7     16.5     15.1 2023  9 28  8 42 19.54999924  0.0   1
     3259  -1.6448115  101.1489909    2.39889      956.2     -459.2     -224.1     26.7     24.4     25.5 2023  9 28  8 43 54.72999954  0.0   1
     3260  -1.6485868  101.1448079    2.08312      491.2     -876.7     -539.8     31.6     20.2     32.4 2023  9 28  8 44 16.90999985  0.0   1
     3261  -1.6392699  101.1442301    2.94536      426.8      153.5      322.4     21.2     16.9     14.2 2023  9 28  8 44 28.37999916  0.0   1
     3262  -1.6401653  101.1415365    2.88367      126.8       54.5      260.7     21.9     13.0     13.1 2023  9 28  8 47 19.86000061  0.0   1
     3263  -1.6416531  101.1442383    2.60539      427.6     -110.0      -17.6     34.8     26.9     20.1 2023  9 28  8 47 33.06999969  0.0   1
     3264  -1.6431521  101.1402995    2.87264      -10.5     -275.8      249.7     40.3     13.8     15.8 2023  9 28  8 51 42.25999832  0.0   1
     3265  -1.6430883  101.1407471    2.75646       39.2     -268.7      133.5     38.7     16.9     14.1 2023  9 28  8 59 46.52999878  0.0   1
     3266  -1.6415679  101.1439372    2.54106      393.5     -100.6      -81.9     25.8     14.1     13.0 2023  9 28  9  4 21.27000046  0.0   1
     3267  -1.6428265  101.1417399    2.67471      149.3     -239.8       51.8     30.8     15.8     13.5 2023  9 28  9  5 15.84000015  0.0   1
     3268  -1.6418326  101.1453125    2.73848      547.1     -129.9      115.5     19.1     12.6     16.3 2023  9 28  9 10 20.37000084  0.0   1
     3269  -1.6442970  101.1337565    2.81681     -738.8     -402.4      193.9     36.2     19.6     15.4 2023  9 28  9 17 17.36000061  0.0   1
     3270  -1.6380534  101.1413493    2.71292      105.7      288.0       90.0     31.8     16.3     15.6 2023 10  5  7 35 44.90999985  0.0   1
     3271  -1.6129669  101.1351725    2.23451     -581.5     3061.9     -388.4     98.8     71.2     60.3 2023 10  8  0 46  1.73000002  0.0   1
     3272  -1.6127579  101.1313965    2.43317    -1001.6     3085.0     -189.8    102.5     72.7     60.8 2023 10  8  0 46 50.84000015  0.0   1
     3273  -1.6367456  101.1367513    3.17229     -405.5      432.6      549.3     40.7     20.7     16.4 2023 10  9 12  0 57.20999908  0.0   1
     3274  -1.6363366  101.1583415    2.80566     1996.3      477.8      182.7     31.9     19.8     27.1 2023 10  9 13 10 28.75000000  0.0   1
     3275  -1.6413621  101.1461670    2.45632      642.1      -77.8     -166.6     23.5     11.1     17.4 2023 10 10  8 52 47.47999954  0.0   1
     3276  -1.6468277  101.1456136    3.06749      580.0     -682.2      444.5     41.4     28.7     21.0 2023 10 12  2  8 51.72999954  0.0   1
     3277  -1.6458549  101.1455811    2.47926      576.6     -574.6     -143.7     22.7     15.4     16.4 2023 10 12  2 25 53.88999939  0.0   1
     3278  -1.6517036  101.1434977    2.54587      344.6    -1221.3      -77.1     43.4     24.7     21.8 2023 10 12  2 26 44.36999893  0.0   1
     3279  -1.6456907  101.1402018    2.67394      -21.6     -556.5       51.0     53.3     23.9     20.2 2023 10 12  7 33 35.72000122  0.0   1
     3280  -1.6406698  101.1350586    2.81362     -594.4       -1.3      190.7     38.4     32.5     27.6 2023 10 12  7 35 26.72999954  0.0   1
     3281  -1.6368863  101.1434814    3.12306      343.1      417.1      500.1     27.2     17.6     17.8 2023 10 12  7 44 21.15999985  0.0   1
     3282  -1.6367410  101.1454590    3.23561      563.4      433.1      612.7     28.1     21.7     19.2 2023 10 14  8 24 30.54000092  0.0   1
     3283  -1.6374466  101.1453695    3.41863      553.0      355.1      795.7     31.8     26.3     17.1 2023 10 14 10 32 46.22999954  0.0   1
     3284  -1.6381353  101.1415120    2.90920      124.2      279.0      286.3     47.1     35.8     18.3 2023 10 14 16 31 41.02000046  0.0   1
     3285  -1.6402070  101.1377848    3.50148     -290.8       49.9      878.5     49.1     20.8     17.6 2023 10 17  8 13 56.77000046  0.0   1
     3286  -1.6413358  101.1269206    2.89227    -1499.8      -74.9      269.3     25.1     20.2     16.8 2023 10 17  9  1 32.40999985  0.0   1
     3288  -1.6388406  101.1353353    2.67446     -563.5      201.0       51.5     81.6     38.4     39.4 2023 10 18 14 21 34.95000076  0.0   1
