     2719  -1.6405986  101.1457764    2.88676      598.8        6.6      263.8     50.2     34.9     34.9 2023  1  3  3 43 21.02000046  0.0   1
     2720  -1.6380145  101.1463135    3.06459      658.2      292.3      441.6     55.0     40.1     35.2 2023  1  3  3 52  5.73000002  0.0   1
     2721  -1.6373801  101.1497721    2.70076     1043.3      362.5       77.8     40.4     46.7     37.8 2023  1  3  3 52 21.03000069  0.0   1
     2722  -1.6422929  101.1378825    2.76368     -280.0     -180.8      140.7     48.2     35.5     26.7 2023  1  3  3 52 34.75000000  0.0   1
     2723  -1.6395125  101.1451253    2.84125      526.5      126.7      218.3     48.6     49.0     37.2 2023  1  3  4  2 20.45000076  0.0   1
     2724  -1.6393489  101.1461507    2.90373      640.4      144.8      280.8     39.1     36.3     29.6 2023  1  4 20 11 39.40000153  0.0   1
     2725  -1.6419121  101.1433757    2.80665      331.4     -138.6      183.7     48.9     28.3     25.6 2023  1  4 20 16 15.53999996  0.0   1
     2726  -1.6443558  101.1387370    2.65527     -185.1     -408.9       32.3     45.2     34.5     25.0 2023  1  4 20 17  9.68000031  0.0   1
     2727  -1.6498245  101.1280518    1.79540    -1374.0    -1013.6     -827.5    191.0    142.8    194.9 2023  1  4 20 18 22.71999931  0.0   1
     2729  -1.6484464  101.1377523    2.60688     -294.7     -861.2      -16.1    203.6     83.2     80.8 2023  1 11 13 28 50.43999863  0.0   1
     2734  -1.6423125  101.1466064    2.93067      691.0     -182.9      307.7     47.2     28.3     27.3 2023  1 20 18 30  0.36000001  0.0   1
     2735  -1.6439184  101.1381266    2.97544     -252.9     -360.5      352.5    119.9     58.6     35.7 2023  1 20 19 10 25.45999908  0.0   1
     2736  -1.6410096  101.1448161    2.67493      492.0      -38.9       52.0     40.0     32.4     25.0 2023  1 20 19 10 36.45999908  0.0   1
     2737  -1.6419526  101.1435547    2.60945      351.1     -143.1      -13.5     50.6     27.4     23.0 2023  1 20 19 11 19.44000053  0.0   1
     2738  -1.6411540  101.1418783    3.02234      165.2      -54.8      399.4     58.8     38.9     28.4 2023  1 20 19 11 38.47999954  0.0   1
     2739  -1.6395899  101.1427897    2.86364      265.8      118.1      240.7     41.7     31.3     27.5 2023  1 20 19 11 46.86000061  0.0   1
     2740  -1.6409822  101.1435221    2.66694      348.1      -35.8       44.0     48.7     31.4     21.6 2023  1 20 19 12  2.07999992  0.0   1
     2741  -1.6416363  101.1444743    2.87881      454.1     -108.2      255.9     40.3     41.0     26.8 2023  1 20 19 12 14.30000019  0.0   1
     2742  -1.6454196  101.1379639    2.54085     -270.5     -526.5      -82.1     87.2     59.0     49.5 2023  1 20 19 12 27.89999962  0.0   1
     2743  -1.6399031  101.1430339    2.83383      293.4       83.5      210.9     35.7     33.3     29.2 2023  1 20 19 12 41.43999863  0.0   1
     2744  -1.6382053  101.1444255    3.17414      447.9      271.2      551.2     50.0     42.1     27.3 2023  1 20 19 12 45.20000076  0.0   1
     2745  -1.6416073  101.1420980    3.00292      189.0     -104.9      380.0     65.8     45.2     34.6 2023  1 20 19 12 58.77999878  0.0   1
     2746  -1.6425582  101.1421061    2.94817      190.3     -210.1      325.2     54.3     39.7     33.0 2023  1 20 19 13  8.81999969  0.0   1
     2747  -1.6452700  101.1444173    2.58450      447.5     -510.0      -38.4     68.8     47.5     36.1 2023  1 20 19 13 21.52000046  0.0   1
     2748  -1.6408400  101.1396729    2.99018      -81.0      -20.1      367.2    167.9     76.4     49.9 2023  1 20 19 13 50.47999954  0.0   1
     2749  -1.6419998  101.1305176    2.45028    -1099.0     -148.4     -172.7     77.3     65.2     65.1 2023  1 20 19 13 59.40000153  0.0   1
     2750  -1.6416178  101.1357340    2.72679     -518.7     -106.1      103.9     76.4     67.8     57.8 2023  1 20 19 14 14.26000023  0.0   1
     2751  -1.6414384  101.1435465    2.95320      350.1      -86.3      330.3     63.5     44.4     29.2 2023  1 20 19 14 47.25999832  0.0   1
     2752  -1.6431978  101.1464681    2.67059      675.3     -280.8       47.6     90.1     40.7     47.2 2023  1 20 19 14 50.77999878  0.0   1
     2753  -1.6415896  101.1397542    2.96894      -71.2     -103.0      346.0     82.7     62.2     38.9 2023  1 20 19 15  4.05999994  0.0   1
     2754  -1.6412202  101.1442057    2.74180      423.4      -62.1      118.9     44.6     34.0     24.4 2023  1 20 19 15 37.75999832  0.0   1
     2755  -1.6401740  101.1430583    2.79718      296.3       53.5      174.2     53.5     32.1     27.9 2023  1 20 19 15 47.91999817  0.0   1
     2756  -1.6402681  101.1439779    2.80090      398.9       43.1      178.0     34.4     34.2     23.8 2023  1 20 19 16  4.34000015  0.0   1
     2757  -1.6431104  101.1392415    2.75968     -128.2     -271.2      136.7     48.6     36.8     31.7 2023  1 20 19 16 23.39999962  0.0   1
     2758  -1.6390474  101.1461100    2.81260      635.4      178.1      189.7     41.8     33.1     26.3 2023  1 20 19 16 33.02000046  0.0   1
     2759  -1.6406368  101.1445557    2.81012      462.7        2.4      187.2     46.3     32.2     26.0 2023  1 20 19 16 54.11999893  0.0   1
     2760  -1.6410941  101.1478678    2.78011      831.3      -48.2      157.2     40.1     38.7     28.6 2023  1 20 19 17 18.65999985  0.0   1
     2761  -1.6405874  101.1430583    2.83258      296.1        7.8      209.6     41.7     41.5     29.4 2023  1 20 19 17 23.44000053  0.0   1
     2762  -1.6416314  101.1432048    2.74089      312.1     -107.6      117.9     36.3     34.6     26.4 2023  1 20 19 17 53.41999817  0.0   1
     2763  -1.6457134  101.1217041    1.74087    -2079.8     -559.0     -882.1    103.9     93.2    128.1 2023  1 20 19 17 59.56000137  0.0   1
     2764  -1.6379117  101.1491862    2.95332      977.9      303.7      330.4     74.6     46.1     22.3 2023  1 20 19 18 19.47999954  0.0   1
     2765  -1.6430258  101.1462972    2.97352      656.2     -261.8      350.6     58.4     37.3     44.2 2023  1 20 19 18 31.20000076  0.0   1
     2766  -1.6435711  101.1401286    2.76698      -29.7     -322.1      144.0     54.1     43.3     26.1 2023  1 20 19 18 39.00000000  0.0   1
     2767  -1.6410275  101.1412354    2.93079       93.0      -40.8      307.8     50.7     38.2     24.2 2023  1 20 19 20 12.10000038  0.0   1
     2768  -1.6412347  101.1361654    2.79315     -471.2      -63.8      170.2     56.1     36.6     34.5 2023  1 20 19 20 39.81999969  0.0   1
     2769  -1.6415291  101.1408936    2.93389       55.5      -96.3      310.9     50.4     34.9     19.3 2023  1 20 19 21  7.40000010  0.0   1
     2770  -1.6415119  101.1420247    2.93573      181.0      -94.4      312.8     36.5     32.9     24.9 2023  1 20 19 21 18.81999969  0.0   1
     2771  -1.6403168  101.1509440    2.61761     1174.0       37.8       -5.3     50.2     31.3     31.7 2023  1 20 19 21 59.91999817  0.0   1
     2772  -1.6418126  101.1442139    3.13976      424.4     -127.6      516.8     62.2     45.5     49.2 2023  1 20 19 22 12.19999981  0.0   1
     2773  -1.6384818  101.1549805    2.38358     1622.8      240.7     -239.4     63.7     49.8     62.8 2023  1 20 19 22 39.93999863  0.0   1
     2774  -1.6429860  101.1421305    3.07641      193.2     -257.4      453.5    127.0     47.1     36.9 2023  1 20 19 22 45.40000153  0.0   1
     2775  -1.6450223  101.1364909    2.78715     -435.0     -482.6      164.2     68.1     46.1     44.3 2023  1 20 19 23  1.05999994  0.0   1
     2776  -1.6458748  101.1428630    2.38548      274.5     -576.8     -237.5     72.0     24.6     37.3 2023  1 20 19 23  6.86000013  0.0   1
     2777  -1.6419004  101.1390544    2.75072     -149.1     -137.4      127.8     41.1     32.5     26.0 2023  1 20 19 24 26.95999908  0.0   1
     2778  -1.6462546  101.1263184    2.55147    -1566.3     -618.8      -71.5    116.3     81.1     95.2 2023  1 20 19 24 30.94000053  0.0   1
     2779  -1.6457315  101.1384928    2.60237     -211.6     -561.0      -20.6    174.2     58.9     48.5 2023  1 20 19 24 45.20000076  0.0   1
     2780  -1.6472963  101.1301270    2.28058    -1142.4     -734.0     -342.4     66.4     50.8     51.7 2023  1 20 19 24 52.18000031  0.0   1
     2782  -1.6392359  101.1524089    2.64798     1336.9      157.3       25.0     48.8     37.3     28.8 2023  1 20 19 25 16.07999992  0.0   1
     2783  -1.6494403  101.1306885    1.52965    -1080.2     -971.1    -1093.3    104.0     62.7    102.8 2023  1 20 19 26 19.50000000  0.0   1
     2784  -1.6355012  101.1559082    2.75066     1726.3      570.2      127.7     50.8     76.9     44.2 2023  1 20 19 26 40.24000168  0.0   1
     2785  -1.6445147  101.1450277    3.03398      515.2     -426.4      411.0     93.3     62.7     55.2 2023  1 20 19 26 53.72000122  0.0   1
     2786  -1.6417356  101.1444417    2.62951      450.4     -119.1        6.6     52.4     28.8     28.8 2023  1 20 19 28  3.14000010  0.0   1
     2787  -1.6428123  101.1410400    2.70004       71.7     -238.2       77.1     38.2     26.0     21.9 2023  1 20 19 28 27.34000015  0.0   1
     2788  -1.6410845  101.1440837    2.83224      410.5      -47.2      209.3     41.1     32.2     25.4 2023  1 20 19 28 29.31999969  0.0   1
     2789  -1.6415300  101.1439697    2.63293      397.8      -96.4       10.0     80.1     51.5     35.8 2023  1 20 19 28 39.91999817  0.0   1
     2790  -1.6447903  101.1419922    2.84352      177.9     -456.9      220.6     54.5     27.6     25.3 2023  1 20 19 29 12.73999977  0.0   1
     2791  -1.6434441  101.1417074    2.83591      145.4     -308.0      213.0     49.1     30.1     27.5 2023  1 20 19 29 38.18000031  0.0   1
     2792  -1.6420015  101.1451416    2.77096      527.6     -148.5      148.0     60.0     31.0     27.8 2023  1 20 19 30 28.65999985  0.0   1
     2793  -1.6409940  101.1426839    2.77723      254.2      -37.1      154.3     44.4     35.0     28.7 2023  1 20 19 30 43.77999878  0.0   1
     2794  -1.6459582  101.1315755    2.45539     -981.2     -586.0     -167.6     96.0     58.8     77.5 2023  1 20 19 30 58.61999893  0.0   1
     2795  -1.6338975  101.1569661    2.16490     1843.4      747.5     -458.0     61.1     78.5     52.3 2023  1 20 19 31  4.38000011  0.0   1
     2796  -1.6434549  101.1453857    2.55552      555.3     -309.2      -67.4    115.0     61.9     58.2 2023  1 20 19 31  9.84000015  0.0   1
     2797  -1.6420078  101.1430501    2.87494      295.3     -149.2      252.0     48.5     22.5     26.0 2023  1 20 19 31 49.70000076  0.0   1
     2798  -1.6417248  101.1483236    2.80747      882.2     -117.9      184.5     69.1     42.2     33.9 2023  1 20 19 32  3.83999991  0.0   1
     2799  -1.6425547  101.1424235    2.73575      225.4     -209.7      112.8     73.0     30.3     33.6 2023  1 20 19 32  9.02000046  0.0   1
     2800  -1.6412238  101.1413330    2.91027      103.8      -62.5      287.3     32.1     25.4     22.6 2023  1 20 19 32 20.89999962  0.0   1
     2801  -1.6422588  101.1410156    2.77062       69.0     -177.0      147.7     62.9     23.3     22.1 2023  1 20 19 32 52.88000107  0.0   1
     2802  -1.6421380  101.1438395    2.69007      383.1     -163.6       67.1     37.1     24.1     23.3 2023  1 20 19 32 59.25999832  0.0   1
     2803  -1.6419804  101.1429443    2.95842      283.0     -146.2      335.5     40.9     31.6     22.4 2023  1 20 19 33  9.80000019  0.0   1
     2804  -1.6437124  101.1374349    2.68955     -329.8     -337.7       66.6     67.4     36.3     38.5 2023  1 20 19 33 34.56000137  0.0   1
     2805  -1.6398187  101.1506755    2.87343     1143.8       92.8      250.5     46.9     36.2     34.7 2023  1 20 19 33 48.00000000  0.0   1
     2806  -1.6431132  101.1419515    2.88275      173.3     -271.5      259.8     81.7     39.2     41.5 2023  1 20 19 33 53.97999954  0.0   1
     2807  -1.6405842  101.1464762    2.71322      676.6        8.2       90.3     55.0     40.1     23.1 2023  1 20 19 34 15.69999981  0.0   1
     2808  -1.6464073  101.1241699    1.55705    -1806.1     -635.7    -1065.9    110.5     78.8    120.3 2023  1 20 19 34 33.22000122  0.0   1
     2809  -1.6446715  101.1348389    2.55175     -618.8     -443.8      -71.2     79.4     38.1     67.9 2023  1 20 19 34 48.20000076  0.0   1
     2810  -1.6424578  101.1425781    2.58305      242.5     -199.0      -39.9     36.2     21.0     23.9 2023  1 20 19 34 58.11999893  0.0   1
     2811  -1.6426787  101.1457275    3.00084      593.3     -223.4      377.9     55.3     39.1     34.1 2023  1 20 19 35 21.10000038  0.0   1
     2812  -1.6420334  101.1418701    2.88761      164.1     -152.1      264.7     52.0     36.4     23.7 2023  1 20 19 35 48.25999832  0.0   1
     2813  -1.6413288  101.1447673    2.80300      486.7      -74.1      180.1     38.8     35.1     26.2 2023  1 20 19 36 32.65999985  0.0   1
     2814  -1.6433253  101.1444336    2.90040      449.3     -294.9      277.5     52.0     41.5     29.0 2023  1 20 19 36 50.90000153  0.0   1
     2815  -1.6408091  101.1431722    2.81652      308.9      -16.7      193.6     44.2     38.2     30.0 2023  1 20 19 43 50.43999863  0.0   1
     2816  -1.6412334  101.1437988    2.98930      378.2      -63.6      366.4     52.1     46.3     40.9 2023  1 20 19 43 54.97999954  0.0   1
     2817  -1.6408955  101.1441569    2.72519      418.4      -26.2      102.2     54.8     37.5     29.7 2023  1 20 19 49 56.54000092  0.0   1
     2818  -1.6410589  101.1459473    2.94004      617.7      -44.3      317.1     46.8     39.5     33.2 2023  1 20 19 53 30.76000023  0.0   1
     2819  -1.6411744  101.1434001    2.82830      334.4      -57.1      205.4     62.0     33.7     22.5 2023  1 20 19 57 15.27999973  0.0   1
     2820  -1.6416392  101.1441162    2.61814      413.8     -108.5       -4.8     47.3     35.3     26.1 2023  1 20 19 57 23.65999985  0.0   1
     2821  -1.6396119  101.1445882    2.79229      466.6      115.7      169.4     55.6     44.7     28.8 2023  1 20 20 23  4.65999985  0.0   1
     2822  -1.6409821  101.1404215    2.82509        3.1      -35.8      202.1     65.3     47.8     48.7 2023  1 21  1 56 37.25000000  0.0   1
     2823  -1.6400178  101.1473551    2.82088      774.4       70.8      197.9     88.5     49.3     43.5 2023  1 30 17 30  4.76000023  0.0   1
     2824  -1.6428158  101.1399251    2.76583      -52.7     -238.6      142.9     59.1     39.6     28.4 2023  1 30 17 30 40.74000168  0.0   1
     2825  -1.6456693  101.1279948    1.86136    -1380.5     -554.1     -761.6     82.5     54.9     81.4 2023  2 18 22 35 10.69999981  0.0   1
     2826  -1.6393866  101.1437744    2.81150      375.5      140.6      188.6     82.2     56.0     33.6 2023  2 18 22 38 25.92000008  0.0   1
     2827  -1.6414920  101.1427165    2.66302      257.8      -92.2       40.1     55.8     48.1     38.2 2023  2 18 22 38 33.40000153  0.0   1
     2828  -1.6454830  101.1317952    2.21756     -956.8     -533.5     -405.4     84.7     54.8     64.9 2023  2 18 22 39  5.48000002  0.0   1
     2829  -1.6466150  101.1353597    2.37837     -560.9     -658.7     -244.6     66.0     41.7     43.6 2023  2 26 15 14 57.77000046  0.0   1
     2830  -1.6466967  101.1328125    2.05819     -844.1     -667.7     -564.8     64.1     42.7     45.2 2023  2 27 22 34 11.93999958  0.0   1
     2831  -1.6418733  101.1521403    2.71689     1306.6     -134.4       93.9     59.6     37.1     30.0 2023  2 27 22 34 17.97999954  0.0   1
     2832  -1.6479774  101.1361654    2.11709     -471.0     -809.3     -505.9     82.6     74.3     66.7 2023  2 27 22 34 39.31999969  0.0   1
     2833  -1.6429499  101.1359782    2.70568     -491.8     -253.4       82.7     63.9     48.1     34.6 2023  2 27 22 34 42.22000122  0.0   1
     2834  -1.6407993  101.1396484    2.75877      -83.2      -15.6      135.8     71.8     30.0     29.5 2023  3  8  4 53 44.11000061  0.0   1
     2835  -1.6402514  101.1369059    2.81886     -388.0       45.0      195.9     72.6     39.6     26.6 2023  3 12 23 29 24.12000084  0.0   1
     2836  -1.6411162  101.1393962    2.92627     -111.4      -50.6      303.3     74.0     36.9     26.8 2023  3 19 14 58 26.79999924  0.0   1
     2837  -1.6423782  101.1439453    2.83552      395.0     -190.2      212.6     45.2     23.8     29.4 2023  3 19 14 58 27.35000038  0.0   1
     2838  -1.6395224  101.1441406    2.90003      416.5      125.6      277.1     39.0     42.8     24.6 2023  3 19 14 58 41.38999939  0.0   1
     2839  -1.6427670  101.1413818    2.80787      109.9     -233.2      184.9     59.3     33.9     30.7 2023  3 19 14 59  5.11999989  0.0   1
     2840  -1.6416916  101.1421875    2.87641      199.2     -114.3      253.5     79.8     31.2     27.0 2023  3 19 15  0 56.34000015  0.0   1
     2841  -1.6409243  101.1450846    2.80709      521.8      -29.4      184.1     39.8     26.5     32.1 2023  3 19 15  7 48.63000107  0.0   1
     2842  -1.6402849  101.1440430    2.82074      405.6       41.3      197.8     44.8     36.1     29.6 2023  3 19 15  8  6.13999987  0.0   1
     2843  -1.6415621  101.1465251    2.69977      682.3      -99.9       76.8     37.7     24.2     29.3 2023  3 19 15  8 45.77000046  0.0   1
     2844  -1.6426418  101.1446940    2.64631      478.5     -219.3       23.4     60.3     34.9     34.1 2023  3 19 15 10  1.89999998  0.0   1
     2845  -1.6413704  101.1423258    3.03034      214.9      -78.8      407.4     66.8     41.9     27.7 2023  3 19 15 10 17.05999947  0.0   1
     2846  -1.6435004  101.1360270    2.87138     -485.8     -314.3      248.4     57.8     38.5     28.1 2023  3 19 15 10 42.45999908  0.0   1
     2847  -1.6399974  101.1391195    3.22183     -142.3       73.1      598.9     76.4     51.0     39.6 2023  3 19 15 12  7.92000008  0.0   1
     2848  -1.6396329  101.1447998    2.99258      490.2      113.4      369.6     65.2     31.9     32.7 2023  3 19 15 12 41.66999817  0.0   1
     2849  -1.6397626  101.1461833    2.93609      644.3       99.0      313.1     42.1     37.8     27.2 2023  3 19 15 13  3.02999997  0.0   1
     2850  -1.6449052  101.1355876    2.74956     -535.0     -469.6      126.6     47.5     33.8     40.9 2023  3 19 15 13 29.22999954  0.0   1
     2851  -1.6407953  101.1413981    2.88698      111.7      -15.2      264.0     75.4     51.1     34.6 2023  3 19 15 14 14.53999996  0.0   1
     2852  -1.6441348  101.1292643    2.18720    -1239.1     -384.4     -435.7     58.2     42.8     54.9 2023  3 19 15 14 23.75000000  0.0   1
     2853  -1.6409121  101.1427734    2.71963      264.4      -28.1       96.7     53.9     57.6     35.3 2023  3 19 15 17  0.95999998  0.0   1
     2854  -1.6416072  101.1431234    2.68909      303.5     -104.9       66.1     42.5     36.2     34.4 2023  3 19 15 17 15.43000031  0.0   1
     2855  -1.6408644  101.1400228    2.89695      -41.8      -22.8      274.0    117.7     51.6     37.3 2023  3 19 15 17 23.26000023  0.0   1
     2856  -1.6425973  101.1388835    2.80758     -168.6     -214.4      184.6     88.6     36.7     30.5 2023  3 19 15 17 27.55999947  0.0   1
     2857  -1.6403217  101.1487549    2.91948      929.8       37.2      296.5     79.9     57.9     51.5 2023  3 19 15 17 37.34000015  0.0   1
     2858  -1.6415677  101.1443604    2.82364      440.9     -100.6      200.7     41.6     43.6     35.1 2023  3 30 10 37 55.43000031  0.0   1
     2859  -1.6406690  101.1464681    2.75457      676.0       -1.2      131.6     48.0     42.1     24.5 2023  3 30 10 38 31.47999954  0.0   1
     2860  -1.6438985  101.1362874    2.86553     -457.0     -358.3      242.6     56.5     34.5     36.6 2023  3 30 10 38 50.88000107  0.0   1
     2861  -1.6421186  101.1396403    3.00405      -84.3     -161.5      381.1     68.7     32.3     25.3 2023  3 30 10 38 55.63999939  0.0   1
     2862  -1.6428705  101.1435059    2.57586      345.8     -244.6      -47.1     31.7     27.9     26.9 2023  3 30 10 39 42.11999893  0.0   1
     2863  -1.6404711  101.1403890    3.23667       -0.7       20.7      613.7     53.0     42.2     38.3 2023  3 30 10 39 48.84999847  0.0   1
     2864  -1.6426526  101.1425863    2.77820      243.6     -220.5      155.3     39.7     22.7     24.4 2023  3 30 10 40  7.73999977  0.0   1
     2865  -1.6416990  101.1405273    2.83596       14.1     -115.1      213.0     40.3     32.1     32.8 2023  3 30 10 40 14.48999977  0.0   1
     2866  -1.6395713  101.1385986    2.81671     -200.2      120.2      193.8     38.9     33.8     25.6 2023  3 30 10 40 28.92000008  0.0   1
     2867  -1.6409387  101.1411702    2.73521       85.7      -31.0      112.3     44.5     45.9     34.5 2023  3 30 10 40 36.38999939  0.0   1
     2868  -1.6396047  101.1445150    2.70402      458.0      116.5       81.1     68.5     49.9     45.5 2023  3 30 10 40 42.43999863  0.0   1
     2869  -1.6462683  101.1346761    2.64526     -637.0     -620.3       22.3     95.9     66.1     58.1 2023  3 30 10 41  9.31999969  0.0   1
     2870  -1.6412815  101.1412109    2.82483       90.2      -68.9      201.9     57.8     26.3     21.0 2023  3 30 10 41 20.13999939  0.0   1
     2871  -1.6454647  101.1367269    2.83282     -408.7     -531.5      209.9     67.6     36.2     32.3 2023  3 30 10 41 29.93000031  0.0   1
     2872  -1.6455193  101.1330892    2.39647     -813.2     -537.5     -226.5     55.1     33.4     49.7 2023  3 30 10 42  3.19000006  0.0   1
     2873  -1.6423578  101.1436768    2.71381      364.7     -187.9       90.9     36.6     24.9     18.4 2023  3 30 10 42 11.61999989  0.0   1
     2874  -1.6417554  101.1399740    2.86354      -47.3     -121.3      240.6     45.7     36.9     25.5 2023  3 30 10 45 34.45999908  0.0   1
     2875  -1.6411246  101.1390625    2.83043     -148.2      -51.6      207.5    114.6     46.7     30.6 2023  3 30 10 49 11.32999992  0.0   1
     2877  -1.6399821  101.1453695    2.86815      553.0       74.8      245.2     63.0     51.9     36.6 2023  4  4 21 16 12.35999966  0.0   1
     2878  -1.6402531  101.1367513    2.99221     -406.0       44.8      369.3     57.0     33.8     37.9 2023  4  4 21 17 38.91999817  0.0   1
     2879  -1.6409957  101.1441813    2.62576      420.7      -37.3        2.8     71.4     61.6     42.6 2023  4  4 21 19 37.68000031  0.0   1
     2880  -1.6412839  101.1494792    2.81925     1010.4      -69.2      196.3     54.8     55.6     29.1 2023  4  4 21 20  7.90000010  0.0   1
     2881  -1.6406239  101.1448975    2.88823      501.0        3.8      265.3     46.4     50.0     34.7 2023  4  4 21 21 24.20000076  0.0   1
     2882  -1.6403041  101.1475993    2.54097      801.5       39.2      -82.0     66.0     69.3     36.4 2023  4  4 21 21 37.93999863  0.0   1
     2883  -1.6420045  101.1366374    2.67480     -418.2     -148.9       51.9    119.8     70.2     55.7 2023  4  4 21 21 52.75999832  0.0   1
     2884  -1.6451598  101.1417399    2.57685      149.4     -497.8      -46.1     75.1     52.0     38.5 2023  4  4 21 21 54.95999908  0.0   1
     2885  -1.6401932  101.1508789    2.89065     1166.5       51.4      267.7     60.5     37.9     39.2 2023  4  4 21 22  3.64000010  0.0   1
     2886  -1.6444691  101.1413411    2.82715      105.2     -421.4      204.2     73.4     38.4     33.4 2023  4  7  6 28 12.28999996  0.0   1
     2889  -1.6020035  101.1249919    1.88784    -1714.6     4274.2     -735.1    176.1    151.1    123.7 2023  4 14  5 51 20.79999924  0.0   1
     2890  -1.6061946  101.1235352    2.12343    -1876.0     3810.8     -499.5    156.8    172.5    112.4 2023  4 14  5 51 25.79999924  0.0   1
     2893  -1.6392630  101.1444499    2.90125      450.8      154.3      278.3     43.9     33.2     23.7 2023  5 15 17 26 39.81999969  0.0   1
     2894  -1.6392429  101.1484619    2.84565      897.7      156.5      222.7     38.7     31.6     28.2 2023  5 15 17 32 30.39999962  0.0   1
     2895  -1.6451331  101.1396322    2.62812      -85.5     -494.8        5.2     48.4     33.7     33.8 2023  5 19 22 49 48.45999908  0.0   1
     2896  -1.6427577  101.1434570    2.82812      340.7     -232.1      205.2     56.2     34.4     27.8 2023  5 19 22 54 49.02000046  0.0   1
     2897  -1.6404603  101.1406494    2.86752       28.2       21.9      244.6     53.1     36.5     24.8 2023  5 19 22 54 53.54000092  0.0   1
     2901  -1.6420064  101.1353434    2.71495     -562.8     -149.1       92.0     60.8     36.5     26.1 2023  5 27 15 42  8.60000038  0.0   1
     2903  -1.6434368  101.1399251    2.64543      -52.5     -307.2       22.5     98.4     54.4     64.6 2023  5 28 18 49 16.21999931  0.0   1
     2905  -1.6471756  101.1236247    1.69234    -1866.1     -720.7     -930.6    138.7    116.4    154.9 2023  6  6  1 40 44.04000092  0.0   1
     2906  -1.6424716  101.1337321    2.49175     -741.5     -200.5     -131.2     67.2     41.9     59.3 2023  6  6  1 42 24.76000023  0.0   1
     2907  -1.6412589  101.1376383    2.73427     -306.6      -66.4      111.3     69.8     44.1     25.5 2023  6  6  1 48 22.26000023  0.0   1
     2908  -1.6410053  101.1436279    2.75902      359.8      -38.4      136.1     51.8     27.7     25.4 2023  6  6  1 48 43.06999969  0.0   1
     2909  -1.6430673  101.1445557    2.69653      462.3     -266.4       73.6     57.0     23.9     30.3 2023  6  6  1 51 12.57999992  0.0   1
     2910  -1.6426318  101.1439290    2.74935      393.0     -218.2      126.4     76.1     33.8     31.1 2023  6  6  1 51 15.86999989  0.0   1
     2911  -1.6424305  101.1420654    2.87624      185.3     -196.0      253.3     56.7     28.1     22.6 2023  6  6  1 51 30.25000000  0.0   1
     2912  -1.6434242  101.1451172    2.94325      524.9     -305.8      320.3     56.2     29.5     26.1 2023  6  6  1 52 19.11000061  0.0   1
     2913  -1.6420640  101.1424805    2.94757      231.9     -155.4      324.6     62.5     30.1     26.6 2023  6  6  1 52 40.33000183  0.0   1
     2914  -1.6402522  101.1427734    3.00888      264.2       44.9      385.9     52.1     30.2     29.1 2023  6  6  1 52 50.29999924  0.0   1
     2915  -1.6421167  101.1424479    2.85125      228.5     -161.3      228.3    119.8     48.8     36.1 2023  6  6  1 53 28.01000023  0.0   1
     2916  -1.6452615  101.1424886    2.82099      232.9     -509.0      198.0    128.9     54.1     40.6 2023  6  6  1 54  5.28999996  0.0   1
     2917  -1.6434268  101.1457194    2.78523      592.0     -306.1      162.3     56.2     32.1     37.3 2023  6  6  1 54 28.88999939  0.0   1
     2918  -1.6438048  101.1394613    2.85539     -103.9     -347.9      232.4    138.8     45.5     44.1 2023  6  6  1 54 37.52999878  0.0   1
     2919  -1.6424581  101.1508545    2.78798     1163.4     -199.0      165.0     46.0     32.3     31.0 2023  6  6  1 54 44.18999863  0.0   1
     2921  -1.6476256  101.1269531    1.54133    -1495.5     -770.4    -1081.6     91.0     57.7    113.2 2023  6  6  1 55 12.25000000  0.0   1
     2922  -1.6416547  101.1411133    2.87465       80.0     -110.2      251.7     51.8     30.1     30.1 2023  6  6  1 55 25.79999924  0.0   1
     2923  -1.6431675  101.1400391    2.65837      -40.0     -277.5       35.4     77.7     31.2     40.8 2023  6  6  1 55 44.54999924  0.0   1
     2924  -1.6400706  101.1454102    2.87576      557.4       65.0      252.8     61.5     30.3     32.8 2023  6  6  1 55 52.50999832  0.0   1
     2925  -1.6427169  101.1370524    2.84994     -371.8     -227.6      227.0     78.4     46.6     27.1 2023  6  6  1 56  1.14999998  0.0   1
     2926  -1.6425892  101.1416178    3.04097      136.2     -213.5      418.0     61.1     36.6     36.3 2023  6  6  1 56  8.31999969  0.0   1
     2927  -1.6508720  101.1268717    0.78427    -1505.2    -1129.4    -1838.7    136.4     96.3    217.5 2023  6  6  1 56 16.76000023  0.0   1
     2928  -1.6425972  101.1419596    2.80275      174.3     -214.4      179.8     50.2     28.3     24.0 2023  6  6  1 56 29.04999924  0.0   1
     2929  -1.6482970  101.1284342    1.72006    -1330.7     -844.6     -902.9    105.2     67.0    117.1 2023  6  6  1 56 36.79000092  0.0   1
     2930  -1.6408613  101.1441813    2.89421      421.0      -22.5      271.3     45.8     26.6     25.4 2023  6  6  1 57 14.22000027  0.0   1
     2931  -1.6421543  101.1427327    2.80363      260.3     -165.4      180.7     42.2     22.3     21.7 2023  6  6  1 57 25.55999947  0.0   1
     2932  -1.6411205  101.1412760    2.85841       97.9      -51.1      235.5     95.9     31.5     39.1 2023  6  6  1 57 28.88999939  0.0   1
     2933  -1.6420968  101.1440023    2.66110      401.4     -159.1       38.2     42.4     21.8     19.2 2023  6  6  1 57 37.61999893  0.0   1
     2934  -1.6421043  101.1439535    3.04558      396.0     -159.9      422.6     55.5     35.0     32.7 2023  6  6  1 57 45.38000107  0.0   1
     2935  -1.6386351  101.1483561    2.89913      885.6      223.7      277.2     56.4     42.8     29.8 2023  6  6  1 58  3.48000002  0.0   1
     2936  -1.6414721  101.1423421    2.82244      216.0      -90.0      199.5     48.1     27.2     27.9 2023  6  6  1 58 51.29000092  0.0   1
     2937  -1.6450603  101.1446289    2.62723      470.4     -486.8        4.3     56.5     56.5     63.8 2023  6  6  1 59  4.92000008  0.0   1
     2938  -1.6430355  101.1250977    1.73696    -1702.2     -262.9     -886.0    176.2    184.4    202.8 2023  6  6  2  0 18.29000092  0.0   1
     2939  -1.6413647  101.1450765    2.88014      520.7      -78.1      257.2     34.1     22.9     20.4 2023  6  6  2  0 50.33000183  0.0   1
     2940  -1.6425622  101.1421712    2.82408      197.3     -210.5      201.1     37.7     19.1     20.0 2023  6  6  2  1 17.14999962  0.0   1
     2941  -1.6445901  101.1424642    2.52254      230.3     -434.8     -100.4     55.8     44.9     37.8 2023  6  6  2  1 29.55999947  0.0   1
     2942  -1.6413297  101.1427816    2.76239      265.5      -74.3      139.4     33.7     20.2     23.8 2023  6  6  2  1 36.97999954  0.0   1
     2943  -1.6400972  101.1454997    2.54332      568.0       62.0      -78.6     60.7     33.5     39.0 2023  6  6  2  1 54.45999908  0.0   1
     2944  -1.6400651  101.1428711    2.91822      275.1       65.6      295.3     38.8     23.2     22.2 2023  6  6  2  2 19.39999962  0.0   1
     2945  -1.6467154  101.1446859    2.64746      477.3     -669.8       24.5     73.6     48.8     43.2 2023  6  6  2  3 32.54000092  0.0   1
     2946  -1.6438517  101.1442708    2.68242      431.1     -353.1       59.5     49.7     26.3     23.0 2023  6  6  2  5 16.29999924  0.0   1
     2947  -1.6322146  101.1533366    2.74365     1439.9      933.6      120.7     41.3     71.2     35.2 2023  6  6  2 11 56.61000061  0.0   1
     2948  -1.6412406  101.1449951    2.76870      511.4      -64.4      145.8     38.9     31.5     25.2 2023  6  6  2 57 14.14999962  0.0   1
     2949  -1.6412543  101.1440918    2.77562      411.1      -65.9      152.7     35.1     27.6     30.1 2023  6  6  2 57 29.37000084  0.0   1
     2950  -1.6398013  101.1489095    2.66527      947.0       94.8       42.3     44.9     29.2     31.7 2023  6  6  2 57 54.09999847  0.0   1
     2951  -1.6396163  101.1373454    2.63118     -339.9      115.2        8.2    348.4     83.9     73.0 2023  6  6  2 58  2.06999993  0.0   1
     2952  -1.6412732  101.1509277    1.91384     1172.0      -68.0     -709.1     40.7     41.6     39.6 2023  6  6  2 58 17.95000076  0.0   1
     2953  -1.6456089  101.1346924    2.33216     -634.8     -547.4     -290.8     64.4     32.9     40.6 2023  6  6  2 58 41.36999893  0.0   1
     2954  -1.6423045  101.1465658    2.50829      686.5     -182.0     -114.7     42.1     28.0     26.1 2023  6  6  2 59 47.00999832  0.0   1
     2955  -1.6391182  101.1509928    3.01069     1179.1      170.3      387.7     70.5     60.6     36.5 2023  6  6 22 40 15.80000019  0.0   1
     2962  -1.6412281  101.1403483    2.67221       -5.9      -63.0       49.3     35.4     38.7     28.6 2023  7  4 19 19 48.45999908  0.0   1
     2967  -1.6457802  101.1264079    2.19534    -1556.8     -566.4     -427.6    131.2     86.9    108.1 2023  7 14 23 38 10.26000023  0.0   1
     2968  -1.6409506  101.1428223    2.89100      269.8      -32.3      268.1     44.3     35.0     26.8 2023  7 15  2  2 49.29000092  0.0   1
     2969  -1.6417702  101.1418701    2.76811      163.7     -123.0      145.2     49.1     29.5     27.9 2023  7 15  2  5 39.86000061  0.0   1
     2972  -1.6421027  101.1391276    2.83117     -141.0     -159.7      208.2    109.5     49.2     33.4 2023  7 15  9 27  6.65999985  0.0   1
     2973  -1.6414413  101.1432048    2.74336      312.7      -86.6      120.4     34.3     19.0     17.3 2023  7 15  9 29 55.13999939  0.0   1
     2974  -1.6415646  101.1433757    2.70693      331.0     -100.2       84.0     33.0     33.4     29.1 2023  7 15  9 30  2.75999999  0.0   1
     2975  -1.6416185  101.1419515    2.72003      173.0     -106.2       97.1     30.8     25.0     22.8 2023  7 15  9 30 27.43000031  0.0   1
     2976  -1.6417919  101.1436849    2.69371      365.5     -125.4       70.8     75.6     35.9     24.4 2023  7 15  9 31 39.70999908  0.0   1
     2977  -1.6360247  101.1181071    1.92266    -2480.6      512.3     -700.3     93.8    130.8    124.0 2023  7 17 15  4 33.40000153  0.0   1
     2978  -1.6404443  101.1422038    2.84167      200.6       23.6      218.7     50.0     27.1     24.6 2023  7 19  2  5 31.29000092  0.0   1
     2979  -1.6394895  101.1418294    3.13166      158.9      129.2      508.7     42.8     37.7     27.8 2023  7 19  2 18 47.72999954  0.0   1
     2980  -1.6424566  101.1444987    2.84942      456.4     -198.8      226.5     68.6     37.0     31.1 2023  7 19  2 21  5.59999990  0.0   1
     2981  -1.6360077  101.1521322    2.84261     1305.9      514.2      219.7     71.0     55.2     52.4 2023  7 19  2 21  8.77999973  0.0   1
     2982  -1.6396804  101.1420166    2.94714      180.5      108.1      324.2     36.3     39.8     35.6 2023  7 19  2 59 40.54000092  0.0   1
     2983  -1.6410262  101.1427897    2.86530      266.5      -40.7      242.4     30.3     31.1     25.5 2023  7 19  3  0  3.86999989  0.0   1
     2984  -1.6412716  101.1468913    2.58665      722.7      -67.8      -36.3     52.1     36.2     22.0 2023  7 19  3  0 15.28999996  0.0   1
     2985  -1.6408067  101.1438721    2.70009      387.0      -16.4       77.2     42.5     40.4     31.0 2023  7 19  3  0 25.79000092  0.0   1
     2986  -1.6426242  101.1388184    2.85958     -175.5     -217.4      236.6     73.9     39.5     32.0 2023  7 19  3  1  0.31999999  0.0   1
     2987  -1.6447303  101.1440104    2.60389      402.5     -450.3      -19.1     35.6     18.7     21.9 2023  7 19  3  1 12.77000046  0.0   1
     2988  -1.6421501  101.1428630    2.60920      274.1     -165.0      -13.7     27.8     26.7     21.4 2023  7 19  3  1 20.85000038  0.0   1
     2989  -1.6410618  101.1401286    2.95030      -29.6      -44.6      327.4    117.4     38.6     28.6 2023  7 19  3  1 31.04999924  0.0   1
     2990  -1.6405301  101.1469482    2.87209      728.7       14.2      249.1     40.5     37.6     35.8 2023  7 19  3  1 58.95000076  0.0   1
     2991  -1.6411962  101.1427409    3.01463      260.7      -59.5      391.7     52.1     34.1     23.4 2023  7 19  3  2 24.22999954  0.0   1
     2992  -1.6410831  101.1423503    2.68731      217.4      -47.0       64.4     45.1     39.1     28.1 2023  7 19  3  2 31.32999992  0.0   1
     2994  -1.6458935  101.1403971    2.46221        0.1     -578.9     -160.7     82.2     56.3     45.8 2023  7 19  3  3  5.17000008  0.0   1
     2995  -1.6421605  101.1434570    2.77936      340.1     -166.1      156.4     55.3     27.2     24.2 2023  7 19  3  3 49.45000076  0.0   1
     2996  -1.6409110  101.1435791    2.90858      353.7      -27.9      285.6     45.7     32.8     26.2 2023  7 19  3  4 25.73999977  0.0   1
     2997  -1.6424990  101.1402913    2.49715      -11.5     -203.5     -125.8     98.7     44.9     49.4 2023  7 19  3  4 42.90000153  0.0   1
     2998  -1.6401094  101.1444092    3.02336      446.5       60.7      400.4     52.0     35.0     24.8 2023  7 19  3  4 47.33000183  0.0   1
     2999  -1.6407632  101.1413411    3.01208      105.2      -11.6      389.1     42.9     36.5     27.9 2023  7 19  3  5 55.38999939  0.0   1
     3000  -1.6395541  101.1445964    2.84855      467.0      122.1      225.6     44.9     27.3     26.2 2023  7 19  3  6 34.20999908  0.0   1
     3001  -1.6418022  101.1430501    2.70965      295.3     -126.5       86.7     27.5     30.7     28.6 2023  7 19  3  7 18.03000069  0.0   1
     3002  -1.6437013  101.1421224    2.67568      192.3     -336.5       52.7     51.9     29.7     36.7 2023  7 19  3  7 20.17000008  0.0   1
     3003  -1.6411200  101.1503011    2.59010     1102.0      -51.1      -32.8     53.5     55.1     63.1 2023  7 19  3  8 37.70999908  0.0   1
     3004  -1.6431333  101.1424723    2.81739      230.6     -273.7      194.4     72.8     57.8     67.0 2023  7 19  3 10 29.87999916  0.0   1
     3005  -1.6403104  101.1431478    2.87636      305.8       38.5      253.4     46.5     25.8     26.8 2023  7 19  3 11  7.88000011  0.0   1
     3006  -1.6369654  101.1471110    3.20812      747.4      408.3      585.2     85.0     56.4     53.9 2023  7 19  3 12 10.78999996  0.0   1
     3007  -1.6413470  101.1482340    2.69789      872.1      -76.2       74.9     47.1     49.2     35.6 2023  7 19  3 14 29.62999916  0.0   1
     3008  -1.6418713  101.1464762    2.38965      676.0     -134.1     -233.3     35.4     29.6     27.9 2023  7 19  3 14 38.36000061  0.0   1
     3009  -1.6404558  101.1431641    2.77275      307.5       22.4      149.8     77.7     81.5     62.5 2023  7 19  3 17 13.86999989  0.0   1
     3010  -1.6407995  101.1454508    2.81604      562.3      -15.6      193.1     46.8     32.3     27.5 2023  7 19  3 22  8.31999969  0.0   1
     3011  -1.6392605  101.1420654    2.86606      185.4      154.5      243.1     37.0     30.4     30.1 2023  7 19  3 23  0.50000000  0.0   1
     3012  -1.6411926  101.1436686    2.73823      364.3      -59.1      115.3     32.5     20.4     24.5 2023  7 19  3 23 19.36000061  0.0   1
     3013  -1.6419590  101.1439209    2.79804      391.8     -143.8      175.1     36.4     25.5     25.6 2023  7 19  3 23 22.77000046  0.0   1
     3014  -1.6382145  101.1416748    2.98369      141.9      270.2      360.7     33.6     26.1     26.1 2023  7 19  3 23 38.40000153  0.0   1
     3015  -1.6413966  101.1443766    2.71546      442.6      -81.6       92.5     32.6     23.8     20.1 2023  7 19  3 24  8.73999977  0.0   1
     3016  -1.6406002  101.1427002    2.89359      256.2        6.4      270.6     37.9     28.0     28.4 2023  7 19  3 24 11.84000015  0.0   1
     3017  -1.6440554  101.1437500    2.71956      372.9     -375.6       96.6     48.9     38.6     33.0 2023  7 19  3 24 18.10000038  0.0   1
     3018  -1.6414399  101.1422933    2.67968      211.4      -86.4       56.7     43.3     23.7     24.3 2023  7 19  3 26 25.94000053  0.0   1
     3019  -1.6434828  101.1364827    2.83247     -435.7     -312.3      209.5     65.9     46.9     37.2 2023  7 19  3 26 54.45000076  0.0   1
     3020  -1.6380294  101.1481201    2.89903      859.5      290.7      276.1     54.3     46.8     24.4 2023  7 19  3 28  6.32000017  0.0   1
     3021  -1.6355286  101.1388590    3.17018     -171.3      567.2      547.2     56.1     31.5     34.3 2023  7 19  3 28 11.30000019  0.0   1
     3022  -1.6404822  101.1483643    2.68152      886.4       19.5       58.6     57.8     41.6     41.8 2023  7 19  3 29  4.26999998  0.0   1
     3023  -1.6450737  101.1400716    2.52971      -36.0     -488.2      -93.2    132.1     63.1     54.3 2023  7 19  3 30 50.99000168  0.0   1
     3024  -1.6472571  101.1431641    2.52914      307.6     -729.7      -93.8     64.4     28.5     38.7 2023  7 19  3 37 19.65999985  0.0   1
     3025  -1.6400625  101.1332682    2.70103     -793.1       65.9       78.1     62.5     73.5     53.0 2023  7 19  3 39 24.28000069  0.0   1
     3026  -1.6442773  101.1452637    2.75575      541.7     -400.2      132.8    314.9     78.9     72.1 2023  7 19  3 48 22.11000061  0.0   1
     3027  -1.6412799  101.1423910    2.81576      221.8      -68.7      192.8     43.1     41.4     43.4 2023  7 19 19  1 51.08000183  0.0   1
     3028  -1.6420320  101.1402751    2.77605      -13.5     -151.9      153.1     55.8     36.6     33.1 2023  7 20  1 15 46.22999954  0.0   1
     3029  -1.6419540  101.1378499    2.76643     -283.0     -143.3      143.5     66.5     34.6     58.2 2023  7 20  1 16 25.07999992  0.0   1
     3030  -1.6394496  101.1410075    3.00019       67.9      133.6      377.2     92.4     62.7     49.8 2023  7 20  1 18 27.22999954  0.0   1
     3031  -1.6420788  101.1415446    2.71409      127.9     -157.1       91.2     31.4     29.9     35.2 2023  7 20 16 59 18.79999924  0.0   1
     3032  -1.6404546  101.1439046    2.79280      390.5       22.5      169.9     68.7     42.5     32.5 2023  7 21  6 50 53.00999832  0.0   1
     3033  -1.6461678  101.1428467    2.53574      272.8     -609.2      -87.2    131.0     65.6     73.5 2023  7 21 12 31 45.83000183  0.0   1
     3034  -1.6445529  101.1426595    2.64184      251.4     -430.7       18.9     47.0     38.8     39.8 2023  7 23  3 56 19.47999954  0.0   1
     3037  -1.6424224  101.1452148    2.63390      536.5     -195.1       11.0     48.4     43.6     44.5 2023  7 31 23 41 35.38000107  0.0   1
     3042  -1.6416855  101.1397380    2.97614      -73.8     -113.6      353.2     79.2     47.4     36.0 2023  8 25 22  0  2.96000004  0.0   1
     3043  -1.6405210  101.1455566    2.83445      573.9       15.2      211.5     31.8     24.7     27.1 2023  8 25 22  1 20.63999939  0.0   1
     3044  -1.6494647  101.1343913    2.44082     -668.3     -973.8     -182.1    114.6     66.3     91.2 2023  8 25 22  1 29.57999992  0.0   1
     3045  -1.6417217  101.1429199    2.68516      281.1     -117.6       62.2     52.6     28.9     23.6 2023  8 25 22  1 39.70000076  0.0   1
     3046  -1.6399752  101.1380941    2.84652     -256.0       75.5      223.6     60.0     36.4     30.5 2023  8 25 22  2 23.94000053  0.0   1
     3047  -1.6412282  101.1428630    2.76511      274.7      -63.0      142.2     29.1     19.7     20.9 2023  8 25 22  2 28.13999939  0.0   1
     3048  -1.6388565  101.1519857    2.48172     1289.3      199.2     -141.2     48.7     36.4     35.4 2023  8 25 22  2 42.25999832  0.0   1
     3049  -1.6420244  101.1438965    2.62483      389.7     -151.1        1.9     64.0     34.0     29.5 2023  8 25 22  2 51.50000000  0.0   1
     3050  -1.6419401  101.1426351    2.82495      249.3     -141.7      202.0     31.5     23.2     21.6 2023  8 25 22  2 58.43999863  0.0   1
     3051  -1.6394056  101.1503743    1.96754     1109.8      138.5     -655.4     94.1     60.0     67.1 2023  8 25 22  3 19.87999916  0.0   1
     3052  -1.6427872  101.1338542    2.83696     -728.4     -235.4      214.0     76.5     42.9     30.0 2023  8 25 22  3 24.92000008  0.0   1
     3054  -1.6432182  101.1423340    2.77162      215.9     -283.1      148.7     43.3     37.1     46.4 2023  8 25 22  3 32.50000000  0.0   1
     3055  -1.6416459  101.1400065    2.86615      -43.9     -109.2      243.2     70.2     34.1     28.7 2023  8 25 22  3 45.52000046  0.0   1
     3056  -1.6469095  101.1245036    2.09499    -1768.1     -691.2     -527.9     60.1     57.6     53.7 2023  8 25 22  4 22.10000038  0.0   1
     3057  -1.6419781  101.1439941    2.79640      400.5     -145.9      173.5     60.4     29.0     29.9 2023  8 25 22  4 39.36000061  0.0   1
     3058  -1.6419319  101.1429606    2.88142      285.1     -140.8      258.5     54.3     34.0     31.1 2023  8 25 22  4 42.74000168  0.0   1
     3059  -1.6393024  101.1486084    2.54007      913.7      149.9      -82.9     56.8     27.5     24.3 2023  8 25 22  5 22.65999985  0.0   1
     3060  -1.6392192  101.1565186    2.30373     1793.9      159.1     -319.2     40.0     61.0     38.6 2023  8 25 22  5 45.79999924  0.0   1
     3061  -1.6443081  101.1372559    2.69153     -349.8     -403.6       68.6     84.5     36.9     39.4 2023  8 25 22  7 34.09999847  0.0   1
     3062  -1.6429719  101.1420817    2.64594      187.3     -255.8       23.0     40.9     42.3     35.7 2023  8 25 22  9 17.42000008  0.0   1
     3063  -1.6422960  101.1441569    2.59762      418.3     -181.1      -25.3     37.9     22.0     25.9 2023  8 25 22  9 21.89999962  0.0   1
     3064  -1.6400855  101.1432454    3.02092      317.0       63.3      398.0     43.1     37.5     29.9 2023  8 25 22  9 33.65999985  0.0   1
     3065  -1.6353409  101.1665609    0.49397     2911.7      588.0    -2129.0     93.6    146.3    220.8 2023  8 25 22  9 50.97999954  0.0   1
     3066  -1.6408840  101.1462646    2.64811      652.8      -25.0       25.2     78.7     70.4     50.2 2023  8 25 22 11 54.90000153  0.0   1
     3067  -1.6403394  101.1517822    2.61529     1267.0       35.3       -7.6     70.9     75.4     48.7 2023  8 25 22 12 15.19999981  0.0   1
     3068  -1.6375820  101.1544352    2.34841     1562.4      340.1     -274.5     61.7     46.8     47.2 2023  8 25 22 14 11.64000034  0.0   1
     3069  -1.6399609  101.1465983    2.48176      690.4       77.1     -141.2     45.9     35.3     21.7 2023  8 28 21 39 39.09999847  0.0   1
     3070  -1.6450902  101.1324870    2.48055     -880.4     -490.1     -142.4    101.6     57.5     87.3 2023  8 28 22  8 57.27999878  0.0   1
     3071  -1.6413423  101.1406006    2.77870       22.5      -75.6      155.8     59.3     31.3     25.1 2023  8 29 14 22 51.02999878  0.0   1
     3072  -1.6419553  101.1400798    2.91152      -35.6     -143.4      288.6     51.6     24.5     24.9 2023  8 29 18 13 50.74000168  0.0   1
     3074  -1.6426243  101.1398926    2.67050      -55.8     -217.4       47.6     78.2     35.1     32.0 2023  8 30  1 31 17.67000008  0.0   1
     3075  -1.6405821  101.1270833    2.09434    -1481.5        8.4     -528.6    212.5    279.4    195.7 2023  8 30  5 46 14.44999981  0.0   1
     3076  -1.6396745  101.1480632    2.56602      853.2      108.8      -56.9     72.4     39.1     39.0 2023  8 30  5 46 27.07999992  0.0   1
     3077  -1.6418864  101.1454346    2.47705      560.5     -135.8     -145.9     43.2     34.3     40.3 2023  8 30  5 47  3.69000006  0.0   1
     3078  -1.6422456  101.1424561    2.88761      229.1     -175.5      264.7    328.6     78.0     58.7 2023  8 30  5 47  5.53999996  0.0   1
     3079  -1.6430777  101.1267822    2.20397    -1515.0     -267.5     -419.0    121.6    114.7    110.6 2023  8 30  5 47 14.06000042  0.0   1
     3080  -1.6384547  101.1536296    2.62997     1472.2      243.7        7.0     52.2     67.4     51.9 2023  8 30  5 47 22.72999954  0.0   1
     3081  -1.6398346  101.1478923    2.58794      833.8       91.1      -35.0     38.4     49.9     36.2 2023  8 30  5 47 28.44000053  0.0   1
     3083  -1.6416683  101.1276611    1.42477    -1416.9     -111.7    -1198.2    208.0    231.2    221.5 2023  8 30  5 47 51.20000076  0.0   1
     3084  -1.6445024  101.1431885    2.64178      310.7     -425.1       18.8     49.4     27.7     36.7 2023  8 30  5 50 22.00000000  0.0   1
     3085  -1.6419233  101.1397461    2.62189      -72.5     -139.9       -1.1     37.6     34.3     32.5 2023  8 30  5 50 28.25000000  0.0   1
     3086  -1.6425892  101.1489339    2.91381      950.2     -213.5      290.9     90.2     53.4     51.1 2023  8 30 14 17 58.83000183  0.0   1
     3087  -1.6447810  101.1379801    2.40883     -268.7     -455.9     -214.1    178.7     84.9     75.3 2023  8 30 14 22 58.09000015  0.0   1
     3088  -1.6426327  101.1426432    2.60454      249.5     -218.3      -18.4     81.6     51.7     44.8 2023  8 30 14 35 52.65000153  0.0   1
     3094  -1.6435791  101.1412679    2.61009       96.5     -323.0      -12.9     53.5     26.2     32.5 2023  9 13 15 18 58.20999908  0.0   1
     3095  -1.6399639  101.1488444    2.44834      939.6       76.8     -174.6     39.1     35.2     34.7 2023  9 14 16  1  7.05999994  0.0   1
     3096  -1.6383891  101.1499593    2.57557     1064.2      250.9      -47.4     69.4     48.4     30.5 2023  9 14 16  1 16.52000046  0.0   1
     3097  -1.6423649  101.1394694    2.74584     -103.6     -188.7      122.9     63.1     40.3     31.8 2023  9 14 16  1 24.82999992  0.0   1
     3098  -1.6430232  101.1374349    2.43783     -329.7     -261.5     -185.1    146.3     77.2     49.9 2023  9 14 16  3 59.18000031  0.0   1
     3099  -1.6387610  101.1475911    2.65211      800.4      209.8       29.2     42.2     46.4     41.4 2023  9 14 16  4  8.14000034  0.0   1
     3100  -1.6384230  101.1477132    2.96307      814.0      247.1      340.1     61.9     37.3     29.7 2023  9 14 16  7 36.65999985  0.0   1
     3101  -1.6396496  101.1430827    2.63827      299.2      111.5       15.3     52.5     43.5     33.3 2023  9 14 16  7 43.02999878  0.0   1
     3102  -1.6453653  101.1269368    1.86877    -1497.8     -520.5     -754.2    104.0     66.8    118.0 2023  9 14 16 10 57.36000061  0.0   1
     3103  -1.6377234  101.1318115    2.91020     -955.0      324.5      287.3     58.0     90.0     35.2 2023  9 14 16 11 12.31000042  0.0   1
     3104  -1.6401305  101.1470947    2.61877      745.0       58.4       -4.2     72.1     71.5     39.1 2023  9 14 16 11 17.97999954  0.0   1
     3105  -1.6420975  101.1431641    2.83341      307.6     -159.1      210.5     36.1     28.2     30.1 2023  9 14 16 23 25.43000031  0.0   1
     3106  -1.6418514  101.1428304    2.68914      271.1     -131.9       66.2     50.0     27.6     25.5 2023  9 14 16 23 33.90000153  0.0   1
     3107  -1.6424506  101.1411865    2.83012       87.7     -198.2      207.2     33.9     28.4     27.5 2023  9 14 16 23 52.75999832  0.0   1
     3108  -1.6413835  101.1399333    2.69631      -51.7      -80.2       73.4     55.4     38.5     29.5 2023  9 14 16 23 59.08000183  0.0   1
     3109  -1.6419959  101.1426758    2.57323      253.8     -147.9      -49.7     49.8     33.2     37.1 2023  9 14 16 24  4.69000006  0.0   1
     3110  -1.6426450  101.1411214    2.66859       81.0     -219.7       45.7     49.9     26.7     22.8 2023  9 14 16 24 13.52000046  0.0   1
     3111  -1.6420532  101.1433838    2.71166      332.5     -154.2       88.7     43.6     26.1     26.4 2023  9 14 16 24 25.40999985  0.0   1
     3112  -1.6415872  101.1465332    2.74740      682.5     -102.7      124.5     44.9     49.0     28.7 2023  9 14 16 24 54.75000000  0.0   1
     3113  -1.6430425  101.1409993    2.77353       67.1     -263.6      150.6     39.9     31.1     32.1 2023  9 14 16 24 59.38000107  0.0   1
     3114  -1.6423979  101.1434245    2.66301      337.3     -192.4       40.1     48.5     37.9     32.1 2023  9 14 16 25  6.48000002  0.0   1
     3115  -1.6408775  101.1459391    2.65873      616.9      -24.3       35.8     36.8     25.5     26.5 2023  9 14 16 25 25.75000000  0.0   1
     3116  -1.6402059  101.1509684    2.45886     1176.7       50.0     -164.1     41.9     56.1     31.4 2023  9 14 16 25 28.45000076  0.0   1
     3117  -1.6484156  101.1258138    1.36387    -1622.7     -857.8    -1259.1     94.1     80.2    102.0 2023  9 14 16 25 34.34999847  0.0   1
     3118  -1.6461464  101.1346598    1.79486     -638.5     -606.9     -827.1    115.1     64.3     81.6 2023  9 14 16 25 42.66999817  0.0   1
     3119  -1.6411542  101.1392822    2.68261     -124.3      -54.9       59.7     67.0     52.0     38.4 2023  9 14 16 25 48.11999893  0.0   1
     3120  -1.6421154  101.1394450    2.53490     -106.3     -161.1      -88.0    115.8     41.0     33.3 2023  9 14 16 25 56.81999969  0.0   1
     3121  -1.6399067  101.1433594    2.83752      329.5       83.1      214.6     47.9     25.5     28.0 2023  9 14 16 26  2.75999999  0.0   1
     3122  -1.6411111  101.1420492    2.83750      183.7      -50.1      214.6     39.6     22.0     19.2 2023  9 14 16 26 23.64999962  0.0   1
     3123  -1.6401702  101.1436605    2.95782      362.8       54.0      334.9     77.3     41.8     29.1 2023  9 14 16 26 34.95999908  0.0   1
     3124  -1.6414169  101.1448486    2.76993      495.0      -83.9      147.0     48.0     27.6     30.5 2023  9 14 16 26 48.50000000  0.0   1
     3125  -1.6457567  101.1371582    2.35708     -360.8     -563.8     -265.9     59.1     35.8     50.6 2023  9 14 16 27  6.15000010  0.0   1
     3126  -1.6421961  101.1473633    2.59069      775.1     -170.1      -32.3     52.0     35.7     26.8 2023  9 14 16 27 14.25000000  0.0   1
     3127  -1.6398469  101.1438070    2.72711      379.6       89.7      104.2     54.6     25.9     33.7 2023  9 14 16 27 17.69000053  0.0   1
     3128  -1.6399981  101.1458740    2.60643      609.0       73.0      -16.5     61.3     43.0     32.0 2023  9 14 16 27 22.95999908  0.0   1
     3129  -1.6375927  101.1480713    2.64115      854.3      339.0       18.2     36.5     30.4     29.0 2023  9 14 16 27 30.12000084  0.0   1
     3130  -1.6395690  101.1437826    3.02481      377.0      120.4      401.9     53.4     37.3     36.2 2023  9 14 16 27 36.08000183  0.0   1
     3131  -1.6393833  101.1479329    2.67385      838.2      141.0       50.9     62.4     35.0     33.6 2023  9 14 16 28  5.15999985  0.0   1
     3132  -1.6423219  101.1449056    2.60851      501.4     -184.0      -14.4     35.4     24.2     21.8 2023  9 14 16 28 10.97999954  0.0   1
     3133  -1.6416616  101.1417725    2.72776      152.7     -110.9      104.8     69.1     17.6     21.7 2023  9 14 16 28 18.73999977  0.0   1
     3134  -1.6396292  101.1496745    2.11673     1032.5      113.8     -506.2     73.8     65.2     59.9 2023  9 14 16 28 27.96999931  0.0   1
     3135  -1.6420718  101.1463542    2.63008      663.2     -156.3        7.1     33.1     23.5     24.1 2023  9 14 16 28 40.47999954  0.0   1
     3136  -1.6448825  101.1347087    2.36801     -632.7     -467.1     -254.9     87.5     43.5     45.6 2023  9 14 16 28 47.25999832  0.0   1
     3137  -1.6432465  101.1418457    2.69185      160.8     -286.2       68.9     35.6     20.4     23.2 2023  9 14 16 28 51.58000183  0.0   1
     3138  -1.6453767  101.1298910    2.17982    -1169.4     -521.7     -443.1     89.1     51.4     91.0 2023  9 14 16 29 41.08000183  0.0   1
     3139  -1.6401838  101.1304281    2.34874    -1109.7       52.5     -274.2     94.2     66.5     65.0 2023  9 14 16 29 46.22999954  0.0   1
     3140  -1.6411808  101.1423828    2.81089      220.7      -57.8      187.9     46.0     38.3     31.6 2023  9 14 16 29 52.25999832  0.0   1
     3141  -1.6419638  101.1442952    2.75744      433.7     -144.4      134.5     31.8     25.2     21.7 2023  9 14 16 32  8.39999962  0.0   1
     3142  -1.6426097  101.1442057    2.65689      423.4     -215.8       33.9     46.2     20.3     22.3 2023  9 14 16 32 17.73999977  0.0   1
     3143  -1.6385667  101.1553385    2.39697     1662.7      231.3     -226.0     95.8     51.2     71.5 2023  9 14 16 32 30.69000053  0.0   1
     3144  -1.6414602  101.1419759    2.82235      175.3      -88.7      199.4     40.5     21.8     21.0 2023  9 14 16 32 37.11000061  0.0   1
     3145  -1.6428237  101.1399658    2.88808      -47.9     -239.4      265.1    100.3     40.0     40.5 2023  9 14 16 32 59.11000061  0.0   1
     3146  -1.6379393  101.1499919    2.87373     1067.8      300.6      250.8     53.9     37.6     39.3 2023  9 14 16 34 11.01000023  0.0   1
     3147  -1.6355555  101.1613851    2.08419     2335.6      564.2     -538.7     58.2    108.8     69.3 2023  9 14 16 34 40.43000031  0.0   1
     3148  -1.6412317  101.1492269    2.66293      982.5      -63.4       40.0     37.8     23.4     22.6 2023  9 14 16 34 47.56999969  0.0   1
     3149  -1.6385080  101.1515706    2.67699     1243.0      237.8       54.0     46.8     52.9     37.8 2023  9 14 16 34 58.79000092  0.0   1
     3150  -1.6461385  101.1281576    2.07406    -1361.9     -606.0     -548.9    113.9     88.5     98.8 2023  9 14 16 36 23.40999985  0.0   1
     3151  -1.6436328  101.1298340    2.37382    -1175.8     -328.9     -249.1     79.2     53.8     55.3 2023  9 14 16 38 46.27000046  0.0   1
     3152  -1.6386700  101.1490804    2.93297      966.7      219.8      310.0     69.5     44.4     33.0 2023  9 14 16 39 22.14999962  0.0   1
     3153  -1.6401549  101.1455322    2.73675      571.6       55.7      113.8     62.4     44.6     29.7 2023  9 14 16 40 10.57999992  0.0   1
     3154  -1.6408396  101.1353271    2.71721     -564.3      -20.1       94.3     78.0     50.9     43.5 2023  9 14 16 40 29.72999954  0.0   1
     3155  -1.6415076  101.1429036    2.81654      278.5      -93.9      193.6     39.4     34.8     32.1 2023  9 14 16 42 57.52000046  0.0   1
     3156  -1.6419604  101.1448242    2.65833      492.5     -144.0       35.4     44.5     24.2     24.8 2023  9 14 16 43 40.40999985  0.0   1
     3157  -1.6413876  101.1421794    2.81630      198.7      -80.7      193.4     53.6     42.1     31.4 2023  9 14 16 48 22.35000038  0.0   1
     3158  -1.6402439  101.1378988    2.88290     -278.0       45.8      260.0    213.1    112.8     64.4 2023  9 14 16 48 45.50999832  0.0   1
     3160  -1.6413990  101.1479411    2.73589      839.1      -81.9      112.9     53.6     47.9     27.5 2023  9 14 16 56  2.07999992  0.0   1
     3161  -1.6415347  101.1439453    2.79111      394.7      -96.9      168.2     38.9     23.8     24.9 2023  9 14 17  0 13.88000011  0.0   1
     3162  -1.6392836  101.1532471    2.14791     1429.9      152.0     -475.0     70.6     57.8     66.6 2023  9 14 17 16  3.20000005  0.0   1
     3163  -1.6421094  101.1430257    2.76687      292.5     -160.5      143.9     65.0     38.6     27.1 2023  9 14 17 16 12.60000038  0.0   1
     3164  -1.6433921  101.1401693    2.66206      -25.1     -302.3       39.1    107.4     39.6     38.1 2023  9 14 17 16 20.60000038  0.0   1
     3165  -1.6416270  101.1403564    2.81263       -4.6     -107.1      189.7     53.9     38.9     30.4 2023  9 14 17 22 43.41999817  0.0   1
     3166  -1.6418756  101.1407308    2.83926       37.3     -134.6      216.3     42.5     44.0     37.8 2023  9 14 17 23  1.67999995  0.0   1
     3167  -1.6436431  101.1420980    2.72467      189.5     -330.1      101.7     47.6     39.0     37.0 2023  9 14 17 23  3.44000006  0.0   1
     3168  -1.6408217  101.1409668    2.86616       63.4      -18.1      243.2     42.2     27.5     21.9 2023  9 14 17 23 38.47999954  0.0   1
     3169  -1.6429006  101.1377035    2.63213     -299.4     -248.0        9.2     62.4     42.3     37.1 2023  9 14 17 24 47.47999954  0.0   1
     3170  -1.6427731  101.1348226    2.42980     -620.1     -233.8     -193.1     51.0     28.3     34.7 2023  9 14 18  6 58.63999939  0.0   1
     3172  -1.6406999  101.1434408    2.70901      338.7       -4.6       86.1     58.2     39.1     32.7 2023  9 15 17 48 41.77999878  0.0   1
     3173  -1.6381236  101.1466797    2.91593      698.9      280.3      293.0     50.4     27.6     24.6 2023  9 15 17 50 48.40000153  0.0   1
     3174  -1.6394527  101.1489421    2.67556      950.7      133.3       52.6     68.2     51.7     46.9 2023  9 15 17 51  9.39999962  0.0   1
     3175  -1.6398983  101.1441325    2.79580      415.3       84.0      172.9     55.2     39.8     28.4 2023  9 18  5 36 41.97999954  0.0   1
     3176  -1.6409467  101.1435872    2.71995      355.4      -31.9       97.0     53.0     30.2     30.8 2023  9 18 16 33 14.22000027  0.0   1
     3177  -1.6385784  101.1490234    2.88311      960.3      230.0      260.2     54.7     49.2     39.0 2023  9 19 22 37 53.88000107  0.0   1
     3178  -1.6403337  101.1422119    2.83951      202.2       35.9      216.6     48.6     30.7     29.6 2023  9 20 20 41 28.63999939  0.0   1
     3179  -1.6397360  101.1444499    2.77741      450.6      102.0      154.5     52.0     29.8     24.8 2023  9 21  3 26 18.59000015  0.0   1
     3180  -1.6390893  101.1422363    2.77716      204.6      173.5      154.2    247.9     87.2     51.3 2023  9 21  3 26 48.38999939  0.0   1
     3181  -1.6393005  101.1441162    2.87980      414.3      150.1      256.9     50.5     29.8     31.5 2023  9 21  3 26 59.63000107  0.0   1
     3182  -1.6448366  101.1324626    2.13596     -883.3     -462.0     -487.0    109.6     69.5     99.9 2023  9 21  3 27 59.75000000  0.0   1
     3183  -1.6417722  101.1448649    2.52149      497.2     -123.2     -101.5     70.2     49.9     35.4 2023  9 21  3 28  2.72000003  0.0   1
     3184  -1.6405656  101.1458415    2.73449      606.0       10.2      111.5     35.9     28.3     31.3 2023  9 21  3 28 44.74000168  0.0   1
     3185  -1.6484201  101.1223551    0.51135    -2007.9     -858.3    -2111.6    104.2     89.2    190.0 2023  9 21  3 37 14.60999966  0.0   1
     3186  -1.6413649  101.1439372    2.89033      393.6      -78.1      267.4     59.6     48.2     51.1 2023  9 21  3 43  8.53999996  0.0   1
     3187  -1.6414106  101.1442546    2.72041      429.3      -83.2       97.5     44.9     38.8     32.9 2023  9 21  3 43 36.95999908  0.0   1
     3188  -1.6426487  101.1441081    2.99843      413.0     -220.1      375.5     65.0     50.8     31.6 2023  9 21  3 44 35.31000137  0.0   1
     3189  -1.6394853  101.1405355    2.86451       15.1      129.7      241.6     48.2     36.8     35.0 2023  9 21  3 45  0.40000001  0.0   1
     3190  -1.6405483  101.1433187    2.72295      325.3       12.2      100.0     48.8     37.4     31.5 2023  9 21  3 46 23.75000000  0.0   1
     3191  -1.6412549  101.1462484    2.65711      651.3      -66.0       34.2     44.2     26.3     37.6 2023  9 21  3 47 35.90000153  0.0   1
     3192  -1.6399376  101.1484456    2.67040      895.5       79.7       47.5     54.4     45.6     32.5 2023  9 21  3 47 45.47000122  0.0   1
     3193  -1.6408705  101.1447754    2.68455      487.1      -23.5       61.6     33.6     26.0     26.7 2023  9 21  3 50 10.31999969  0.0   1
     3194  -1.6385270  101.1434652    2.93927      341.4      235.7      316.3     35.4     30.0     22.2 2023  9 21  3 51 53.75000000  0.0   1
     3195  -1.6411376  101.1416829    2.83361      142.8      -53.0      210.7     55.2     44.0     38.0 2023  9 21  3 54 41.15999985  0.0   1
     3196  -1.6381265  101.1509115    2.66766     1170.2      279.9       44.7     68.0     42.6     32.9 2023  9 21  3 54 56.18999863  0.0   1
     3197  -1.6385351  101.1454997    2.92001      567.7      234.8      297.1     56.2     37.3     38.1 2023  9 21  3 55  2.20000005  0.0   1
     3198  -1.6372817  101.1494792    2.70446     1010.3      373.4       81.5     38.6     35.7     28.7 2023  9 21  3 57 10.92000008  0.0   1
     3200  -1.6404546  101.1672607    1.58723     2989.6       22.5    -1035.7     67.7     74.4    130.5 2023  9 21 18  0 24.65999985  0.0   1
     3202  -1.6436169  101.1399658    2.79130      -48.1     -327.2      168.4     58.1     32.9     28.6 2023  9 21 18  2 53.29999924  0.0   1
     3203  -1.6407958  101.1448486    2.61839      495.3      -15.2       -4.6     38.4     19.9     25.5 2023  9 21 18  3  1.86000001  0.0   1
     3204  -1.6418509  101.1464111    2.64966      669.5     -131.9       26.7     47.2     31.1     25.3 2023  9 21 18  3  6.84000015  0.0   1
     3206  -1.6398646  101.1477214    2.82033      815.1       87.8      197.4     59.5     35.4     29.5 2023  9 21 18  3 58.45999908  0.0   1
     3207  -1.6382416  101.1585042    2.03639     2015.2      267.2     -586.6     81.2     50.0     76.6 2023  9 21 18  4  4.84000015  0.0   1
     3208  -1.6411677  101.1436117    2.66533      357.3      -56.3       42.4     35.3     22.5     22.9 2023  9 21 18  4  8.68000031  0.0   1
     3209  -1.6413354  101.1494792    2.66990     1010.6      -74.9       47.0     62.0     48.6     50.2 2023  9 21 18  5 31.94000053  0.0   1
     3210  -1.6432808  101.1423014    2.63629      211.7     -290.0       13.3     48.5     27.8     24.6 2023  9 21 18  5 48.38000107  0.0   1
     3211  -1.6478830  101.1243571    2.00458    -1784.9     -798.9     -618.4     90.3     66.2     89.0 2023  9 21 18  6 39.50000000  0.0   1
     3212  -1.6425678  101.1424398    2.91078      227.3     -211.2      287.8     40.3     31.5     30.7 2023  9 21 18 40 21.60000038  0.0   1
     3213  -1.6407415  101.1453532    2.79199      551.8       -9.2      169.0     56.2     42.9     31.0 2023  9 28  7  5  1.83000004  0.0   1
     3214  -1.6383981  101.1453288    2.87579      548.5      249.9      252.9     40.0     33.7     22.3 2023  9 28  7 39  3.82999992  0.0   1
     3215  -1.6417063  101.1418457    2.77178      161.1     -115.9      148.8     37.7     37.2     28.3 2023  9 28  7 40  2.51999998  0.0   1
     3216  -1.6401545  101.1470540    2.61411      740.8       55.7       -8.8     37.9     30.1     27.4 2023  9 28  7 55 56.93999863  0.0   1
     3217  -1.6416592  101.1425863    2.74121      243.2     -110.7      118.3     32.0     21.7     18.9 2023  9 28  7 56  5.48999977  0.0   1
     3218  -1.6417770  101.1446370    2.72112      471.4     -123.7       98.2     34.6     33.1     33.9 2023  9 28  7 56 11.47999954  0.0   1
     3219  -1.6388031  101.1423421    3.07743      216.1      205.1      454.5     43.3     35.9     27.7 2023  9 28  7 57 46.27000046  0.0   1
     3220  -1.6417028  101.1446696    2.59805      475.1     -115.5      -24.9     42.5     20.2     27.2 2023  9 28  7 59 35.90000153  0.0   1
     3221  -1.6422629  101.1399902    2.54851      -45.3     -177.4      -73.4     77.1     32.2     26.9 2023  9 28  8  1 35.72000122  0.0   1
     3222  -1.6406095  101.1475423    2.57482      795.4        5.4      -48.1     37.7     23.4     25.7 2023  9 28  8  2  3.35999990  0.0   1
     3223  -1.6411240  101.1437988    2.75143      378.3      -51.5      128.5     37.6     22.2     24.2 2023  9 28  8  2 40.31000137  0.0   1
     3224  -1.6409897  101.1465983    2.58340      690.3      -36.6      -39.5     39.9     23.7     22.7 2023  9 28  8  7 49.70999908  0.0   1
     3225  -1.6413417  101.1446208    2.74347      470.1      -75.6      120.5     41.6     29.2     20.1 2023  9 28  8 13  6.84000015  0.0   1
     3226  -1.6396364  101.1467855    2.71182      710.6      113.0       88.9     42.4     25.9     21.6 2023  9 28  8 15 50.84999847  0.0   1
     3227  -1.6400678  101.1461182    2.57743      636.7       65.3      -45.5     59.1     31.1     27.0 2023  9 28  8 15 58.18999863  0.0   1
     3228  -1.6431583  101.1455892    2.75369      578.1     -276.4      130.8     35.2     24.9     19.2 2023  9 28  8 17  0.49000001  0.0   1
     3229  -1.6412886  101.1440186    2.66315      403.2      -69.7       40.2     79.8     45.3     37.9 2023  9 28  8 17 24.29000092  0.0   1
     3230  -1.6395295  101.1455811    2.83327      577.2      124.8      210.3     30.6     39.3     28.8 2023  9 28  8 19 49.29999924  0.0   1
     3231  -1.6416458  101.1411947    2.75223       88.7     -109.2      129.3     59.1     24.4     21.1 2023  9 28  8 20 55.52000046  0.0   1
     3232  -1.6409031  101.1444987    2.78559      456.8      -27.1      162.6     35.5     24.4     20.9 2023  9 28  8 26 42.88000107  0.0   1
     3233  -1.6422180  101.1455322    2.71837      571.6     -172.5       95.4     33.8     27.4     23.5 2023  9 28  8 26 46.84000015  0.0   1
     3234  -1.6414096  101.1434814    2.83686      342.8      -83.1      213.9     33.8     22.5     16.8 2023  9 28  8 27  2.09999990  0.0   1
     3235  -1.6416639  101.1439290    2.59400      392.8     -111.2      -28.9     41.1     27.0     24.6 2023  9 28  8 29 31.02000046  0.0   1
     3236  -1.6410412  101.1430420    2.75141      294.5      -42.4      128.5     40.0     32.1     24.8 2023  9 28  8 33 52.38000107  0.0   1
     3237  -1.6412594  101.1425537    2.74866      240.2      -66.5      125.7     25.1     24.7     21.3 2023  9 28  8 34 52.70000076  0.0   1
     3238  -1.6414331  101.1429606    2.80378      285.0      -85.7      180.8     33.3     21.3     15.3 2023  9 28  8 35 23.65999985  0.0   1
     3239  -1.6402812  101.1459635    2.62123      619.4       41.7       -1.7     44.5     23.5     27.0 2023  9 28  8 35 37.04000092  0.0   1
     3240  -1.6408895  101.1425374    2.81671      238.2      -25.6      193.8     63.7     43.8     29.6 2023  9 28  8 36  6.26000023  0.0   1
     3241  -1.6412861  101.1429443    2.67817      283.4      -69.4       55.2     31.9     21.7     21.2 2023  9 28  8 36  9.26000023  0.0   1
     3242  -1.6432294  101.1466064    2.68757      690.5     -284.3       64.6     46.4     26.7     28.2 2023  9 28  8 36 18.69000053  0.0   1
     3243  -1.6424061  101.1394450    2.85501     -105.5     -193.3      232.1     48.9     23.8     26.4 2023  9 28  8 36 33.70999908  0.0   1
     3244  -1.6427016  101.1427979    2.68472      267.5     -226.0       61.8     38.5     35.9     35.5 2023  9 28  8 36 39.86999893  0.0   1
     3245  -1.6440460  101.1438965    2.49224      389.7     -374.6     -130.7     77.9     56.1     53.3 2023  9 28  8 37 37.74000168  0.0   1
     3246  -1.6412380  101.1421143    2.83874      191.5      -64.1      215.8     31.8     23.8     20.3 2023  9 28  8 37 40.75999832  0.0   1
     3247  -1.6410081  101.1420573    2.87593      184.4      -38.7      253.0     30.3     28.4     22.0 2023  9 28  8 38  9.71000004  0.0   1
     3248  -1.6415908  101.1442546    2.69767      429.6     -103.1       74.7     33.4     31.4     24.5 2023  9 28  8 39  3.31999993  0.0   1
     3249  -1.6425012  101.1439697    2.77462      397.9     -203.8      151.7     38.9     22.7     19.5 2023  9 28  8 39 16.25000000  0.0   1
     3250  -1.6429520  101.1383301    2.72015     -230.4     -253.6       97.2     48.1     34.1     36.5 2023  9 28  8 39 29.69000053  0.0   1
     3251  -1.6415403  101.1426107    2.86479      246.0      -97.5      241.8     21.3     19.9     20.3 2023  9 28  8 40 15.93999958  0.0   1
     3252  -1.6412145  101.1450358    2.73685      515.7      -61.5      113.9     38.0     21.1     21.5 2023  9 28  8 40 38.47999954  0.0   1
     3253  -1.6428621  101.1425944    2.70882      244.8     -243.7       85.9     29.9     30.3     28.4 2023  9 28  8 40 41.38000107  0.0   1
     3254  -1.6426880  101.1442301    2.79597      426.1     -224.4      173.0     42.2     32.7     32.5 2023  9 28  8 41  2.16000009  0.0   1
     3255  -1.6422769  101.1472575    2.59379      763.0     -179.0      -29.2     47.4     28.8     22.3 2023  9 28  8 41 20.87999916  0.0   1
     3256  -1.6413883  101.1427653    2.81267      263.7      -80.7      189.7     28.4     17.6     16.6 2023  9 28  8 41 55.04999924  0.0   1
     3257  -1.6405598  101.1470459    2.86785      739.4       10.9      244.9     48.4     38.6     30.5 2023  9 28  8 42 14.56999969  0.0   1
     3258  -1.6408699  101.1426921    2.75587      255.6      -23.4      132.9     44.9     47.3     34.0 2023  9 28  8 42 19.54999924  0.0   1
     3259  -1.6428656  101.1462158    2.63477      647.9     -244.1       11.8     42.6     35.3     32.1 2023  9 28  8 43 54.72999954  0.0   1
     3260  -1.6435642  101.1435872    2.58216      355.3     -321.3      -40.8     49.3     52.0     50.4 2023  9 28  8 44 16.90999985  0.0   1
     3261  -1.6410923  101.1420817    2.91674      187.8      -48.0      293.8     35.6     36.2     27.1 2023  9 28  8 44 28.37999916  0.0   1
     3262  -1.6415451  101.1423910    2.86044      221.6      -98.1      237.5     28.0     24.6     20.0 2023  9 28  8 47 19.86000061  0.0   1
     3263  -1.6416055  101.1440837    2.69765      410.0     -104.7       74.7     32.1     23.3     23.0 2023  9 28  8 47 33.06999969  0.0   1
     3264  -1.6445878  101.1406494    2.63470       28.0     -434.5       11.8     42.9     35.9     22.7 2023  9 28  8 51 42.25999832  0.0   1
     3265  -1.6416974  101.1406657    2.86677       30.1     -114.9      243.8     45.5     30.7     19.5 2023  9 28  8 59 46.52999878  0.0   1
     3266  -1.6420691  101.1429362    2.69598      282.7     -156.0       73.0     45.2     24.4     20.8 2023  9 28  9  4 21.27000046  0.0   1
     3267  -1.6414239  101.1409668    2.79989       63.1      -84.7      176.9     42.2     35.6     25.6 2023  9 28  9  5 15.84000015  0.0   1
     3268  -1.6418377  101.1431152    2.77865      302.4     -130.4      155.7     36.9     22.3     20.4 2023  9 28  9 10 20.37000084  0.0   1
     3269  -1.6440090  101.1370117    2.66004     -376.7     -370.5       37.1     67.8     38.6     32.6 2023  9 28  9 17 17.36000061  0.0   1
     3270  -1.6410348  101.1442464    2.74210      427.9      -41.7      119.2     45.2     37.0     26.9 2023 10  5  7 35 44.90999985  0.0   1
     3271  -1.6112840  101.1298096    2.44369    -1178.1     3248.0     -179.3    140.4    144.1     99.8 2023 10  8  0 46  1.73000002  0.0   1
     3272  -1.6120169  101.1292969    2.30312    -1235.5     3167.0     -319.8    137.7    141.2     95.8 2023 10  8  0 46 50.84000015  0.0   1
     3273  -1.6396945  101.1432780    2.89836      320.7      106.6      275.4     51.0     37.5     27.0 2023 10  9 12  0 57.20999908  0.0   1
     3274  -1.6390826  101.1537354    2.55484     1484.5      174.2      -68.1     65.9     39.0     39.1 2023 10  9 13 10 28.75000000  0.0   1
     3275  -1.6428497  101.1482422    2.34992      873.1     -242.3     -273.0     46.0     36.6     33.9 2023 10 10  8 52 47.47999954  0.0   1
     3276  -1.6414324  101.1460612    2.86911      630.4      -85.6      246.2     61.2     38.7     32.7 2023 10 12  2  8 51.72999954  0.0   1
     3277  -1.6430687  101.1408285    2.50475       47.7     -266.5     -118.2     53.6     53.3     41.8 2023 10 12  2 25 53.88999939  0.0   1
     3278  -1.6460037  101.1419678    2.56511      174.7     -591.1      -57.8     65.0     48.4     42.4 2023 10 12  2 26 44.36999893  0.0   1
     3279  -1.6438442  101.1391357    2.72444     -140.8     -352.3      101.5     40.3     27.0     26.9 2023 10 12  7 33 35.72000122  0.0   1
     3280  -1.6395621  101.1428141    2.85309      268.5      121.2      230.1     47.9     34.7     20.8 2023 10 12  7 35 26.72999954  0.0   1
     3281  -1.6387903  101.1438639    2.94589      385.5      206.5      322.9     43.2     36.4     25.2 2023 10 12  7 44 21.15999985  0.0   1
     3282  -1.6410138  101.1428223    2.82539      269.7      -39.3      202.4     67.9     43.0     36.4 2023 10 14  8 24 30.54000092  0.0   1
     3283  -1.6425658  101.1451579    2.76320      529.3     -210.9      140.3     64.7     41.8     42.5 2023 10 14 10 32 46.22999954  0.0   1
     3284  -1.6409920  101.1437663    2.82034      374.5      -36.9      197.4     38.6     25.8     22.5 2023 10 14 16 31 41.02000046  0.0   1
     3285  -1.6421500  101.1422201    2.75160      202.9     -165.0      128.7     57.7     51.6     43.6 2023 10 17  8 13 56.77000046  0.0   1
     3286  -1.6438704  101.1353027    2.80661     -566.8     -355.2      183.7     95.2     35.2     43.3 2023 10 17  9  1 32.40999985  0.0   1
     3288  -1.6458761  101.1507080    3.22952     1147.6     -577.0      606.6    118.7     71.0     67.5 2023 10 18 14 21 34.95000076  0.0   1
