     2719  -1.6416532  101.1459066    2.82675      613.0     -110.0      203.8      7.0      5.4      3.9 2023  1  3  3 43 21.02000046  0.0   1
     2720  -1.6379386  101.1476807    3.02230      810.2      300.7      399.4      7.0      4.7      3.6 2023  1  3  3 52  5.73000002  0.0   1
     2721  -1.6365841  101.1508057    2.68813     1158.6      450.5       65.2      9.2      8.7      5.7 2023  1  3  3 52 21.03000069  0.0   1
     2722  -1.6424684  101.1374268    2.74678     -330.2     -200.2      123.8      5.2      2.3      2.3 2023  1  3  3 52 34.75000000  0.0   1
     2723  -1.6400275  101.1447510    2.81886      484.7       69.7      195.9      4.1      3.0      2.7 2023  1  3  4  2 20.45000076  0.0   1
     2724  -1.6395947  101.1457764    2.90842      598.7      117.6      285.5      4.3      3.3      3.1 2023  1  4 20 11 39.40000153  0.0   1
     2725  -1.6411640  101.1431315    2.87084      304.6      -55.9      247.9      7.2      5.0      3.5 2023  1  4 20 16 15.53999996  0.0   1
     2726  -1.6451167  101.1407715    2.62205       41.3     -493.0       -0.9     13.5      4.7      4.5 2023  1  4 20 17  9.68000031  0.0   1
     2727  -1.6495027  101.1279460    1.80748    -1385.4     -978.0     -815.5     41.8     34.7     43.2 2023  1  4 20 18 22.71999931  0.0   1
     2729  -1.6460126  101.1394124    2.78283     -109.7     -592.1      159.9      9.8      8.1      6.8 2023  1 11 13 28 50.43999863  0.0   1
     2734  -1.6415557  101.1461751    2.98808      643.2      -99.2      365.1      7.1      4.4      4.2 2023  1 20 18 30  0.36000001  0.0   1
     2735  -1.6441032  101.1392822    2.99222     -124.2     -380.9      369.3      8.2      3.6      2.2 2023  1 20 19 10 25.45999908  0.0   1
     2736  -1.6415854  101.1446859    2.63469      476.8     -102.5       11.7      4.0      3.0      3.0 2023  1 20 19 10 36.45999908  0.0   1
     2737  -1.6419942  101.1432536    2.60106      318.1     -147.7      -21.9      4.8      2.5      1.7 2023  1 20 19 11 19.44000053  0.0   1
     2738  -1.6410320  101.1409261    3.02244       58.5      -41.3      399.5      6.2      3.7      2.5 2023  1 20 19 11 38.47999954  0.0   1
     2739  -1.6395604  101.1430013    2.86532      289.9      121.4      242.4      5.7      4.1      2.3 2023  1 20 19 11 46.86000061  0.0   1
     2740  -1.6410089  101.1427002    2.67379      256.4      -38.8       50.8      6.3      2.7      2.7 2023  1 20 19 12  2.07999992  0.0   1
     2741  -1.6416217  101.1442139    2.87139      424.4     -106.5      248.4      4.6      2.9      1.7 2023  1 20 19 12 14.30000019  0.0   1
     2742  -1.6455816  101.1373372    2.61660     -340.6     -544.4       -6.3      9.6      4.0      5.1 2023  1 20 19 12 27.89999962  0.0   1
     2743  -1.6406273  101.1433105    2.77722      324.5        3.4      154.3      4.6      3.7      2.9 2023  1 20 19 12 41.43999863  0.0   1
     2744  -1.6389838  101.1434977    3.14297      345.2      185.2      520.0      7.6      5.1      2.7 2023  1 20 19 12 45.20000076  0.0   1
     2745  -1.6419980  101.1420410    2.96962      183.3     -148.2      346.7      6.8      3.3      2.0 2023  1 20 19 12 58.77999878  0.0   1
     2746  -1.6427961  101.1427816    2.90768      265.5     -236.4      284.7      5.5      2.7      2.9 2023  1 20 19 13  8.81999969  0.0   1
     2747  -1.6455285  101.1436361    2.55385      360.8     -538.5      -69.1      4.8      2.5      2.2 2023  1 20 19 13 21.52000046  0.0   1
     2748  -1.6393135  101.1415365    3.09484      126.7      148.7      471.9     17.4      8.3      5.2 2023  1 20 19 13 50.47999954  0.0   1
     2749  -1.6413523  101.1305094    2.47242    -1100.0      -76.7     -150.5     11.7      9.6      8.7 2023  1 20 19 13 59.40000153  0.0   1
     2750  -1.6402204  101.1358805    2.81465     -502.9       48.4      191.7      7.4      6.6      3.6 2023  1 20 19 14 14.26000023  0.0   1
     2751  -1.6418953  101.1440999    2.92817      411.8     -136.8      305.2      6.2      4.0      2.5 2023  1 20 19 14 47.25999832  0.0   1
     2752  -1.6426264  101.1467692    2.72016      708.6     -217.6       97.2      6.3      4.4      4.2 2023  1 20 19 14 50.77999878  0.0   1
     2753  -1.6425846  101.1382324    2.90889     -240.6     -213.0      285.9     10.1      4.6      4.5 2023  1 20 19 15  4.05999994  0.0   1
     2754  -1.6415593  101.1440674    2.72596      408.8      -99.6      103.0      3.3      2.2      1.7 2023  1 20 19 15 37.75999832  0.0   1
     2755  -1.6409227  101.1431885    2.76547      310.3      -29.2      142.5      3.8      3.3      2.7 2023  1 20 19 15 47.91999817  0.0   1
     2756  -1.6408496  101.1430583    2.79337      296.4      -21.2      170.4      4.9      3.0      2.6 2023  1 20 19 16  4.34000015  0.0   1
     2757  -1.6428636  101.1384603    2.77300     -215.2     -243.9      150.1      9.1      4.1      3.6 2023  1 20 19 16 23.39999962  0.0   1
     2758  -1.6383453  101.1463867    2.85597      666.8      255.7      233.0      7.8      5.2      4.5 2023  1 20 19 16 33.02000046  0.0   1
     2759  -1.6409529  101.1447673    2.78621      486.6      -32.6      163.3      4.3      2.7      2.2 2023  1 20 19 16 54.11999893  0.0   1
     2760  -1.6414739  101.1485026    2.74271      902.0      -90.2      119.8      6.6      3.4      3.6 2023  1 20 19 17 18.65999985  0.0   1
     2761  -1.6411441  101.1425049    2.79886      234.5      -53.7      175.9      3.8      2.9      2.0 2023  1 20 19 17 23.44000053  0.0   1
     2762  -1.6418446  101.1429443    2.74017      283.7     -131.2      117.2      3.6      1.7      1.9 2023  1 20 19 17 53.41999817  0.0   1
     2763  -1.6452586  101.1216064    1.86081    -2090.6     -508.7     -762.1      8.5      9.2      9.9 2023  1 20 19 17 59.56000137  0.0   1
     2764  -1.6374647  101.1489746    2.96480      954.0      353.1      341.9      6.9      4.8      3.3 2023  1 20 19 18 19.47999954  0.0   1
     2765  -1.6434312  101.1459147    2.94230      613.7     -306.6      319.4      5.4      3.9      2.9 2023  1 20 19 18 31.20000076  0.0   1
     2766  -1.6440913  101.1385824    2.71096     -201.8     -379.6       88.0      8.2      3.8      4.3 2023  1 20 19 18 39.00000000  0.0   1
     2767  -1.6415750  101.1405924    2.89662       21.4     -101.4      273.7      5.6      3.5      2.4 2023  1 20 19 20 12.10000038  0.0   1
     2768  -1.6422564  101.1368245    2.73310     -397.5     -176.7      110.2      8.4      4.4      3.0 2023  1 20 19 20 39.81999969  0.0   1
     2769  -1.6424231  101.1419434    2.89558      172.0     -195.2      272.6     15.4      4.4      3.6 2023  1 20 19 21  7.40000010  0.0   1
     2770  -1.6420925  101.1402751    2.91910      -13.6     -158.6      296.2      8.9      3.4      2.7 2023  1 20 19 21 18.81999969  0.0   1
     2771  -1.6409556  101.1518392    2.54924     1273.1      -32.9      -73.7      5.5      5.9      4.5 2023  1 20 19 21 59.91999817  0.0   1
     2772  -1.6424576  101.1445312    3.02954      459.7     -199.0      406.6      5.9      3.4      3.2 2023  1 20 19 22 12.19999981  0.0   1
     2773  -1.6389258  101.1541016    2.37481     1524.6      191.6     -248.1      7.5      6.8      6.9 2023  1 20 19 22 39.93999863  0.0   1
     2774  -1.6433090  101.1401855    3.06764      -23.3     -293.1      444.7     10.2      3.5      2.6 2023  1 20 19 22 45.40000153  0.0   1
     2775  -1.6450180  101.1357992    2.80305     -512.0     -482.1      180.1      7.3      3.7      3.0 2023  1 20 19 23  1.05999994  0.0   1
     2776  -1.6460915  101.1424805    2.36510      231.9     -600.8     -257.8      3.9      2.6      3.1 2023  1 20 19 23  6.86000013  0.0   1
     2777  -1.6414708  101.1392578    2.77150     -127.1      -89.9      148.6      9.0      3.7      2.9 2023  1 20 19 24 26.95999908  0.0   1
     2778  -1.6462889  101.1253499    2.56599    -1674.7     -622.6      -57.0      9.7      7.3      8.2 2023  1 20 19 24 30.94000053  0.0   1
     2779  -1.6459244  101.1363200    2.60649     -453.8     -582.3      -16.5      9.0      4.8      2.9 2023  1 20 19 24 45.20000076  0.0   1
     2780  -1.6479162  101.1328939    2.33231     -835.3     -802.5     -290.6     11.3      5.8      6.3 2023  1 20 19 24 52.18000031  0.0   1
     2782  -1.6401299  101.1521077    2.62551     1303.5       58.4        2.6      6.5      5.6      4.1 2023  1 20 19 25 16.07999992  0.0   1
     2783  -1.6498391  101.1327799    1.46443     -847.9    -1015.2    -1158.5     15.1      9.4     12.6 2023  1 20 19 26 19.50000000  0.0   1
     2784  -1.6371934  101.1562337    2.73464     1761.8      383.1      111.7     11.2     12.3      9.2 2023  1 20 19 26 40.24000168  0.0   1
     2785  -1.6454909  101.1459554    2.94185      618.8     -534.4      318.9      7.8      5.1      5.9 2023  1 20 19 26 53.72000122  0.0   1
     2786  -1.6416280  101.1442383    2.63585      427.2     -107.2       12.9      4.0      2.6      2.7 2023  1 20 19 28  3.14000010  0.0   1
     2787  -1.6431988  101.1396159    2.68455      -87.2     -280.9       61.6      5.2      2.9      2.3 2023  1 20 19 28 27.34000015  0.0   1
     2788  -1.6413319  101.1439290    2.84141      392.9      -74.5      218.5      4.4      3.1      2.6 2023  1 20 19 28 29.31999969  0.0   1
     2789  -1.6411088  101.1438802    2.66111      387.5      -49.8       38.2      5.6      3.1      2.7 2023  1 20 19 28 39.91999817  0.0   1
     2790  -1.6455532  101.1420898    2.78981      188.3     -541.3      166.9     10.8      4.9      4.2 2023  1 20 19 29 12.73999977  0.0   1
     2791  -1.6434790  101.1417643    2.84314      152.1     -311.9      220.2      5.2      3.3      2.9 2023  1 20 19 29 38.18000031  0.0   1
     2792  -1.6419390  101.1449951    2.78334      511.5     -141.6      160.4      5.7      4.3      3.4 2023  1 20 19 30 28.65999985  0.0   1
     2793  -1.6414809  101.1421305    2.76358      192.7      -91.0      140.6      4.2      3.4      2.5 2023  1 20 19 30 43.77999878  0.0   1
     2794  -1.6453726  101.1324382    2.51717     -885.8     -521.3     -105.8      9.2      5.9      6.0 2023  1 20 19 30 58.61999893  0.0   1
     2795  -1.6349553  101.1572998    2.16633     1880.4      630.6     -456.6     10.9     12.5     10.4 2023  1 20 19 31  4.38000011  0.0   1
     2796  -1.6424629  101.1477783    2.55151      821.6     -199.6      -71.4      8.4      5.3      3.0 2023  1 20 19 31  9.84000015  0.0   1
     2797  -1.6421178  101.1429850    2.89352      288.2     -161.4      270.6      3.4      2.5      2.0 2023  1 20 19 31 49.70000076  0.0   1
     2798  -1.6421700  101.1487061    2.78221      924.9     -167.2      159.3      5.6      3.8      2.8 2023  1 20 19 32  3.83999991  0.0   1
     2799  -1.6423424  101.1433024    2.76774      323.5     -186.2      144.8      7.2      4.7      4.8 2023  1 20 19 32  9.02000046  0.0   1
     2800  -1.6414511  101.1415202    2.91291      125.3      -87.7      290.0      3.9      1.7      1.8 2023  1 20 19 32 20.89999962  0.0   1
     2801  -1.6424194  101.1406738    2.76581       30.9     -194.7      142.9      6.2      2.9      2.7 2023  1 20 19 32 52.88000107  0.0   1
     2802  -1.6419276  101.1434896    2.72371      344.2     -140.4      100.8      4.0      2.7      2.4 2023  1 20 19 32 59.25999832  0.0   1
     2803  -1.6425372  101.1415202    2.94772      124.9     -207.8      324.8      5.7      4.2      2.6 2023  1 20 19 33  9.80000019  0.0   1
     2804  -1.6431917  101.1380452    2.72990     -261.6     -280.1      107.0      9.2      3.7      3.3 2023  1 20 19 33 34.56000137  0.0   1
     2805  -1.6414340  101.1501383    2.85535     1084.2      -85.8      232.4      4.3      6.4      4.1 2023  1 20 19 33 48.00000000  0.0   1
     2806  -1.6432252  101.1383382    2.87865     -229.1     -283.8      255.7      9.9      5.2      3.2 2023  1 20 19 33 53.97999954  0.0   1
     2807  -1.6404109  101.1473470    2.71146      772.9       27.3       88.5      4.7      2.9      2.5 2023  1 20 19 34 15.69999981  0.0   1
     2808  -1.6460411  101.1235026    1.36351    -1879.7     -595.2    -1259.4     12.9      9.4     14.6 2023  1 20 19 34 33.22000122  0.0   1
     2809  -1.6445374  101.1354085    2.62830     -554.9     -428.9        5.4      6.8      4.1      3.4 2023  1 20 19 34 48.20000076  0.0   1
     2810  -1.6417940  101.1428223    2.60702      269.7     -125.6      -15.9      4.5      3.9      3.0 2023  1 20 19 34 58.11999893  0.0   1
     2811  -1.6426551  101.1467204    2.98140      703.9     -220.8      358.5      6.7      3.7      3.2 2023  1 20 19 35 21.10000038  0.0   1
     2812  -1.6415267  101.1419189    2.92092      169.7      -96.0      298.0      6.0      3.3      2.1 2023  1 20 19 35 48.25999832  0.0   1
     2813  -1.6415552  101.1449219    2.77228      503.4      -99.2      149.3      4.3      2.4      2.0 2023  1 20 19 36 32.65999985  0.0   1
     2814  -1.6436368  101.1445231    2.88032      459.5     -329.4      257.4      4.5      3.1      2.1 2023  1 20 19 36 50.90000153  0.0   1
     2815  -1.6414553  101.1423828    2.79618      221.0      -88.1      173.2      5.6      3.6      2.9 2023  1 20 19 43 50.43999863  0.0   1
     2816  -1.6421972  101.1426270    2.92052      247.8     -170.2      297.6      5.6      4.7      3.8 2023  1 20 19 43 54.97999954  0.0   1
     2817  -1.6409918  101.1440999    2.72811      412.2      -36.9      105.2      3.7      2.8      2.4 2023  1 20 19 49 56.54000092  0.0   1
     2818  -1.6418826  101.1449382    2.90314      505.0     -135.4      280.2      7.5      5.0      2.6 2023  1 20 19 53 30.76000023  0.0   1
     2819  -1.6412842  101.1435547    2.80882      351.2      -69.2      185.9      5.7      3.5      2.5 2023  1 20 19 57 15.27999973  0.0   1
     2820  -1.6419802  101.1435710    2.61197      353.6     -146.2      -11.0      4.9      2.3      2.4 2023  1 20 19 57 23.65999985  0.0   1
     2821  -1.6403039  101.1437744    2.76925      375.6       39.2      146.3      5.8      3.1      2.6 2023  1 20 20 23  4.65999985  0.0   1
     2822  -1.6413798  101.1406576    2.80439       28.8      -79.8      181.4      9.3      4.3      4.1 2023  1 21  1 56 37.25000000  0.0   1
     2823  -1.6394543  101.1483317    2.83208      883.1      133.1      209.1      6.1      4.6      3.3 2023  1 30 17 30  4.76000023  0.0   1
     2824  -1.6419748  101.1401937    2.79136      -23.0     -145.6      168.4      6.6      3.5      2.7 2023  1 30 17 30 40.74000168  0.0   1
     2825  -1.6452900  101.1282796    1.93981    -1348.0     -512.1     -683.1      9.0      6.6      8.1 2023  2 18 22 35 10.69999981  0.0   1
     2826  -1.6386075  101.1439046    2.83414      390.7      226.8      211.2      5.1      3.4      3.0 2023  2 18 22 38 25.92000008  0.0   1
     2827  -1.6410310  101.1419434    2.67242      172.2      -41.2       49.5      9.8      4.9      4.3 2023  2 18 22 38 33.40000153  0.0   1
     2828  -1.6450282  101.1308024    2.20670    -1067.4     -483.2     -416.2      9.6      6.3      6.9 2023  2 18 22 39  5.48000002  0.0   1
     2829  -1.6469926  101.1363363    2.39363     -451.9     -700.4     -229.3     10.7      6.0      5.2 2023  2 26 15 14 57.77000046  0.0   1
     2830  -1.6464957  101.1326497    2.02080     -862.5     -645.5     -602.1     10.7      7.2      7.5 2023  2 27 22 34 11.93999958  0.0   1
     2831  -1.6422955  101.1524495    2.69293     1341.0     -181.0       70.0      6.3      6.1      4.4 2023  2 27 22 34 17.97999954  0.0   1
     2832  -1.6473025  101.1373942    2.22247     -334.5     -734.7     -400.5     14.8      5.6      7.1 2023  2 27 22 34 39.31999969  0.0   1
     2833  -1.6418619  101.1352620    2.76319     -571.8     -133.1      140.2      9.8      5.5      3.9 2023  2 27 22 34 42.22000122  0.0   1
     2834  -1.6405312  101.1396973    2.75477      -77.6       14.1      131.8      4.9      2.4      2.2 2023  3  8  4 53 44.11000061  0.0   1
     2835  -1.6397799  101.1371419    2.84534     -362.3       97.1      222.4      8.8      4.4      2.7 2023  3 12 23 29 24.12000084  0.0   1
     2836  -1.6409626  101.1372070    2.92053     -354.7      -33.7      297.6      7.8      4.0      2.3 2023  3 19 14 58 26.79999924  0.0   1
     2837  -1.6418914  101.1446859    2.84055      477.3     -136.4      217.6      5.8      3.2      2.2 2023  3 19 14 58 27.35000038  0.0   1
     2838  -1.6387535  101.1436442    2.91501      361.0      210.6      292.1      7.8      4.6      2.5 2023  3 19 14 58 41.38999939  0.0   1
     2839  -1.6431042  101.1421875    2.77017      199.6     -270.5      147.2      7.9      2.9      2.8 2023  3 19 14 59  5.11999989  0.0   1
     2840  -1.6414124  101.1432861    2.87509      321.3      -83.4      252.2      7.7      3.7      2.6 2023  3 19 15  0 56.34000015  0.0   1
     2841  -1.6401188  101.1460938    2.79409      633.7       59.6      171.1      6.9      5.0      2.9 2023  3 19 15  7 48.63000107  0.0   1
     2842  -1.6412139  101.1435140    2.77306      346.6      -61.4      150.1      5.0      3.5      2.5 2023  3 19 15  8  6.13999987  0.0   1
     2843  -1.6410801  101.1457520    2.72926      595.8      -46.6      106.3      6.0      3.0      3.5 2023  3 19 15  8 45.77000046  0.0   1
     2844  -1.6420546  101.1450928    2.65072      522.4     -154.4       27.8      4.5      3.7      2.7 2023  3 19 15 10  1.89999998  0.0   1
     2845  -1.6419445  101.1411133    3.00263       79.8     -142.2      379.7      8.2      3.8      2.6 2023  3 19 15 10 17.05999947  0.0   1
     2846  -1.6422125  101.1348714    2.89303     -614.7     -171.9      270.1     11.7      8.1      5.2 2023  3 19 15 10 42.45999908  0.0   1
     2847  -1.6391565  101.1402425    3.25525      -16.8      166.1      632.3      9.5      6.3      3.3 2023  3 19 15 12  7.92000008  0.0   1
     2848  -1.6381159  101.1454508    3.02423      562.7      281.1      401.3      7.1      7.0      3.6 2023  3 19 15 12 41.66999817  0.0   1
     2849  -1.6397953  101.1455566    2.95323      574.0       95.4      330.3      6.4      5.2      2.9 2023  3 19 15 13  3.02999997  0.0   1
     2850  -1.6455748  101.1345133    2.70277     -655.1     -543.7       79.8      8.5      5.7      5.1 2023  3 19 15 13 29.22999954  0.0   1
     2851  -1.6408548  101.1418376    2.88884      160.7      -21.7      265.9      8.9      4.2      2.8 2023  3 19 15 14 14.53999996  0.0   1
     2852  -1.6444668  101.1292236    2.10505    -1243.1     -421.1     -517.9      9.4      7.2      8.1 2023  3 19 15 14 23.75000000  0.0   1
     2853  -1.6402138  101.1433105    2.72950      323.8       49.1      106.6      4.0      3.6      2.0 2023  3 19 15 17  0.95999998  0.0   1
     2854  -1.6411697  101.1422038    2.72351      200.9      -56.6      100.6      6.8      3.1      3.8 2023  3 19 15 17 15.43000031  0.0   1
     2855  -1.6395390  101.1432373    2.95132      316.0      123.8      328.4     10.1      5.4      4.0 2023  3 19 15 17 23.26000023  0.0   1
     2856  -1.6429932  101.1399007    2.76182      -55.5     -258.2      138.9     11.4      4.5      2.7 2023  3 19 15 17 27.55999947  0.0   1
     2857  -1.6399684  101.1490479    2.87921      962.2       76.3      256.3      4.1      5.3      3.8 2023  3 19 15 17 37.34000015  0.0   1
     2858  -1.6409574  101.1433187    2.85460      325.1      -33.1      231.7      7.4      3.8      3.0 2023  3 30 10 37 55.43000031  0.0   1
     2859  -1.6410669  101.1465007    2.73706      679.0      -45.2      114.1      5.5      3.3      2.4 2023  3 30 10 38 31.47999954  0.0   1
     2860  -1.6440875  101.1367269    2.88990     -408.0     -379.2      267.0      7.5      3.9      2.6 2023  3 30 10 38 50.88000107  0.0   1
     2861  -1.6425868  101.1428955    2.97042      277.7     -213.3      347.5     11.9      3.2      2.8 2023  3 30 10 38 55.63999939  0.0   1
     2862  -1.6420343  101.1431722    2.61906      308.3     -152.2       -3.9      5.4      4.6      3.6 2023  3 30 10 39 42.11999893  0.0   1
     2863  -1.6406916  101.1364502    3.23899     -439.4       -3.7      616.0     10.7      6.0      4.6 2023  3 30 10 39 48.84999847  0.0   1
     2864  -1.6420511  101.1427246    2.79405      258.8     -154.0      171.1      3.0      3.4      2.6 2023  3 30 10 40  7.73999977  0.0   1
     2865  -1.6415380  101.1398112    2.85385      -65.1      -97.3      230.9      5.1      3.2      3.3 2023  3 30 10 40 14.48999977  0.0   1
     2866  -1.6389547  101.1365967    2.86022     -423.1      188.4      237.3     12.5      5.4      3.0 2023  3 30 10 40 28.92000008  0.0   1
     2867  -1.6405061  101.1408773    2.75870       53.5       16.8      135.8      7.2      4.4      3.1 2023  3 30 10 40 36.38999939  0.0   1
     2868  -1.6387417  101.1439697    2.73599      397.5      211.9      113.0      5.0      3.5      2.6 2023  3 30 10 40 42.43999863  0.0   1
     2869  -1.6456384  101.1337484    2.73533     -739.4     -550.7      112.4     12.5      5.5      5.1 2023  3 30 10 41  9.31999969  0.0   1
     2870  -1.6415334  101.1417887    2.80517      155.0      -96.8      182.2      8.7      3.0      2.4 2023  3 30 10 41 20.13999939  0.0   1
     2871  -1.6458961  101.1383219    2.84287     -231.3     -579.2      219.9     10.0      3.6      2.9 2023  3 30 10 41 29.93000031  0.0   1
     2872  -1.6447694  101.1319336    2.46331     -941.6     -454.6     -159.6      9.3      6.1      6.3 2023  3 30 10 42  3.19000006  0.0   1
     2873  -1.6418374  101.1444255    2.73234      448.5     -130.4      109.4      5.0      3.4      2.7 2023  3 30 10 42 11.61999989  0.0   1
     2874  -1.6424413  101.1408203    2.84617       47.0     -197.2      223.2      8.8      3.9      3.0 2023  3 30 10 45 34.45999908  0.0   1
     2875  -1.6401281  101.1380615    2.88481     -260.2       58.6      261.9      9.5      5.7      3.1 2023  3 30 10 49 11.32999992  0.0   1
     2877  -1.6388285  101.1470296    2.87572      737.8      202.3      252.8      6.4      4.7      2.0 2023  4  4 21 16 12.35999966  0.0   1
     2878  -1.6388093  101.1362223    3.02442     -464.4      204.4      401.5      8.3      7.8      4.1 2023  4  4 21 17 38.91999817  0.0   1
     2879  -1.6401909  101.1446126    2.69689      469.2       51.7       73.9      4.9      3.4      2.8 2023  4  4 21 19 37.68000031  0.0   1
     2880  -1.6401168  101.1496257    2.89893     1027.2       59.9      276.0      7.3      6.5      4.6 2023  4  4 21 20  7.90000010  0.0   1
     2881  -1.6394089  101.1451823    2.93534      532.3      138.1      312.4      5.8      4.2      4.2 2023  4  4 21 21 24.20000076  0.0   1
     2882  -1.6400669  101.1468018    2.55974      712.4       65.4      -63.2      4.9      2.6      2.5 2023  4  4 21 21 37.93999863  0.0   1
     2883  -1.6400665  101.1372559    2.81449     -349.5       65.4      191.5     12.5      5.9      4.8 2023  4  4 21 21 52.75999832  0.0   1
     2884  -1.6445752  101.1416911    2.57497      143.8     -433.1      -48.0      6.4      3.2      3.0 2023  4  4 21 21 54.95999908  0.0   1
     2885  -1.6397641  101.1521729    2.88194     1309.9       98.9      259.0      9.0      7.5      5.3 2023  4  4 21 22  3.64000010  0.0   1
     2886  -1.6439819  101.1412191    2.83088       91.7     -367.5      207.9      6.2      3.5      3.9 2023  4  7  6 28 12.28999996  0.0   1
     2889  -1.6015785  101.1254069    1.90492    -1668.3     4321.2     -718.0     14.0     11.9      9.2 2023  4 14  5 51 20.79999924  0.0   1
     2890  -1.6063721  101.1242269    2.15276    -1799.0     3791.1     -470.2     14.3     15.1      8.8 2023  4 14  5 51 25.79999924  0.0   1
     2893  -1.6386506  101.1443766    2.95216      442.5      222.0      329.2      6.8      4.1      4.2 2023  5 15 17 26 39.81999969  0.0   1
     2894  -1.6384328  101.1487467    2.89959      928.9      246.1      276.6      6.8      5.7      5.7 2023  5 15 17 32 30.39999962  0.0   1
     2895  -1.6445218  101.1399251    2.69027      -52.8     -427.2       67.3      6.3      5.2      4.7 2023  5 19 22 49 48.45999908  0.0   1
     2896  -1.6424788  101.1449300    2.80172      504.5     -201.3      178.8      8.2      4.7      2.0 2023  5 19 22 54 49.02000046  0.0   1
     2897  -1.6408902  101.1392008    2.85284     -133.3      -25.7      229.9      9.4      4.4      2.9 2023  5 19 22 54 53.54000092  0.0   1
     2901  -1.6416508  101.1351156    2.71435     -587.3     -109.7       91.4      7.9      4.9      3.9 2023  5 27 15 42  8.60000038  0.0   1
     2903  -1.6431805  101.1392334    2.65093     -129.2     -278.9       28.0     11.2      5.8      6.1 2023  5 28 18 49 16.21999931  0.0   1
     2905  -1.6474243  101.1240397    1.71967    -1820.5     -748.2     -903.3      9.2      7.8      9.7 2023  6  6  1 40 44.04000092  0.0   1
     2906  -1.6417006  101.1332845    2.55596     -791.8     -115.3      -67.0      8.1      5.6      4.3 2023  6  6  1 42 24.76000023  0.0   1
     2907  -1.6401302  101.1373454    2.76985     -339.9       58.4      146.9     11.0      5.5      3.5 2023  6  6  1 48 22.26000023  0.0   1
     2908  -1.6410877  101.1446859    2.74275      476.8      -47.5      119.8      6.9      2.7      3.1 2023  6  6  1 48 43.06999969  0.0   1
     2909  -1.6428361  101.1473145    2.64162      769.6     -240.8       18.7      7.0      3.4      2.9 2023  6  6  1 51 12.57999992  0.0   1
     2910  -1.6428792  101.1455892    2.69176      577.4     -245.6       68.8      6.1      3.5      3.8 2023  6  6  1 51 15.86999989  0.0   1
     2911  -1.6425533  101.1418701    2.86888      164.3     -209.6      245.9      6.9      3.1      2.4 2023  6  6  1 51 30.25000000  0.0   1
     2912  -1.6432657  101.1454590    2.93890      563.0     -288.3      316.0      5.2      2.6      3.0 2023  6  6  1 52 19.11000061  0.0   1
     2913  -1.6423679  101.1430908    2.92276      299.9     -189.1      299.8      6.8      3.1      3.0 2023  6  6  1 52 40.33000183  0.0   1
     2914  -1.6410676  101.1437093    2.95283      368.3      -45.3      329.9      5.5      4.2      3.7 2023  6  6  1 52 50.29999924  0.0   1
     2915  -1.6423684  101.1442952    2.81550      433.8     -189.1      192.6      8.4      4.0      3.8 2023  6  6  1 53 28.01000023  0.0   1
     2916  -1.6445194  101.1420898    2.84808      188.6     -427.0      225.1      7.1      2.4      3.4 2023  6  6  1 54  5.28999996  0.0   1
     2917  -1.6432367  101.1454346    2.81317      560.6     -285.1      190.2      3.8      3.0      2.7 2023  6  6  1 54 28.88999939  0.0   1
     2918  -1.6435649  101.1421549    2.88421      195.5     -321.4      261.3     12.0      3.1      3.1 2023  6  6  1 54 37.52999878  0.0   1
     2919  -1.6433137  101.1508382    2.74543     1161.6     -293.6      122.5      4.0      4.8      4.3 2023  6  6  1 54 44.18999863  0.0   1
     2921  -1.6471361  101.1270508    1.64335    -1485.0     -716.3     -979.6      8.8      6.8      9.1 2023  6  6  1 55 12.25000000  0.0   1
     2922  -1.6413153  101.1421956    2.88887      200.4      -72.7      265.9      6.7      3.3      2.7 2023  6  6  1 55 25.79999924  0.0   1
     2923  -1.6430326  101.1405680    2.65541       19.0     -262.5       32.5      6.6      2.7      2.3 2023  6  6  1 55 44.54999924  0.0   1
     2924  -1.6401955  101.1457194    2.83386      592.3       51.2      210.9      5.9      3.8      2.6 2023  6  6  1 55 52.50999832  0.0   1
     2925  -1.6434981  101.1386230    2.84683     -197.6     -314.0      223.9     12.8      4.2      3.2 2023  6  6  1 56  1.14999998  0.0   1
     2926  -1.6431290  101.1420736    2.96635      186.3     -273.2      343.4      8.6      4.6      3.4 2023  6  6  1 56  8.31999969  0.0   1
     2927  -1.6514806  101.1292725    0.83353    -1237.5    -1196.7    -1789.4     10.6      8.2     10.4 2023  6  6  1 56 16.76000023  0.0   1
     2928  -1.6424684  101.1414795    2.80139      120.8     -200.2      178.4      5.8      2.0      2.1 2023  6  6  1 56 29.04999924  0.0   1
     2929  -1.6482440  101.1287760    1.79000    -1293.5     -838.8     -832.9      9.7      6.3      8.7 2023  6  6  1 56 36.79000092  0.0   1
     2930  -1.6412337  101.1450358    2.86612      516.4      -63.6      243.2      6.4      3.3      2.4 2023  6  6  1 57 14.22000027  0.0   1
     2931  -1.6422359  101.1432210    2.78940      314.1     -174.5      166.5      5.6      2.6      2.2 2023  6  6  1 57 25.55999947  0.0   1
     2932  -1.6408825  101.1396566    2.90505      -82.2      -24.8      282.1      7.7      4.2      3.5 2023  6  6  1 57 28.88999939  0.0   1
     2933  -1.6420138  101.1436198    2.66854      358.5     -149.9       45.6      5.0      2.4      2.8 2023  6  6  1 57 37.61999893  0.0   1
     2934  -1.6421602  101.1438070    3.01599      379.8     -166.1      393.0      3.5      2.8      2.5 2023  6  6  1 57 45.38000107  0.0   1
     2935  -1.6390466  101.1480794    2.85840      854.5      178.2      236.5      3.7      3.2      2.2 2023  6  6  1 58  3.48000002  0.0   1
     2936  -1.6404190  101.1428467    2.85605      272.2       26.4      233.1      7.9      6.5      3.4 2023  6  6  1 58 51.29000092  0.0   1
     2937  -1.6440290  101.1447754    2.70724      487.3     -372.7       84.3      3.1      2.8      3.1 2023  6  6  1 59  4.92000008  0.0   1
     2938  -1.6426912  101.1253418    1.70418    -1675.4     -224.8     -918.8     36.6     38.4     42.4 2023  6  6  2  0 18.29000092  0.0   1
     2939  -1.6422418  101.1440755    2.84916      408.9     -175.1      226.2      6.1      4.4      2.5 2023  6  6  2  0 50.33000183  0.0   1
     2940  -1.6426917  101.1429443    2.79854      283.2     -224.8      175.6      6.8      2.4      2.5 2023  6  6  2  1 17.14999962  0.0   1
     2941  -1.6438346  101.1433757    2.57188      331.3     -351.2      -51.1      7.8      6.1      5.3 2023  6  6  2  1 29.55999947  0.0   1
     2942  -1.6415349  101.1432536    2.73890      318.1      -96.9      116.0      5.3      2.3      2.3 2023  6  6  2  1 36.97999954  0.0   1
     2943  -1.6396845  101.1451823    2.59625      532.4      107.7      -25.7      5.8      3.9      2.9 2023  6  6  2  1 54.45999908  0.0   1
     2944  -1.6401213  101.1431234    2.90677      302.9       59.4      283.8      3.8      2.1      2.0 2023  6  6  2  2 19.39999962  0.0   1
     2945  -1.6463565  101.1420573    2.75534      184.3     -630.1      132.4     11.5      3.4      4.0 2023  6  6  2  3 32.54000092  0.0   1
     2946  -1.6444186  101.1445312    2.63540      459.7     -415.8       12.5      4.6      3.8      3.0 2023  6  6  2  5 16.29999924  0.0   1
     2947  -1.6342761  101.1534342    2.72233     1450.7      705.7       99.4     13.2     14.3      9.9 2023  6  6  2 11 56.61000061  0.0   1
     2948  -1.6413143  101.1438965    2.77470      389.4      -72.6      151.8      5.6      3.0      2.7 2023  6  6  2 57 14.14999962  0.0   1
     2949  -1.6411149  101.1437663    2.75024      374.7      -50.5      127.3      5.0      2.6      2.4 2023  6  6  2 57 29.37000084  0.0   1
     2950  -1.6402148  101.1487712    2.63239      931.6       49.0        9.4      4.2      3.2      2.4 2023  6  6  2 57 54.09999847  0.0   1
     2951  -1.6396896  101.1375163    2.70228     -320.3      107.1       79.3      8.9      4.4      3.4 2023  6  6  2 58  2.06999993  0.0   1
     2952  -1.6417555  101.1499919    1.94504     1067.7     -121.3     -677.9     14.6      9.7     10.9 2023  6  6  2 58 17.95000076  0.0   1
     2953  -1.6458090  101.1348796    2.30745     -614.2     -569.5     -315.5      9.6      5.2      5.8 2023  6  6  2 58 41.36999893  0.0   1
     2954  -1.6421738  101.1470622    2.47222      741.7     -167.6     -150.7      4.5      3.0      2.3 2023  6  6  2 59 47.00999832  0.0   1
     2955  -1.6387529  101.1518880    3.04462     1278.5      210.7      421.7      7.1      7.3      6.2 2023  6  6 22 40 15.80000019  0.0   1
     2962  -1.6410431  101.1394613    2.67007     -104.0      -42.6       47.1      6.7      2.8      2.3 2023  7  4 19 19 48.45999908  0.0   1
     2967  -1.6458495  101.1263184    2.28210    -1566.4     -574.0     -340.8      9.8      7.4      8.7 2023  7 14 23 38 10.26000023  0.0   1
     2968  -1.6409284  101.1431152    2.89773      302.6      -29.9      274.8      4.3      2.6      2.2 2023  7 15  2  2 49.29000092  0.0   1
     2969  -1.6413719  101.1409261    2.81428       58.9      -78.9      191.3      9.0      4.1      3.8 2023  7 15  2  5 39.86000061  0.0   1
     2972  -1.6409126  101.1415202    2.89395      124.8      -28.1      271.0     13.9      5.9      2.9 2023  7 15  9 27  6.65999985  0.0   1
     2973  -1.6412668  101.1434814    2.74974      343.6      -67.3      126.8      3.0      2.6      1.9 2023  7 15  9 29 55.13999939  0.0   1
     2974  -1.6414869  101.1430990    2.70241      300.3      -91.6       79.5      5.0      2.0      2.0 2023  7 15  9 30  2.75999999  0.0   1
     2975  -1.6417348  101.1420492    2.73018      183.8     -119.1      107.2      3.7      2.7      2.1 2023  7 15  9 30 27.43000031  0.0   1
     2976  -1.6414018  101.1438965    2.71987      389.1      -82.2       96.9      5.3      2.9      2.4 2023  7 15  9 31 39.70999908  0.0   1
     2977  -1.6339766  101.1220459    2.14460    -2041.6      738.8     -478.3     11.3      9.3      9.5 2023  7 17 15  4 33.40000153  0.0   1
     2978  -1.6406530  101.1428060    2.81668      268.3        0.6      193.7      5.4      3.0      2.7 2023  7 19  2  5 31.29000092  0.0   1
     2979  -1.6396186  101.1421549    3.12033      195.3      115.0      497.4      5.9      2.6      2.3 2023  7 19  2 18 47.72999954  0.0   1
     2980  -1.6424001  101.1454671    2.82027      564.2     -192.6      197.3      5.1      2.2      2.3 2023  7 19  2 21  5.59999990  0.0   1
     2981  -1.6355736  101.1507975    2.96772     1156.9      562.2      344.8      7.3      7.2      6.9 2023  7 19  2 21  8.77999973  0.0   1
     2982  -1.6400122  101.1420247    2.93604      180.7       71.4      313.1      4.6      2.7      2.4 2023  7 19  2 59 40.54000092  0.0   1
     2983  -1.6415825  101.1434489    2.82283      339.4     -102.2      199.9      4.9      3.0      2.6 2023  7 19  3  0  3.86999989  0.0   1
     2984  -1.6411269  101.1468831    2.58585      721.5      -51.8      -37.1      4.9      3.5      3.1 2023  7 19  3  0 15.28999996  0.0   1
     2985  -1.6413930  101.1436930    2.70400      366.6      -81.3       81.1      5.1      3.7      2.2 2023  7 19  3  0 25.79000092  0.0   1
     2986  -1.6434258  101.1388265    2.80537     -174.3     -306.0      182.4      9.9      4.0      2.8 2023  7 19  3  1  0.31999999  0.0   1
     2987  -1.6451894  101.1439941    2.56031      400.4     -501.0      -62.6      4.1      3.2      3.1 2023  7 19  3  1 12.77000046  0.0   1
     2988  -1.6420431  101.1426514    2.62714      250.5     -153.1        4.2      4.2      2.5      2.1 2023  7 19  3  1 20.85000038  0.0   1
     2989  -1.6414227  101.1382894    2.93130     -234.9      -84.5      308.4      7.4      3.6      2.4 2023  7 19  3  1 31.04999924  0.0   1
     2990  -1.6400541  101.1465332    2.92859      683.0       66.8      305.6      5.3      2.8      2.6 2023  7 19  3  1 58.95000076  0.0   1
     2991  -1.6417853  101.1417155    2.98346      146.3     -124.6      360.5      6.9      3.7      2.5 2023  7 19  3  2 24.22999954  0.0   1
     2992  -1.6412450  101.1427816    2.69627      265.5      -64.9       73.3      6.0      3.3      2.5 2023  7 19  3  2 31.32999992  0.0   1
     2994  -1.6461917  101.1418132    2.40286      157.4     -611.9     -220.1      5.8      3.5      2.3 2023  7 19  3  3  5.17000008  0.0   1
     2995  -1.6423697  101.1417969    2.78178      155.4     -189.3      158.8      7.9      3.1      1.9 2023  7 19  3  3 49.45000076  0.0   1
     2996  -1.6410914  101.1441325    2.87740      415.2      -47.9      254.5      4.0      2.5      2.6 2023  7 19  3  4 25.73999977  0.0   1
     2997  -1.6428533  101.1410156    2.43124       68.7     -242.7     -191.7      7.9      3.2      2.2 2023  7 19  3  4 42.90000153  0.0   1
     2998  -1.6402294  101.1412516    3.02509       95.5       47.4      402.1     12.5      3.5      3.1 2023  7 19  3  4 47.33000183  0.0   1
     2999  -1.6416543  101.1413900    2.96847      110.2     -110.1      345.5      5.2      4.0      2.8 2023  7 19  3  5 55.38999939  0.0   1
     3000  -1.6396242  101.1449463    2.82069      505.9      114.3      197.7      5.0      2.7      2.8 2023  7 19  3  6 34.20999908  0.0   1
     3001  -1.6421560  101.1434652    2.69717      341.0     -165.6       74.2      4.7      2.5      2.5 2023  7 19  3  7 18.03000069  0.0   1
     3002  -1.6436188  101.1425781    2.71442      242.5     -327.4       91.5      4.0      2.9      2.3 2023  7 19  3  7 20.17000008  0.0   1
     3003  -1.6415459  101.1517334    2.48949     1261.2      -98.1     -133.5      6.9      4.7      4.0 2023  7 19  3  8 37.70999908  0.0   1
     3004  -1.6431129  101.1432373    2.78138      316.5     -271.4      158.4      6.1      4.1      4.8 2023  7 19  3 10 29.87999916  0.0   1
     3005  -1.6403628  101.1436849    2.85545      366.0       32.7      232.5      5.4      2.9      2.3 2023  7 19  3 11  7.88000011  0.0   1
     3006  -1.6359909  101.1477620    3.29422      819.6      516.1      671.3      8.5      7.8      6.1 2023  7 19  3 12 10.78999996  0.0   1
     3007  -1.6417755  101.1480143    2.66996      847.9     -123.5       47.0      5.1      4.1      3.5 2023  7 19  3 14 29.62999916  0.0   1
     3008  -1.6418591  101.1459961    2.41468      622.8     -132.8     -208.3      3.2      2.5      3.1 2023  7 19  3 14 38.36000061  0.0   1
     3009  -1.6395284  101.1418864    2.83136      166.1      124.9      208.4      5.4      2.8      3.1 2023  7 19  3 17 13.86999989  0.0   1
     3010  -1.6409597  101.1452962    2.81925      545.6      -33.3      196.3      4.8      4.0      2.6 2023  7 19  3 22  8.31999969  0.0   1
     3011  -1.6390934  101.1425944    2.86146      244.7      173.0      238.5      4.1      2.4      1.9 2023  7 19  3 23  0.50000000  0.0   1
     3012  -1.6412140  101.1434082    2.74342      335.4      -61.5      120.5      3.8      2.1      2.2 2023  7 19  3 23 19.36000061  0.0   1
     3013  -1.6417252  101.1430827    2.85175      298.9     -118.0      228.8      7.2      3.5      3.2 2023  7 19  3 23 22.77000046  0.0   1
     3014  -1.6376162  101.1399821    3.02533      -46.5      336.4      402.4      7.7      4.7      3.9 2023  7 19  3 23 38.40000153  0.0   1
     3015  -1.6412287  101.1446208    2.69848      470.0      -63.1       75.5      3.6      2.5      1.9 2023  7 19  3 24  8.73999977  0.0   1
     3016  -1.6400644  101.1420492    2.93742      183.6       65.7      314.5      6.6      4.0      2.9 2023  7 19  3 24 11.84000015  0.0   1
     3017  -1.6442113  101.1426351    2.71731      249.4     -392.9       94.4      8.9      4.2      5.1 2023  7 19  3 24 18.10000038  0.0   1
     3018  -1.6415412  101.1425944    2.65069      244.8      -97.6       27.7      4.0      2.4      2.3 2023  7 19  3 26 25.94000053  0.0   1
     3019  -1.6438801  101.1365723    2.84791     -426.0     -356.3      225.0      9.9      3.6      3.6 2023  7 19  3 26 54.45000076  0.0   1
     3020  -1.6382381  101.1488444    2.88415      940.0      267.6      261.2      5.3      5.0      3.4 2023  7 19  3 28  6.32000017  0.0   1
     3021  -1.6353751  101.1372559    3.19027     -349.4      584.2      567.3     12.7      6.0      4.8 2023  7 19  3 28 11.30000019  0.0   1
     3022  -1.6408494  101.1481445    2.65790      861.7      -21.2       35.0      3.7      4.3      2.8 2023  7 19  3 29  4.26999998  0.0   1
     3023  -1.6447367  101.1402669    2.54483      -14.9     -451.0      -78.1      6.9      2.4      2.6 2023  7 19  3 30 50.99000168  0.0   1
     3024  -1.6475605  101.1425212    2.50791      236.1     -763.2     -115.0      7.8      4.1      5.4 2023  7 19  3 37 19.65999985  0.0   1
     3025  -1.6390845  101.1321940    2.73337     -912.8      174.0      110.4     10.5      5.9      5.5 2023  7 19  3 39 24.28000069  0.0   1
     3026  -1.6441915  101.1466878    2.71583      700.2     -390.7       92.9      5.7      5.2      4.6 2023  7 19  3 48 22.11000061  0.0   1
     3027  -1.6412189  101.1425781    2.81009      243.1      -62.0      187.2      4.2      4.0      3.2 2023  7 19 19  1 51.08000183  0.0   1
     3028  -1.6417268  101.1412598    2.77355       95.7     -118.2      150.6      5.8      3.5      3.3 2023  7 20  1 15 46.22999954  0.0   1
     3029  -1.6409653  101.1406982    2.80544       33.4      -34.0      182.5     14.2      5.9      2.7 2023  7 20  1 16 25.07999992  0.0   1
     3030  -1.6397695  101.1431478    2.98554      306.3       98.3      362.6     10.3      5.1      3.6 2023  7 20  1 18 27.22999954  0.0   1
     3031  -1.6418102  101.1416992    2.73495      144.7     -127.4      112.0      4.4      2.6      2.2 2023  7 20 16 59 18.79999924  0.0   1
     3032  -1.6398397  101.1436686    2.83974      364.4       90.5      216.8      7.1      4.7      3.8 2023  7 21  6 50 53.00999832  0.0   1
     3033  -1.6454491  101.1425944    2.62366      244.5     -529.8        0.7      4.9      2.8      3.2 2023  7 21 12 31 45.83000183  0.0   1
     3034  -1.6447198  101.1427409    2.60921      260.4     -449.1      -13.7      4.8      4.3      4.6 2023  7 23  3 56 19.47999954  0.0   1
     3037  -1.6419792  101.1452148    2.68885      535.8     -146.1       65.9      3.3      3.4      3.2 2023  7 31 23 41 35.38000107  0.0   1
     3042  -1.6419575  101.1394857    2.93435     -101.8     -143.7      311.4      6.4      3.6      3.3 2023  8 25 22  0  2.96000004  0.0   1
     3043  -1.6407678  101.1448161    2.82718      492.2      -12.1      204.2      5.3      3.6      2.6 2023  8 25 22  1 20.63999939  0.0   1
     3044  -1.6490476  101.1360596    2.54847     -482.8     -927.6      -74.5     12.1      7.2      6.9 2023  8 25 22  1 29.57999992  0.0   1
     3045  -1.6415820  101.1436686    2.68211      363.8     -102.1       59.2      3.8      2.2      2.5 2023  8 25 22  1 39.70000076  0.0   1
     3046  -1.6398129  101.1345459    2.81984     -651.0       93.5      196.9      8.8      5.5      3.8 2023  8 25 22  2 23.94000053  0.0   1
     3047  -1.6412327  101.1433919    2.75099      332.9      -63.5      128.1      2.6      1.7      1.4 2023  8 25 22  2 28.13999939  0.0   1
     3048  -1.6401188  101.1526530    2.42544     1363.4       59.6     -197.5      6.0      8.7      5.0 2023  8 25 22  2 42.25999832  0.0   1
     3049  -1.6412841  101.1437256    2.65065      370.3      -69.2       27.7      5.8      3.7      2.9 2023  8 25 22  2 51.50000000  0.0   1
     3050  -1.6418041  101.1437419    2.81273      372.6     -126.7      189.8      4.9      2.7      2.4 2023  8 25 22  2 58.43999863  0.0   1
     3051  -1.6396805  101.1510010    2.02067     1180.3      108.1     -602.3      9.5      7.4      7.3 2023  8 25 22  3 19.87999916  0.0   1
     3052  -1.6433718  101.1360677    2.82833     -481.4     -300.1      205.4     15.2      6.9      3.5 2023  8 25 22  3 24.92000008  0.0   1
     3054  -1.6435846  101.1401611    2.81470      -26.6     -323.6      191.8      9.2      3.1      2.9 2023  8 25 22  3 32.50000000  0.0   1
     3055  -1.6417063  101.1405762    2.85350       19.7     -115.9      230.6     12.0      3.3      2.6 2023  8 25 22  3 45.52000046  0.0   1
     3056  -1.6474072  101.1243164    2.06173    -1789.0     -746.3     -561.2      8.1      7.4      8.3 2023  8 25 22  4 22.10000038  0.0   1
     3057  -1.6417622  101.1449056    2.77245      501.3     -122.1      149.5      6.3      3.3      2.6 2023  8 25 22  4 39.36000061  0.0   1
     3058  -1.6423953  101.1439128    2.83043      391.1     -192.1      207.5      6.7      4.0      3.4 2023  8 25 22  4 42.74000168  0.0   1
     3059  -1.6388903  101.1483480    2.56337      884.8      195.5      -59.6      3.1      3.9      2.9 2023  8 25 22  5 22.65999985  0.0   1
     3060  -1.6399228  101.1564128    2.26512     1782.0       81.3     -357.8      5.3      6.6      4.8 2023  8 25 22  5 45.79999924  0.0   1
     3061  -1.6444038  101.1366618    2.65499     -416.1     -414.2       32.0      5.9      3.1      3.4 2023  8 25 22  7 34.09999847  0.0   1
     3062  -1.6429905  101.1419352    2.63560      171.1     -257.9       12.7      5.3      2.9      3.0 2023  8 25 22  9 17.42000008  0.0   1
     3063  -1.6428701  101.1447673    2.55061      486.4     -244.6      -72.3      6.9      4.1      3.5 2023  8 25 22  9 21.89999962  0.0   1
     3064  -1.6400909  101.1434326    3.01053      337.9       62.7      387.6      5.6      2.7      2.5 2023  8 25 22  9 33.65999985  0.0   1
     3065  -1.6335181  101.1671712    1.79255     2979.3      789.5     -830.4      9.8     13.0     26.5 2023  8 25 22  9 50.97999954  0.0   1
     3066  -1.6397283  101.1456950    2.70539      589.9      102.8       82.4      5.6      6.2      3.4 2023  8 25 22 11 54.90000153  0.0   1
     3067  -1.6410928  101.1515381    2.60468     1239.5      -48.1      -18.3      7.7      5.7      4.4 2023  8 25 22 12 15.19999981  0.0   1
     3068  -1.6368080  101.1541260    2.39947     1527.6      425.7     -223.5      5.5      6.3      5.0 2023  8 25 22 14 11.64000034  0.0   1
     3069  -1.6392502  101.1472249    2.48972      759.4      155.7     -133.2      5.0      4.1      3.0 2023  8 28 21 39 39.09999847  0.0   1
     3070  -1.6444717  101.1332438    2.54474     -796.0     -421.7      -78.2      9.3      4.6      4.8 2023  8 28 22  8 57.27999878  0.0   1
     3071  -1.6417328  101.1401367    2.76448      -29.1     -118.8      141.5      5.8      2.8      2.9 2023  8 29 14 22 51.02999878  0.0   1
     3072  -1.6415980  101.1397868    2.93349      -67.7     -103.9      310.6      6.9      3.5      2.7 2023  8 29 18 13 50.74000168  0.0   1
     3074  -1.6426208  101.1369792    2.64424     -380.5     -217.0       21.3      9.7      5.3      2.7 2023  8 30  1 31 17.67000008  0.0   1
     3075  -1.6407556  101.1268799    2.09259    -1503.8      -10.8     -530.3     21.1     35.5     19.6 2023  8 30  5 46 14.44999981  0.0   1
     3076  -1.6396236  101.1477702    2.59473      820.2      114.4      -28.2      5.9      3.3      2.9 2023  8 30  5 46 27.07999992  0.0   1
     3077  -1.6421703  101.1466471    2.41858      695.9     -167.2     -204.4      4.9      4.2      3.1 2023  8 30  5 47  3.69000006  0.0   1
     3078  -1.6418222  101.1442301    2.90217      426.4     -128.7      279.2      6.2      3.1      3.0 2023  8 30  5 47  5.53999996  0.0   1
     3079  -1.6427329  101.1265218    2.15318    -1543.5     -229.4     -469.8     12.5     11.3     11.3 2023  8 30  5 47 14.06000042  0.0   1
     3080  -1.6379663  101.1538411    2.67696     1496.0      297.7       54.0      6.4      5.4      5.4 2023  8 30  5 47 22.72999954  0.0   1
     3081  -1.6394733  101.1481771    2.59278      865.4      131.0      -30.2      4.5      2.9      2.3 2023  8 30  5 47 28.44000053  0.0   1
     3083  -1.6413190  101.1275472    1.43494    -1429.4      -73.1    -1188.0     19.3     30.1     20.6 2023  8 30  5 47 51.20000076  0.0   1
     3084  -1.6439757  101.1438721    2.68204      386.7     -366.8       59.1      7.3      4.7      4.0 2023  8 30  5 50 22.00000000  0.0   1
     3085  -1.6416321  101.1400146    2.67635      -42.2     -107.7       53.4      5.4      3.7      3.0 2023  8 30  5 50 28.25000000  0.0   1
     3086  -1.6426423  101.1490072    2.96723      958.4     -219.4      344.3      5.8      3.7      3.5 2023  8 30 14 17 58.83000183  0.0   1
     3087  -1.6459684  101.1395671    2.30223      -92.0     -587.2     -320.7      6.3      5.3      3.2 2023  8 30 14 22 58.09000015  0.0   1
     3088  -1.6419899  101.1422689    2.69945      207.8     -147.3       76.5      7.4      3.9      3.3 2023  8 30 14 35 52.65000153  0.0   1
     3094  -1.6434710  101.1389160    2.61150     -164.5     -311.0      -11.4     13.1      3.9      3.9 2023  9 13 15 18 58.20999908  0.0   1
     3095  -1.6391772  101.1491130    2.47396      970.2      163.8     -149.0      5.2      4.1      3.8 2023  9 14 16  1  7.05999994  0.0   1
     3096  -1.6380419  101.1483236    2.62425      882.2      289.3        1.3      7.1      5.8      3.4 2023  9 14 16  1 16.52000046  0.0   1
     3097  -1.6417894  101.1370199    2.78433     -375.6     -125.1      161.4     12.6      5.5      4.7 2023  9 14 16  1 24.82999992  0.0   1
     3098  -1.6411453  101.1377035    2.50838     -299.7      -53.9     -114.6      8.9      6.8      3.7 2023  9 14 16  3 59.18000031  0.0   1
     3099  -1.6384197  101.1484456    2.63167      895.9      247.5        8.7      4.2      4.8      3.5 2023  9 14 16  4  8.14000034  0.0   1
     3100  -1.6366906  101.1498372    2.98722     1050.4      438.7      364.3      7.6      9.3      5.3 2023  9 14 16  7 36.65999985  0.0   1
     3101  -1.6395374  101.1429525    2.60873      284.2      123.9      -14.2      5.2      3.0      2.9 2023  9 14 16  7 43.02999878  0.0   1
     3102  -1.6449094  101.1269613    1.97541    -1495.5     -470.1     -647.5      9.5      9.9      9.1 2023  9 14 16 10 57.36000061  0.0   1
     3103  -1.6361710  101.1313395    2.93249    -1007.7      496.2      309.5      7.6      8.1      5.1 2023  9 14 16 11 12.31000042  0.0   1
     3104  -1.6401591  101.1456868    2.63179      589.0       55.2        8.8      5.2      3.1      2.1 2023  9 14 16 11 17.97999954  0.0   1
     3105  -1.6420296  101.1434408    2.84299      338.8     -151.6      220.0      3.1      2.2      1.9 2023  9 14 16 23 25.43000031  0.0   1
     3106  -1.6417198  101.1424235    2.71765      225.5     -117.4       94.7      6.7      4.1      3.2 2023  9 14 16 23 33.90000153  0.0   1
     3107  -1.6417577  101.1409017    2.88842       56.0     -121.6      265.5      4.4      4.0      2.7 2023  9 14 16 23 52.75999832  0.0   1
     3108  -1.6406083  101.1401693    2.73538      -25.3        5.5      112.4      7.9      4.3      3.9 2023  9 14 16 23 59.08000183  0.0   1
     3109  -1.6417704  101.1411377    2.56665       82.3     -123.0      -56.3      9.0      3.3      4.4 2023  9 14 16 24  4.69000006  0.0   1
     3110  -1.6422175  101.1417480    2.68094      150.1     -172.4       58.0      4.8      3.0      2.6 2023  9 14 16 24 13.52000046  0.0   1
     3111  -1.6419656  101.1433105    2.68996      324.2     -144.6       67.0      3.0      2.1      2.1 2023  9 14 16 24 25.40999985  0.0   1
     3112  -1.6405945  101.1465251    2.79983      682.1        7.0      176.9      3.4      4.3      3.1 2023  9 14 16 24 54.75000000  0.0   1
     3113  -1.6427607  101.1402425    2.81880      -17.1     -232.5      195.9      8.5      3.5      3.5 2023  9 14 16 24 59.38000107  0.0   1
     3114  -1.6413720  101.1444987    2.70332      456.5      -78.9       80.4      5.1      4.3      4.1 2023  9 14 16 25  6.48000002  0.0   1
     3115  -1.6407883  101.1460124    2.68474      624.5      -14.4       61.8      4.2      3.3      2.7 2023  9 14 16 25 25.75000000  0.0   1
     3116  -1.6405303  101.1511556    2.44555     1197.2       14.1     -177.4      4.1      4.0      2.4 2023  9 14 16 25 28.45000076  0.0   1
     3117  -1.6489555  101.1266276    1.23557    -1532.1     -917.5    -1387.4      9.9      8.8     11.1 2023  9 14 16 25 34.34999847  0.0   1
     3118  -1.6453285  101.1371908    1.91388     -356.8     -516.4     -708.1     20.3      7.0      7.6 2023  9 14 16 25 42.66999817  0.0   1
     3119  -1.6403353  101.1388021    2.71477     -177.4       35.7       91.8      9.7      3.2      2.1 2023  9 14 16 25 48.11999893  0.0   1
     3120  -1.6419872  101.1383219    2.52615     -230.6     -147.0      -96.8      8.6      3.4      3.0 2023  9 14 16 25 56.81999969  0.0   1
     3121  -1.6404547  101.1435710    2.82738      353.1       22.5      204.4      3.7      3.6      2.8 2023  9 14 16 26  2.75999999  0.0   1
     3122  -1.6412841  101.1427816    2.81836      265.3      -69.2      195.4      4.7      2.0      2.0 2023  9 14 16 26 23.64999962  0.0   1
     3123  -1.6404808  101.1425456    2.94791      239.0       19.6      325.0      8.7      4.1      3.7 2023  9 14 16 26 34.95999908  0.0   1
     3124  -1.6410955  101.1457764    2.80150      598.5      -48.4      178.6      5.5      3.7      2.3 2023  9 14 16 26 48.50000000  0.0   1
     3125  -1.6446428  101.1393717    2.50337     -114.1     -440.6     -119.6     11.0      6.6      6.3 2023  9 14 16 27  6.15000010  0.0   1
     3126  -1.6420189  101.1472900    2.58619      766.9     -150.5      -36.7      4.3      3.4      2.4 2023  9 14 16 27 14.25000000  0.0   1
     3127  -1.6404172  101.1439372    2.69284      393.6       26.6       69.9      3.9      4.0      3.3 2023  9 14 16 27 17.69000053  0.0   1
     3128  -1.6391062  101.1456462    2.65275      583.7      171.6       29.8      5.2      4.7      3.3 2023  9 14 16 27 22.95999908  0.0   1
     3129  -1.6370182  101.1486654    2.64030      920.4      402.5       17.4      6.1      4.2      4.2 2023  9 14 16 27 30.12000084  0.0   1
     3130  -1.6399058  101.1389404    3.04711     -161.9       83.2      424.2     19.4      5.9      3.5 2023  9 14 16 27 36.08000183  0.0   1
     3131  -1.6396228  101.1474691    2.69740      786.7      114.5       74.5      3.1      2.5      2.1 2023  9 14 16 28  5.15999985  0.0   1
     3132  -1.6423264  101.1447591    2.62493      485.1     -184.5        2.0      2.7      1.9      1.9 2023  9 14 16 28 10.97999954  0.0   1
     3133  -1.6414107  101.1393229    2.73605     -119.5      -83.2      113.1     12.0      3.3      2.6 2023  9 14 16 28 18.73999977  0.0   1
     3134  -1.6381654  101.1503418    2.09188     1106.8      275.6     -531.1      7.3      4.1      3.8 2023  9 14 16 28 27.96999931  0.0   1
     3135  -1.6426220  101.1463053    2.60960      657.8     -217.1      -13.3      5.1      3.8      3.5 2023  9 14 16 28 40.47999954  0.0   1
     3136  -1.6445998  101.1354248    2.41859     -553.2     -435.8     -204.4      9.0      5.2      4.0 2023  9 14 16 28 47.25999832  0.0   1
     3137  -1.6424960  101.1414632    2.75351      118.7     -203.2      130.6      6.8      4.3      4.0 2023  9 14 16 28 51.58000183  0.0   1
     3138  -1.6444972  101.1311523    2.32106    -1028.6     -424.5     -301.9     10.5      6.9      7.3 2023  9 14 16 29 41.08000183  0.0   1
     3139  -1.6403920  101.1312744    2.28665    -1015.0       29.4     -336.3     10.9      7.8      7.6 2023  9 14 16 29 46.22999954  0.0   1
     3140  -1.6408948  101.1427816    2.82453      264.9      -26.2      201.6      4.5      2.6      2.0 2023  9 14 16 29 52.25999832  0.0   1
     3141  -1.6420334  101.1440430    2.77251      406.1     -152.1      149.6      3.1      2.2      1.6 2023  9 14 16 32  8.39999962  0.0   1
     3142  -1.6428069  101.1439941    2.62564      400.3     -237.6        2.7      3.8      2.5      2.7 2023  9 14 16 32 17.73999977  0.0   1
     3143  -1.6385242  101.1550944    2.48873     1635.3      236.0     -134.2      6.6      7.3      5.6 2023  9 14 16 32 30.69000053  0.0   1
     3144  -1.6416384  101.1426514    2.79593      250.9     -108.4      173.0      4.4      1.9      2.0 2023  9 14 16 32 37.11000061  0.0   1
     3145  -1.6428799  101.1393717    2.91191     -113.8     -245.7      289.0      9.5      3.0      2.4 2023  9 14 16 32 59.11000061  0.0   1
     3146  -1.6386993  101.1487793    2.92086      932.4      216.6      297.9      5.2      4.9      2.3 2023  9 14 16 34 11.01000023  0.0   1
     3147  -1.6358390  101.1617839    2.10507     2379.7      532.9     -517.9      9.5     13.9     10.0 2023  9 14 16 34 40.43000031  0.0   1
     3148  -1.6411691  101.1493490    2.67999      996.1      -56.5       57.0      3.1      2.5      2.4 2023  9 14 16 34 47.56999969  0.0   1
     3149  -1.6397288  101.1517904    2.64509     1268.0      102.8       22.1      5.8      7.8      4.2 2023  9 14 16 34 58.79000092  0.0   1
     3150  -1.6459844  101.1273356    2.05397    -1453.2     -588.9     -569.0     10.4     10.1      9.6 2023  9 14 16 36 23.40999985  0.0   1
     3151  -1.6436344  101.1300863    2.40877    -1147.1     -329.1     -214.2     10.6      7.4      7.7 2023  9 14 16 38 46.27000046  0.0   1
     3152  -1.6379991  101.1503011    2.90784     1102.0      294.0      284.9      8.0      5.7      3.7 2023  9 14 16 39 22.14999962  0.0   1
     3153  -1.6404036  101.1450358    2.72966      516.1       28.1      106.7      4.3      3.3      2.5 2023  9 14 16 40 10.57999992  0.0   1
     3154  -1.6400710  101.1343913    2.73917     -668.7       64.9      116.2      7.4      5.9      3.4 2023  9 14 16 40 29.72999954  0.0   1
     3155  -1.6422222  101.1434082    2.78630      335.1     -172.9      163.4      5.5      3.6      3.0 2023  9 14 16 42 57.52000046  0.0   1
     3156  -1.6421118  101.1441569    2.66804      418.2     -160.7       45.1      4.4      3.0      2.5 2023  9 14 16 43 40.40999985  0.0   1
     3157  -1.6416242  101.1408529    2.81542       50.5     -106.8      192.5      6.1      3.0      2.3 2023  9 14 16 48 22.35000038  0.0   1
     3158  -1.6404163  101.1358317    2.85349     -508.3       26.7      230.5      7.3      4.0      3.6 2023  9 14 16 48 45.50999832  0.0   1
     3160  -1.6414295  101.1481201    2.73804      859.1      -85.3      115.1      2.8      2.5      1.9 2023  9 14 16 56  2.07999992  0.0   1
     3161  -1.6419800  101.1435628    2.80547      352.4     -146.2      182.5      4.7      3.2      2.5 2023  9 14 17  0 13.88000011  0.0   1
     3162  -1.6398018  101.1526693    2.18484     1365.7       94.7     -438.1     17.4     14.4     15.8 2023  9 14 17 16  3.20000005  0.0   1
     3163  -1.6414739  101.1434163    2.78383      336.0      -90.2      160.9      4.5      2.5      2.0 2023  9 14 17 16 12.60000038  0.0   1
     3164  -1.6430687  101.1371175    2.73193     -364.6     -266.5      109.0     16.2      4.3      3.7 2023  9 14 17 16 20.60000038  0.0   1
     3165  -1.6410583  101.1403727    2.87635       -2.7      -44.2      253.4     10.4      4.2      3.9 2023  9 14 17 22 43.41999817  0.0   1
     3166  -1.6411554  101.1406087    2.87839       23.4      -55.0      255.4      6.3      3.8      3.3 2023  9 14 17 23  1.67999995  0.0   1
     3167  -1.6430511  101.1426432    2.74243      249.9     -264.6      119.5      5.5      3.4      2.9 2023  9 14 17 23  3.44000006  0.0   1
     3168  -1.6403446  101.1397705    2.89441      -69.7       34.7      271.5      8.5      2.7      2.6 2023  9 14 17 23 38.47999954  0.0   1
     3169  -1.6422387  101.1371501    2.70069     -361.6     -174.8       77.7      9.7      5.5      4.7 2023  9 14 17 24 47.47999954  0.0   1
     3170  -1.6427979  101.1357259    2.44669     -519.3     -236.6     -176.3      7.1      3.9      3.6 2023  9 14 18  6 58.63999939  0.0   1
     3172  -1.6408120  101.1428060    2.71910      267.7      -17.0       96.2      7.8      4.4      3.7 2023  9 15 17 48 41.77999878  0.0   1
     3173  -1.6374076  101.1459880    2.96485      621.9      359.4      341.9      4.7      5.5      3.6 2023  9 15 17 50 48.40000153  0.0   1
     3174  -1.6386665  101.1503906    2.68669     1112.5      220.2       63.7      5.3      5.1      3.7 2023  9 15 17 51  9.39999962  0.0   1
     3175  -1.6407393  101.1439860    2.74774      399.4       -9.0      124.8      5.3      3.9      3.1 2023  9 18  5 36 41.97999954  0.0   1
     3176  -1.6402952  101.1429687    2.74429      286.5       40.1      121.4      6.8      3.5      3.3 2023  9 18 16 33 14.22000027  0.0   1
     3177  -1.6383984  101.1491292    2.88045      971.9      249.9      257.5      5.8      4.8      3.9 2023  9 19 22 37 53.88000107  0.0   1
     3178  -1.6396935  101.1424805    2.85597      231.9      106.7      233.0      4.9      3.2      3.1 2023  9 20 20 41 28.63999939  0.0   1
     3179  -1.6393845  101.1428955    2.82702      278.1      140.8      204.1      9.3      4.5      4.6 2023  9 21  3 26 18.59000015  0.0   1
     3180  -1.6383779  101.1425293    2.85241      237.3      252.1      229.5     11.9      5.3      6.1 2023  9 21  3 26 48.38999939  0.0   1
     3181  -1.6386703  101.1437012    2.89340      367.7      219.8      270.5      4.8      4.8      4.0 2023  9 21  3 26 59.63000107  0.0   1
     3182  -1.6442460  101.1337891    2.18180     -735.6     -396.7     -441.1     15.4     10.8     11.1 2023  9 21  3 27 59.75000000  0.0   1
     3183  -1.6415684  101.1442708    2.52307      430.8     -100.6      -99.9      4.3      3.2      3.3 2023  9 21  3 28  2.72000003  0.0   1
     3184  -1.6407125  101.1454102    2.73748      558.0       -6.0      114.5      3.4      2.9      2.5 2023  9 21  3 28 44.74000168  0.0   1
     3185  -1.6453266  101.1223145    0.04072    -2012.1     -516.2    -2582.2     20.9     20.8     58.7 2023  9 21  3 37 14.60999966  0.0   1
     3186  -1.6409152  101.1425537    3.01191      239.8      -28.4      389.0      6.1      3.4      4.5 2023  9 21  3 43  8.53999996  0.0   1
     3187  -1.6405558  101.1433350    2.80182      327.3       11.3      178.9      6.4      5.5      4.2 2023  9 21  3 43 36.95999908  0.0   1
     3188  -1.6419963  101.1412760    3.06622       98.1     -148.0      443.3     12.1      7.0      4.5 2023  9 21  3 44 35.31000137  0.0   1
     3189  -1.6391275  101.1391602    2.87504     -137.7      169.3      252.1      8.2      5.8      4.1 2023  9 21  3 45  0.40000001  0.0   1
     3190  -1.6410428  101.1424967    2.66255      233.8      -42.5       39.6      4.7      4.7      3.4 2023  9 21  3 46 23.75000000  0.0   1
     3191  -1.6411774  101.1455729    2.67091      575.9      -57.4       48.0      5.4      2.5      3.9 2023  9 21  3 47 35.90000153  0.0   1
     3192  -1.6389857  101.1484456    2.72474      895.8      184.9      101.8      4.9      5.8      4.7 2023  9 21  3 47 45.47000122  0.0   1
     3193  -1.6405706  101.1443441    2.70673      438.9        9.7       83.8      5.2      3.7      2.9 2023  9 21  3 50 10.31999969  0.0   1
     3194  -1.6379295  101.1437581    2.96060      374.3      301.7      337.7      5.0      4.7      2.7 2023  9 21  3 51 53.75000000  0.0   1
     3195  -1.6422171  101.1409342    2.77813       59.9     -172.4      155.2      7.3      4.5      4.7 2023  9 21  3 54 41.15999985  0.0   1
     3196  -1.6376517  101.1502523    2.71483     1096.7      332.4       91.9      4.9      4.9      3.6 2023  9 21  3 54 56.18999863  0.0   1
     3197  -1.6391496  101.1443034    2.90531      434.6      166.8      282.4      5.5      4.1      3.5 2023  9 21  3 55  2.20000005  0.0   1
     3198  -1.6366683  101.1501790    2.74560     1088.8      441.2      122.7      5.4      5.0      3.5 2023  9 21  3 57 10.92000008  0.0   1
     3200  -1.6408263  101.1675130    1.76745     3017.4      -18.6     -855.5     12.6     13.2     20.8 2023  9 21 18  0 24.65999985  0.0   1
     3202  -1.6442148  101.1398600    2.75707      -59.4     -393.3      134.1      8.4      3.2      3.1 2023  9 21 18  2 53.29999924  0.0   1
     3203  -1.6407672  101.1450602    2.60570      518.7      -12.0      -17.2      3.5      1.8      1.9 2023  9 21 18  3  1.86000001  0.0   1
     3204  -1.6420687  101.1465902    2.63247      689.2     -156.0        9.5      2.9      2.2      2.0 2023  9 21 18  3  6.84000015  0.0   1
     3206  -1.6402309  101.1478271    2.84597      826.9       47.2      223.0      6.3      6.1      3.1 2023  9 21 18  3 58.45999908  0.0   1
     3207  -1.6384815  101.1581217    2.08236     1972.0      240.7     -540.6      8.2      8.9      7.5 2023  9 21 18  4  4.84000015  0.0   1
     3208  -1.6410385  101.1439535    2.65971      396.0      -42.1       36.8      4.0      2.4      2.3 2023  9 21 18  4  8.68000031  0.0   1
     3209  -1.6404605  101.1500651    2.67780     1075.4       21.9       54.9      5.1      4.6      3.4 2023  9 21 18  5 31.94000053  0.0   1
     3210  -1.6430927  101.1424642    2.63569      229.7     -269.2       12.7      6.1      3.6      2.9 2023  9 21 18  5 48.38000107  0.0   1
     3211  -1.6481260  101.1247152    2.01673    -1744.8     -825.7     -606.2      7.9      6.6      7.9 2023  9 21 18  6 39.50000000  0.0   1
     3212  -1.6423355  101.1430339    2.92601      293.8     -185.5      303.1      4.3      3.0      2.4 2023  9 21 18 40 21.60000038  0.0   1
     3213  -1.6418505  101.1424235    2.76900      225.7     -131.8      146.1      7.8      4.6      3.9 2023  9 28  7  5  1.83000004  0.0   1
     3214  -1.6385433  101.1454020    2.87456      557.3      233.9      251.6      5.5      3.6      2.2 2023  9 28  7 39  3.82999992  0.0   1
     3215  -1.6423704  101.1427002    2.73969      255.9     -189.3      116.7      9.5      3.8      3.2 2023  9 28  7 40  2.51999998  0.0   1
     3216  -1.6406006  101.1471842    2.59108      755.1        6.4      -31.9      4.5      3.9      2.5 2023  9 28  7 55 56.93999863  0.0   1
     3217  -1.6418454  101.1425212    2.73824      236.6     -131.3      115.3      3.4      1.8      1.5 2023  9 28  7 56  5.48999977  0.0   1
     3218  -1.6418872  101.1441569    2.72436      418.1     -135.9      101.4      3.4      2.3      1.8 2023  9 28  7 56 11.47999954  0.0   1
     3219  -1.6392133  101.1422363    3.05596      204.9      159.8      433.0      4.8      3.8      3.2 2023  9 28  7 57 46.27000046  0.0   1
     3220  -1.6419149  101.1438395    2.62822      383.5     -139.0        5.3      4.6      2.6      2.7 2023  9 28  7 59 35.90000153  0.0   1
     3221  -1.6422120  101.1391439    2.54963     -139.2     -171.8      -72.3      6.7      2.9      2.9 2023  9 28  8  1 35.72000122  0.0   1
     3222  -1.6401861  101.1472819    2.60766      765.8       52.2      -15.3      2.9      4.1      3.1 2023  9 28  8  2  3.35999990  0.0   1
     3223  -1.6413443  101.1433187    2.76883      325.1      -75.9      145.9      3.5      2.4      2.3 2023  9 28  8  2 40.31000137  0.0   1
     3224  -1.6409528  101.1464518    2.59041      673.7      -32.6      -32.5      3.7      2.3      1.7 2023  9 28  8  7 49.70999908  0.0   1
     3225  -1.6412429  101.1441243    2.75549      414.5      -64.6      132.5      3.5      2.0      2.1 2023  9 28  8 13  6.84000015  0.0   1
     3226  -1.6397649  101.1463867    2.72470      666.3       98.8      101.8      2.5      2.2      1.8 2023  9 28  8 15 50.84999847  0.0   1
     3227  -1.6399464  101.1459229    2.61841      614.9       78.7       -4.5      4.2      2.8      2.5 2023  9 28  8 15 58.18999863  0.0   1
     3228  -1.6437562  101.1449137    2.72392      502.2     -342.6      101.0      6.6      4.6      2.7 2023  9 28  8 17  0.49000001  0.0   1
     3229  -1.6410553  101.1438232    2.69634      381.4      -43.9       73.4      5.3      3.0      2.4 2023  9 28  8 17 24.29000092  0.0   1
     3230  -1.6399752  101.1446533    2.82467      473.7       75.5      201.7      5.2      3.3      2.7 2023  9 28  8 19 49.29999924  0.0   1
     3231  -1.6420081  101.1406413    2.74306       27.0     -149.3      120.1      6.4      3.0      2.2 2023  9 28  8 20 55.52000046  0.0   1
     3232  -1.6410135  101.1441081    2.78356      412.7      -39.3      160.6      2.7      2.1      1.8 2023  9 28  8 26 42.88000107  0.0   1
     3233  -1.6422366  101.1451253    2.72382      526.1     -174.5      100.9      3.4      2.3      2.3 2023  9 28  8 26 46.84000015  0.0   1
     3234  -1.6417522  101.1436849    2.82029      365.6     -121.0      197.3      4.5      3.0      2.7 2023  9 28  8 27  2.09999990  0.0   1
     3235  -1.6418069  101.1432699    2.62505      319.9     -127.0        2.1      3.9      2.7      2.4 2023  9 28  8 29 31.02000046  0.0   1
     3236  -1.6409963  101.1417318    2.77263      148.9      -37.4      149.7      8.6      1.9      2.4 2023  9 28  8 33 52.38000107  0.0   1
     3237  -1.6413570  101.1426432    2.75168      250.2      -77.3      128.7      3.5      2.6      2.5 2023  9 28  8 34 52.70000076  0.0   1
     3238  -1.6415052  101.1432699    2.80311      319.7      -93.7      180.2      5.4      2.0      1.8 2023  9 28  8 35 23.65999985  0.0   1
     3239  -1.6401408  101.1454671    2.65168      563.8       57.2       28.7      4.2      3.0      3.0 2023  9 28  8 35 37.04000092  0.0   1
     3240  -1.6418601  101.1426351    2.78944      249.3     -132.9      166.5      8.2      6.0      3.3 2023  9 28  8 36  6.26000023  0.0   1
     3241  -1.6413294  101.1429769    2.70080      287.3      -74.2       77.9      2.9      2.1      1.6 2023  9 28  8 36  9.26000023  0.0   1
     3242  -1.6431014  101.1462240    2.71221      648.4     -270.2       89.3      4.1      2.5      2.9 2023  9 28  8 36 18.69000053  0.0   1
     3243  -1.6419949  101.1395996    2.87550      -88.7     -147.8      252.6      7.4      3.6      2.6 2023  9 28  8 36 33.70999908  0.0   1
     3244  -1.6421027  101.1430908    2.70950      299.4     -159.7       86.6      3.1      2.7      2.3 2023  9 28  8 36 39.86999893  0.0   1
     3245  -1.6434467  101.1439453    2.52019      395.0     -308.3     -102.8      5.0      3.2      2.8 2023  9 28  8 37 37.74000168  0.0   1
     3246  -1.6415188  101.1428548    2.81760      273.3      -95.2      194.7      5.1      2.7      2.4 2023  9 28  8 37 40.75999832  0.0   1
     3247  -1.6412315  101.1431234    2.86207      303.5      -63.4      239.1      5.7      2.4      2.4 2023  9 28  8 38  9.71000004  0.0   1
     3248  -1.6415774  101.1437337    2.72402      371.7     -101.6      101.1      4.4      2.7      2.4 2023  9 28  8 39  3.31999993  0.0   1
     3249  -1.6424422  101.1434733    2.77842      342.4     -197.3      155.5      4.1      1.9      1.9 2023  9 28  8 39 16.25000000  0.0   1
     3250  -1.6432064  101.1383138    2.73219     -231.9     -281.8      109.2      9.2      4.4      3.5 2023  9 28  8 39 29.69000053  0.0   1
     3251  -1.6416683  101.1426676    2.86537      252.3     -111.7      242.4      3.5      2.2      1.9 2023  9 28  8 40 15.93999958  0.0   1
     3252  -1.6413438  101.1443359    2.74779      438.2      -75.8      124.8      4.0      1.7      1.9 2023  9 28  8 40 38.47999954  0.0   1
     3253  -1.6426404  101.1430827    2.72003      298.7     -219.2       97.1      3.7      2.6      2.3 2023  9 28  8 40 41.38000107  0.0   1
     3254  -1.6425254  101.1447184    2.81140      480.5     -206.5      188.5      4.0      2.5      2.2 2023  9 28  8 41  2.16000009  0.0   1
     3255  -1.6422320  101.1468913    2.61322      722.9     -174.0       -9.7      3.7      3.2      2.8 2023  9 28  8 41 20.87999916  0.0   1
     3256  -1.6416673  101.1426676    2.80143      252.3     -111.6      178.5      3.6      3.1      2.3 2023  9 28  8 41 55.04999924  0.0   1
     3257  -1.6411859  101.1477539    2.80999      818.5      -58.3      187.0      4.9      4.2      3.8 2023  9 28  8 42 14.56999969  0.0   1
     3258  -1.6398383  101.1421956    2.80923      200.2       90.7      186.3      7.4      4.1      3.7 2023  9 28  8 42 19.54999924  0.0   1
     3259  -1.6435239  101.1458903    2.61377      611.2     -316.9       -9.2      3.9      3.8      3.4 2023  9 28  8 43 54.72999954  0.0   1
     3260  -1.6425644  101.1435140    2.65503      346.5     -210.8       32.1      4.9      3.6      3.0 2023  9 28  8 44 16.90999985  0.0   1
     3261  -1.6414084  101.1421875    2.90811      199.6      -82.9      285.2      4.8      3.3      2.3 2023  9 28  8 44 28.37999916  0.0   1
     3262  -1.6416531  101.1430339    2.85162      293.6     -110.0      228.7      4.3      1.6      1.6 2023  9 28  8 47 19.86000061  0.0   1
     3263  -1.6414553  101.1434408    2.71382      339.0      -88.1       90.9      5.6      3.2      2.8 2023  9 28  8 47 33.06999969  0.0   1
     3264  -1.6452938  101.1420817    2.58172      187.8     -512.6      -41.2     14.3      3.2      3.8 2023  9 28  8 51 42.25999832  0.0   1
     3265  -1.6418065  101.1398112    2.85820      -65.4     -127.0      235.3      5.9      3.2      2.5 2023  9 28  8 59 46.52999878  0.0   1
     3266  -1.6419140  101.1425456    2.70370      239.0     -138.9       80.8      4.5      1.9      1.6 2023  9 28  9  4 21.27000046  0.0   1
     3267  -1.6416456  101.1407715    2.79524       42.1     -109.2      172.3      6.0      2.5      2.0 2023  9 28  9  5 15.84000015  0.0   1
     3268  -1.6419446  101.1431641    2.78055      308.1     -142.2      157.6      3.4      2.0      1.9 2023  9 28  9 10 20.37000084  0.0   1
     3269  -1.6454954  101.1378011    2.59526     -288.8     -534.9      -27.7     15.1      7.4      5.1 2023  9 28  9 17 17.36000061  0.0   1
     3270  -1.6407650  101.1433675    2.78687      331.0      -11.8      163.9      6.1      3.2      3.3 2023 10  5  7 35 44.90999985  0.0   1
     3271  -1.6107063  101.1296549    2.40603    -1195.7     3311.9     -216.9      4.4      4.4      3.4 2023 10  8  0 46  1.73000002  0.0   1
     3272  -1.6126020  101.1274170    2.30857    -1444.0     3102.3     -314.4      4.2      4.3      3.4 2023 10  8  0 46 50.84000015  0.0   1
     3273  -1.6386644  101.1432861    2.92758      321.6      220.5      304.6      7.1      5.1      3.2 2023 10  9 12  0 57.20999908  0.0   1
     3274  -1.6381555  101.1532471    2.59753     1429.9      276.7      -25.4      6.2      5.7      4.4 2023 10  9 13 10 28.75000000  0.0   1
     3275  -1.6430284  101.1480469    2.32552      850.8     -262.1     -297.4      3.8      2.7      3.1 2023 10 10  8 52 47.47999954  0.0   1
     3276  -1.6414328  101.1470785    2.84644      743.5      -85.7      223.5      4.0      3.3      2.5 2023 10 12  2  8 51.72999954  0.0   1
     3277  -1.6425508  101.1414876    2.52739      121.4     -209.3      -95.6      6.2      2.6      3.4 2023 10 12  2 25 53.88999939  0.0   1
     3278  -1.6461436  101.1440267    2.47853      403.8     -606.5     -144.4     10.6      5.4      5.8 2023 10 12  2 26 44.36999893  0.0   1
     3279  -1.6435488  101.1395996    2.76571      -88.5     -319.6      142.8      7.3      4.0      3.8 2023 10 12  7 33 35.72000122  0.0   1
     3280  -1.6395233  101.1414714    2.86300      119.6      125.5      240.1      7.6      3.8      2.7 2023 10 12  7 35 26.72999954  0.0   1
     3281  -1.6387159  101.1446452    2.92366      473.1      214.8      300.7      6.0      4.1      2.3 2023 10 12  7 44 21.15999985  0.0   1
     3282  -1.6421529  101.1414714    2.72356      119.7     -165.3      100.6      7.8      6.1      4.8 2023 10 14  8 24 30.54000092  0.0   1
     3283  -1.6437447  101.1438883    2.66357      388.9     -341.3       40.6      8.1      4.2      3.3 2023 10 14 10 32 46.22999954  0.0   1
     3284  -1.6416152  101.1426839    2.79705      254.8     -105.8      174.1      7.6      4.6      3.1 2023 10 14 16 31 41.02000046  0.0   1
     3285  -1.6424100  101.1400879    2.72380      -34.6     -193.7      100.9      9.0      3.0      3.1 2023 10 17  8 13 56.77000046  0.0   1
     3286  -1.6446219  101.1355876    2.81771     -534.7     -438.3      194.8     11.3      5.7      4.0 2023 10 17  9  1 32.40999985  0.0   1
     3288  -1.6432084  101.1505046    3.01099     1124.3     -282.0      388.0     11.3     12.2      9.8 2023 10 18 14 21 34.95000076  0.0   1
