     2719  -1.6419846  101.1460938    2.81235      633.7     -146.7      189.4      1.4      0.9      0.6 2023  1  3  3 43 21.02000046  0.0   1
     2720  -1.6380052  101.1480632    3.00725      853.3      293.4      384.3      1.8      1.7      1.3 2023  1  3  3 52  5.73000002  0.0   1
     2721  -1.6358456  101.1508057    2.69127     1158.5      532.1       68.3      2.8      1.9      1.9 2023  1  3  3 52 21.03000069  0.0   1
     2722  -1.6425031  101.1380046    2.75326     -266.0     -204.0      130.3      2.3      1.4      0.8 2023  1  3  3 52 34.75000000  0.0   1
     2723  -1.6400622  101.1446615    2.81997      474.4       65.9      197.0      1.2      0.8      0.7 2023  1  3  4  2 20.45000076  0.0   1
     2724  -1.6399418  101.1456543    2.90230      585.0       79.2      279.4      1.2      1.1      0.8 2023  1  4 20 11 39.40000153  0.0   1
     2725  -1.6406534  101.1431478    2.89789      306.0        0.5      274.9      1.9      1.3      0.9 2023  1  4 20 16 15.53999996  0.0   1
     2726  -1.6454288  101.1408122    2.59644       46.2     -527.5      -26.5      3.3      1.5      1.3 2023  1  4 20 17  9.68000031  0.0   1
     2727  -1.6490725  101.1279541    1.82343    -1384.5     -930.4     -799.5     24.6     21.0     25.1 2023  1  4 20 18 22.71999931  0.0   1
     2729  -1.6459518  101.1397461    2.77896      -72.7     -585.3      156.0      4.7      1.0      1.1 2023  1 11 13 28 50.43999863  0.0   1
     2734  -1.6411219  101.1463786    3.01117      665.9      -51.3      388.2      2.3      1.5      1.1 2023  1 20 18 30  0.36000001  0.0   1
     2735  -1.6442156  101.1388509    2.98836     -171.9     -393.4      365.4      2.1      1.1      0.7 2023  1 20 19 10 25.45999908  0.0   1
     2736  -1.6417257  101.1445882    2.62139      466.5     -118.0       -1.6      1.1      0.7      0.7 2023  1 20 19 10 36.45999908  0.0   1
     2737  -1.6419954  101.1429769    2.60157      286.9     -147.9      -21.4      1.6      0.7      0.6 2023  1 20 19 11 19.44000053  0.0   1
     2738  -1.6407955  101.1410075    3.02977       67.5      -15.2      406.8      1.8      1.1      0.7 2023  1 20 19 11 38.47999954  0.0   1
     2739  -1.6392924  101.1428792    2.87488      276.0      151.0      251.9      1.7      1.1      1.0 2023  1 20 19 11 46.86000061  0.0   1
     2740  -1.6407738  101.1423665    2.67998      219.4      -12.8       57.0      1.9      1.2      0.9 2023  1 20 19 12  2.07999992  0.0   1
     2741  -1.6415974  101.1438883    2.87375      388.7     -103.8      250.8      1.7      0.7      0.5 2023  1 20 19 12 14.30000019  0.0   1
     2742  -1.6452277  101.1378988    2.67930     -278.1     -505.3       56.4      4.1      2.5      2.3 2023  1 20 19 12 27.89999962  0.0   1
     2743  -1.6409668  101.1435221    2.75763      347.9      -34.1      134.7      1.4      0.9      0.7 2023  1 20 19 12 41.43999863  0.0   1
     2744  -1.6392255  101.1417318    3.13485      148.1      158.4      511.9      4.3      1.6      1.2 2023  1 20 19 12 45.20000076  0.0   1
     2745  -1.6418804  101.1423828    2.96706      220.9     -135.1      344.1      1.9      0.7      0.6 2023  1 20 19 12 58.77999878  0.0   1
     2746  -1.6426384  101.1434652    2.90725      341.4     -219.0      284.3      1.6      1.0      0.7 2023  1 20 19 13  8.81999969  0.0   1
     2747  -1.6453922  101.1431803    2.56227      309.3     -523.5      -60.7      3.0      1.1      0.8 2023  1 20 19 13 21.52000046  0.0   1
     2748  -1.6389659  101.1408040    3.10878       45.5      187.1      485.8      4.3      2.1      1.0 2023  1 20 19 13 50.47999954  0.0   1
     2749  -1.6412225  101.1305583    2.46722    -1095.0      -62.4     -155.7      2.5      1.8      1.9 2023  1 20 19 13 59.40000153  0.0   1
     2750  -1.6399564  101.1356120    2.82884     -532.3       77.6      205.9      1.9      1.9      0.9 2023  1 20 19 14 14.26000023  0.0   1
     2751  -1.6417980  101.1446289    2.92245      471.0     -126.0      299.5      1.8      1.0      0.6 2023  1 20 19 14 47.25999832  0.0   1
     2752  -1.6422057  101.1468180    2.74534      714.9     -171.1      122.4      1.9      1.3      1.1 2023  1 20 19 14 50.77999878  0.0   1
     2753  -1.6427088  101.1388672    2.89261     -170.0     -226.7      269.7      4.3      1.4      1.0 2023  1 20 19 15  4.05999994  0.0   1
     2754  -1.6415937  101.1440837    2.72372      410.5     -103.4      100.8      1.0      0.7      0.5 2023  1 20 19 15 37.75999832  0.0   1
     2755  -1.6411682  101.1432210    2.75026      313.9      -56.4      127.3      0.9      0.8      0.7 2023  1 20 19 15 47.91999817  0.0   1
     2756  -1.6409827  101.1427002    2.78615      256.6      -35.9      163.2      1.1      0.7      0.6 2023  1 20 19 16  4.34000015  0.0   1
     2757  -1.6428195  101.1380615    2.77991     -260.3     -239.0      157.0      2.1      1.1      0.9 2023  1 20 19 16 23.39999962  0.0   1
     2758  -1.6379204  101.1461263    2.89105      637.3      302.7      268.1      1.9      1.9      1.4 2023  1 20 19 16 33.02000046  0.0   1
     2759  -1.6409719  101.1449463    2.78047      506.5      -34.7      157.5      1.2      0.8      0.4 2023  1 20 19 16 54.11999893  0.0   1
     2760  -1.6414792  101.1487549    2.73234      929.6      -90.8      109.4      1.9      1.0      1.1 2023  1 20 19 17 18.65999985  0.0   1
     2761  -1.6413438  101.1423421    2.78968      216.0      -75.8      166.7      1.4      0.8      0.6 2023  1 20 19 17 23.44000053  0.0   1
     2762  -1.6418397  101.1428548    2.74204      273.3     -130.7      119.1      1.1      0.5      0.6 2023  1 20 19 17 53.41999817  0.0   1
     2763  -1.6450391  101.1215495    1.86641    -2097.1     -484.4     -756.5      2.2      2.6      2.6 2023  1 20 19 17 59.56000137  0.0   1
     2764  -1.6373032  101.1491699    2.96373      976.5      371.0      340.8      1.9      2.0      0.9 2023  1 20 19 18 19.47999954  0.0   1
     2765  -1.6434444  101.1459880    2.92456      622.1     -308.1      301.6      1.7      1.2      1.2 2023  1 20 19 18 31.20000076  0.0   1
     2766  -1.6442359  101.1383626    2.69876     -226.5     -395.6       75.8      2.2      1.2      1.0 2023  1 20 19 18 39.00000000  0.0   1
     2767  -1.6414000  101.1406657    2.89657       29.6      -82.0      273.6      3.4      1.3      0.9 2023  1 20 19 20 12.10000038  0.0   1
     2768  -1.6423584  101.1369303    2.72765     -385.6     -188.0      104.7      1.9      1.0      0.7 2023  1 20 19 20 39.81999969  0.0   1
     2769  -1.6426445  101.1438883    2.87748      388.3     -219.6      254.5      2.4      0.9      1.0 2023  1 20 19 21  7.40000010  0.0   1
     2770  -1.6422886  101.1395996    2.90746      -89.2     -180.3      284.5      2.3      1.0      0.8 2023  1 20 19 21 18.81999969  0.0   1
     2771  -1.6411794  101.1519368    2.53610     1284.5      -57.6      -86.8      2.4      2.4      1.7 2023  1 20 19 21 59.91999817  0.0   1
     2772  -1.6426469  101.1446370    3.00897      471.6     -219.9      386.0      1.1      0.8      0.7 2023  1 20 19 22 12.19999981  0.0   1
     2773  -1.6389745  101.1540609    2.36653     1520.3      186.2     -256.4      3.0      2.7      2.7 2023  1 20 19 22 39.93999863  0.0   1
     2774  -1.6433135  101.1398356    3.06218      -62.4     -293.6      439.2      2.2      0.9      0.8 2023  1 20 19 22 45.40000153  0.0   1
     2775  -1.6449477  101.1356445    2.80477     -528.9     -474.3      181.8      1.9      1.1      0.8 2023  1 20 19 23  1.05999994  0.0   1
     2776  -1.6461404  101.1424235    2.40512      225.8     -606.2     -217.8      3.8      1.9      2.4 2023  1 20 19 23  6.86000013  0.0   1
     2777  -1.6414182  101.1391032    2.77312     -143.6      -84.0      150.2      1.9      0.9      0.7 2023  1 20 19 24 26.95999908  0.0   1
     2778  -1.6458439  101.1256510    2.54825    -1641.1     -573.4      -74.7      4.1      2.8      3.8 2023  1 20 19 24 30.94000053  0.0   1
     2779  -1.6458510  101.1357747    2.60790     -514.0     -574.2      -15.0      4.8      1.5      1.2 2023  1 20 19 24 45.20000076  0.0   1
     2780  -1.6482904  101.1355062    2.38454     -544.2     -843.9     -238.4      5.3      2.0      2.1 2023  1 20 19 24 52.18000031  0.0   1
     2782  -1.6397792  101.1519531    2.62971     1285.7       97.2        6.8      2.4      2.3      1.6 2023  1 20 19 25 16.07999992  0.0   1
     2783  -1.6499432  101.1315674    1.62154     -982.3    -1026.7    -1001.4      7.0      2.7      4.2 2023  1 20 19 26 19.50000000  0.0   1
     2784  -1.6368791  101.1563639    2.75898     1776.6      417.9      136.0      2.9      4.7      3.1 2023  1 20 19 26 40.24000168  0.0   1
     2785  -1.6458310  101.1464111    2.89016      669.3     -572.0      267.2      2.5      1.7      1.7 2023  1 20 19 26 53.72000122  0.0   1
     2786  -1.6414909  101.1441813    2.64422      421.4      -92.1       21.3      0.9      0.8      0.7 2023  1 20 19 28  3.14000010  0.0   1
     2787  -1.6432638  101.1395101    2.67847      -98.4     -288.1       55.5      2.4      0.7      0.7 2023  1 20 19 28 27.34000015  0.0   1
     2788  -1.6413461  101.1437419    2.83921      371.8      -76.1      216.3      1.2      0.8      0.5 2023  1 20 19 28 29.31999969  0.0   1
     2789  -1.6410080  101.1438395    2.66333      383.5      -38.7       40.4      1.4      0.8      0.6 2023  1 20 19 28 39.91999817  0.0   1
     2790  -1.6457471  101.1425700    2.77121      241.7     -562.7      148.3      2.5      1.1      1.1 2023  1 20 19 29 12.73999977  0.0   1
     2791  -1.6432793  101.1419108    2.85642      168.4     -289.8      233.5      1.5      1.2      1.0 2023  1 20 19 29 38.18000031  0.0   1
     2792  -1.6418404  101.1444092    2.79265      446.0     -130.7      169.7      1.5      1.0      0.8 2023  1 20 19 30 28.65999985  0.0   1
     2793  -1.6416787  101.1419189    2.75148      169.0     -112.8      128.5      1.3      1.0      0.7 2023  1 20 19 30 43.77999878  0.0   1
     2794  -1.6451789  101.1329753    2.53614     -825.6     -499.9      -86.8      3.6      1.6      1.8 2023  1 20 19 30 58.61999893  0.0   1
     2795  -1.6344477  101.1569336    2.12779     1839.8      686.7     -495.2      3.5      4.7      3.5 2023  1 20 19 31  4.38000011  0.0   1
     2796  -1.6423894  101.1478190    2.55389      825.9     -191.4      -69.0      3.4      2.6      2.2 2023  1 20 19 31  9.84000015  0.0   1
     2797  -1.6420194  101.1430827    2.89793      299.1     -150.5      275.0      1.1      0.9      0.7 2023  1 20 19 31 49.70000076  0.0   1
     2798  -1.6420320  101.1487549    2.78413      929.9     -151.9      161.2      2.5      1.6      1.4 2023  1 20 19 32  3.83999991  0.0   1
     2799  -1.6421248  101.1440918    2.77578      411.3     -162.2      152.8      1.9      0.9      1.0 2023  1 20 19 32  9.02000046  0.0   1
     2800  -1.6414496  101.1415039    2.91202      122.9      -87.5      289.1      0.8      0.5      0.4 2023  1 20 19 32 20.89999962  0.0   1
     2801  -1.6425139  101.1402751    2.76132      -13.9     -205.2      138.4      2.3      0.8      0.7 2023  1 20 19 32 52.88000107  0.0   1
     2802  -1.6417257  101.1435140    2.73806      346.5     -118.0      115.1      1.0      0.9      0.7 2023  1 20 19 32 59.25999832  0.0   1
     2803  -1.6426610  101.1414714    2.93759      119.7     -221.5      314.6      2.1      0.6      0.7 2023  1 20 19 33  9.80000019  0.0   1
     2804  -1.6429511  101.1376139    2.73524     -309.5     -253.5      112.3      2.7      1.3      0.7 2023  1 20 19 33 34.56000137  0.0   1
     2805  -1.6419106  101.1500407    2.84205     1072.7     -138.5      219.1      2.4      1.9      1.5 2023  1 20 19 33 48.00000000  0.0   1
     2806  -1.6432390  101.1383870    2.87730     -223.4     -285.4      254.4      2.3      1.2      0.7 2023  1 20 19 33 53.97999954  0.0   1
     2807  -1.6405305  101.1475749    2.70220      798.9       14.1       79.3      1.1      0.9      0.6 2023  1 20 19 34 15.69999981  0.0   1
     2808  -1.6461747  101.1262614    1.25206    -1572.7     -610.0    -1370.9      7.5      5.8      9.3 2023  1 20 19 34 33.22000122  0.0   1
     2809  -1.6444716  101.1349365    2.63124     -607.7     -421.7        8.3      4.1      2.4      2.2 2023  1 20 19 34 48.20000076  0.0   1
     2810  -1.6414955  101.1430094    2.62646      290.6      -92.6        3.5      1.4      1.0      0.8 2023  1 20 19 34 58.11999893  0.0   1
     2811  -1.6424819  101.1471680    2.97724      753.6     -201.7      354.3      1.9      1.3      0.9 2023  1 20 19 35 21.10000038  0.0   1
     2812  -1.6414182  101.1418294    2.92382      159.6      -84.0      300.9      1.5      0.8      0.4 2023  1 20 19 35 48.25999832  0.0   1
     2813  -1.6416228  101.1450033    2.76419      512.3     -106.7      141.2      1.0      0.7      0.4 2023  1 20 19 36 32.65999985  0.0   1
     2814  -1.6436264  101.1447184    2.87523      480.9     -328.2      252.3      1.3      0.8      0.6 2023  1 20 19 36 50.90000153  0.0   1
     2815  -1.6417358  101.1423014    2.78450      211.9     -119.2      161.6      1.3      1.0      0.7 2023  1 20 19 43 50.43999863  0.0   1
     2816  -1.6422747  101.1427409    2.90524      261.1     -178.7      282.3      1.7      1.1      0.8 2023  1 20 19 43 54.97999954  0.0   1
     2817  -1.6408810  101.1441325    2.73529      415.8      -24.6      112.3      1.0      0.7      0.6 2023  1 20 19 49 56.54000092  0.0   1
     2818  -1.6422602  101.1446208    2.88837      470.3     -177.1      265.4      2.4      1.5      0.8 2023  1 20 19 53 30.76000023  0.0   1
     2819  -1.6413691  101.1436035    2.80717      356.8      -78.6      184.2      1.2      0.7      0.3 2023  1 20 19 57 15.27999973  0.0   1
     2820  -1.6419568  101.1434570    2.61414      340.2     -143.6       -8.8      1.4      0.8      0.5 2023  1 20 19 57 23.65999985  0.0   1
     2821  -1.6404334  101.1434896    2.76473      344.4       24.9      141.8      1.4      0.9      0.6 2023  1 20 20 23  4.65999985  0.0   1
     2822  -1.6413442  101.1402913    2.81021      -11.5      -75.9      187.3      4.4      1.5      1.3 2023  1 21  1 56 37.25000000  0.0   1
     2823  -1.6390795  101.1481934    2.84368      867.9      174.6      220.7      1.6      1.4      0.8 2023  1 30 17 30  4.76000023  0.0   1
     2824  -1.6417947  101.1397786    2.80029      -69.0     -125.7      177.3      2.1      0.7      0.6 2023  1 30 17 30 40.74000168  0.0   1
     2825  -1.6452245  101.1282389    1.95063    -1353.1     -504.9     -672.3      2.2      1.6      2.0 2023  2 18 22 35 10.69999981  0.0   1
     2826  -1.6384842  101.1437988    2.83834      378.3      240.4      215.4      1.4      0.9      0.6 2023  2 18 22 38 25.92000008  0.0   1
     2827  -1.6409420  101.1425537    2.68011      240.2      -31.4       57.2      2.7      0.9      1.0 2023  2 18 22 38 33.40000153  0.0   1
     2828  -1.6449451  101.1305420    2.19751    -1097.1     -474.0     -425.4      2.6      1.6      1.8 2023  2 18 22 39  5.48000002  0.0   1
     2829  -1.6470013  101.1362142    2.39693     -465.6     -701.4     -226.0      2.3      1.7      1.2 2023  2 26 15 14 57.77000046  0.0   1
     2830  -1.6465118  101.1325928    2.01733     -868.6     -647.3     -605.6      2.5      1.7      1.9 2023  2 27 22 34 11.93999958  0.0   1
     2831  -1.6424856  101.1525635    2.68869     1353.4     -202.1       65.8      2.2      2.6      1.6 2023  2 27 22 34 17.97999954  0.0   1
     2832  -1.6472310  101.1367839    2.23557     -401.7     -726.8     -387.4      4.0      1.8      2.2 2023  2 27 22 34 39.31999969  0.0   1
     2833  -1.6415156  101.1342936    2.77794     -679.4      -94.8      155.0      1.9      1.2      1.1 2023  2 27 22 34 42.22000122  0.0   1
     2834  -1.6404788  101.1396403    2.76029      -84.4       19.8      137.3      1.2      0.7      0.6 2023  3  8  4 53 44.11000061  0.0   1
     2835  -1.6396837  101.1366536    2.84883     -416.8      107.8      225.9      1.9      1.2      0.7 2023  3 12 23 29 24.12000084  0.0   1
     2836  -1.6408679  101.1368408    2.92029     -396.1      -23.2      297.3      1.6      0.9      0.6 2023  3 19 14 58 26.79999924  0.0   1
     2837  -1.6418030  101.1445638    2.84807      463.6     -126.6      225.1      1.6      0.8      0.7 2023  3 19 14 58 27.35000038  0.0   1
     2838  -1.6385139  101.1434814    2.91959      343.5      237.1      296.6      1.4      0.9      0.6 2023  3 19 14 58 41.38999939  0.0   1
     2839  -1.6432879  101.1426270    2.76149      248.1     -290.8      138.5      2.8      0.9      0.8 2023  3 19 14 59  5.11999989  0.0   1
     2840  -1.6413109  101.1430176    2.87939      291.5      -72.2      256.4      2.0      0.9      0.8 2023  3 19 15  0 56.34000015  0.0   1
     2841  -1.6397303  101.1466064    2.79986      690.9      102.6      176.9      1.5      1.0      0.7 2023  3 19 15  7 48.63000107  0.0   1
     2842  -1.6415062  101.1433594    2.76138      329.6      -93.8      138.4      1.1      0.8      0.6 2023  3 19 15  8  6.13999987  0.0   1
     2843  -1.6408092  101.1453776    2.74885      554.1      -16.7      125.9      1.6      1.0      0.9 2023  3 19 15  8 45.77000046  0.0   1
     2844  -1.6417305  101.1451253    2.66543      526.1     -118.6       42.5      1.2      0.9      0.7 2023  3 19 15 10  1.89999998  0.0   1
     2845  -1.6419737  101.1410807    2.99790       76.5     -145.5      375.0      2.2      1.1      0.7 2023  3 19 15 10 17.05999947  0.0   1
     2846  -1.6415723  101.1342204    2.90856     -687.1     -101.1      285.6      1.3      1.4      0.8 2023  3 19 15 10 42.45999908  0.0   1
     2847  -1.6388945  101.1397135    3.25769      -75.7      195.0      634.7      2.2      1.7      1.2 2023  3 19 15 12  7.92000008  0.0   1
     2848  -1.6376624  101.1451986    3.04298      534.7      331.3      420.0      2.2      1.8      0.9 2023  3 19 15 12 41.66999817  0.0   1
     2849  -1.6399495  101.1455322    2.95032      571.6       78.4      327.4      1.5      1.3      1.0 2023  3 19 15 13  3.02999997  0.0   1
     2850  -1.6463278  101.1348470    2.68778     -618.0     -626.9       64.8      4.5      2.5      2.1 2023  3 19 15 13 29.22999954  0.0   1
     2851  -1.6407419  101.1418783    2.89529      164.8       -9.3      272.4      2.4      1.1      0.7 2023  3 19 15 14 14.53999996  0.0   1
     2852  -1.6444885  101.1293132    2.11320    -1233.4     -423.5     -509.7      2.6      2.1      2.3 2023  3 19 15 14 23.75000000  0.0   1
     2853  -1.6400286  101.1429687    2.73703      286.1       69.6      114.1      1.9      1.1      0.6 2023  3 19 15 17  0.95999998  0.0   1
     2854  -1.6410938  101.1416911    2.74407      143.8      -48.2      121.1      1.6      1.1      0.8 2023  3 19 15 17 15.43000031  0.0   1
     2855  -1.6392306  101.1439453    2.95712      394.5      157.9      334.2      2.3      1.4      1.1 2023  3 19 15 17 23.26000023  0.0   1
     2856  -1.6431029  101.1402507    2.75691      -16.3     -270.3      134.0      3.3      1.0      0.7 2023  3 19 15 17 27.55999947  0.0   1
     2857  -1.6395758  101.1489258    2.89830      948.7      119.7      275.4      1.5      1.5      1.0 2023  3 19 15 17 37.34000015  0.0   1
     2858  -1.6407789  101.1425618    2.86934      240.6      -13.3      246.4      2.2      0.9      0.8 2023  3 30 10 37 55.43000031  0.0   1
     2859  -1.6412842  101.1461100    2.73043      636.1      -69.2      107.5      1.4      1.0      0.4 2023  3 30 10 38 31.47999954  0.0   1
     2860  -1.6441003  101.1362549    2.89038     -461.4     -380.6      267.4      1.9      1.0      0.7 2023  3 30 10 38 50.88000107  0.0   1
     2861  -1.6426950  101.1431478    2.96295      306.4     -225.2      340.0      1.1      0.8      0.5 2023  3 30 10 38 55.63999939  0.0   1
     2862  -1.6415638  101.1428630    2.65093      274.5     -100.1       28.0      1.5      1.3      1.0 2023  3 30 10 39 42.11999893  0.0   1
     2863  -1.6407897  101.1362793    3.23110     -457.8      -14.5      608.2      3.3      2.1      1.1 2023  3 30 10 39 48.84999847  0.0   1
     2864  -1.6417850  101.1427327    2.81055      259.7     -124.6      187.6      1.3      1.0      0.8 2023  3 30 10 40  7.73999977  0.0   1
     2865  -1.6413073  101.1399821    2.87067      -46.1      -71.8      247.7      2.0      1.1      1.1 2023  3 30 10 40 14.48999977  0.0   1
     2866  -1.6388339  101.1361165    2.86747     -476.5      201.7      244.5      1.9      1.3      0.6 2023  3 30 10 40 28.92000008  0.0   1
     2867  -1.6403370  101.1408285    2.76757       48.3       35.5      144.6      1.5      0.7      0.7 2023  3 30 10 40 36.38999939  0.0   1
     2868  -1.6388266  101.1439128    2.74032      391.2      202.5      117.4      1.6      1.0      0.6 2023  3 30 10 40 42.43999863  0.0   1
     2869  -1.6475553  101.1325684    2.80554     -871.2     -762.6      182.6      8.2      6.2      5.0 2023  3 30 10 41  9.31999969  0.0   1
     2870  -1.6417010  101.1421631    2.79886      196.6     -115.3      175.9      1.8      0.7      0.6 2023  3 30 10 41 20.13999939  0.0   1
     2871  -1.6459169  101.1384684    2.84658     -214.2     -581.5      223.6      3.1      1.0      0.9 2023  3 30 10 41 29.93000031  0.0   1
     2872  -1.6443649  101.1313558    2.48369    -1006.2     -409.9     -139.2      2.3      1.7      1.7 2023  3 30 10 42  3.19000006  0.0   1
     2873  -1.6417548  101.1443685    2.73874      441.9     -121.3      115.8      1.2      0.8      0.5 2023  3 30 10 42 11.61999989  0.0   1
     2874  -1.6425299  101.1406087    2.84144       23.8     -207.0      218.5      2.4      0.8      0.6 2023  3 30 10 45 34.45999908  0.0   1
     2875  -1.6399251  101.1378092    2.89620     -288.0       81.1      273.3      1.4      1.1      0.7 2023  3 30 10 49 11.32999992  0.0   1
     2877  -1.6385455  101.1475830    2.88075      799.5      233.6      257.8      1.3      1.2      0.9 2023  4  4 21 16 12.35999966  0.0   1
     2878  -1.6387327  101.1359131    3.03935     -499.3      212.9      416.4      1.5      1.9      0.8 2023  4  4 21 17 38.91999817  0.0   1
     2879  -1.6402475  101.1445231    2.70211      459.1       45.4       79.2      1.0      0.7      0.6 2023  4  4 21 19 37.68000031  0.0   1
     2880  -1.6398211  101.1497314    2.92583     1038.3       92.6      302.9      2.3      1.9      1.1 2023  4  4 21 20  7.90000010  0.0   1
     2881  -1.6390939  101.1449137    2.96373      502.6      173.0      340.8      1.5      1.2      1.0 2023  4  4 21 21 24.20000076  0.0   1
     2882  -1.6400866  101.1467122    2.56224      703.0       63.2      -60.7      1.3      1.1      0.8 2023  4  4 21 21 37.93999863  0.0   1
     2883  -1.6394553  101.1364176    2.82848     -442.9      133.0      205.5      2.7      2.0      1.0 2023  4  4 21 21 52.75999832  0.0   1
     2884  -1.6445686  101.1414795    2.56832      120.8     -432.4      -54.6      2.0      0.9      1.1 2023  4  4 21 21 54.95999908  0.0   1
     2885  -1.6390902  101.1525553    2.89811     1352.6      173.4      275.2      3.5      2.7      2.1 2023  4  4 21 22  3.64000010  0.0   1
     2886  -1.6438749  101.1409912    2.84470       66.0     -355.7      221.8      1.7      1.1      0.8 2023  4  7  6 28 12.28999996  0.0   1
     2889  -1.6021255  101.1260824    1.85916    -1593.3     4260.7     -763.8     24.5     18.6     15.3 2023  4 14  5 51 20.79999924  0.0   1
     2890  -1.6072239  101.1242920    2.16934    -1792.0     3697.0     -453.6     25.0     21.0     13.2 2023  4 14  5 51 25.79999924  0.0   1
     2893  -1.6384867  101.1443604    2.96398      441.0      240.1      341.0      1.5      1.0      0.8 2023  5 15 17 26 39.81999969  0.0   1
     2894  -1.6380857  101.1487142    2.92842      925.7      284.4      305.5      2.1      1.7      1.3 2023  5 15 17 32 30.39999962  0.0   1
     2895  -1.6443944  101.1400716    2.71407      -35.9     -413.1       91.1      3.0      1.3      1.0 2023  5 19 22 49 48.45999908  0.0   1
     2896  -1.6421412  101.1451742    2.80866      531.4     -164.0      185.7      1.9      1.3      0.9 2023  5 19 22 54 49.02000046  0.0   1
     2897  -1.6411200  101.1403158    2.84850       -9.1      -51.1      225.6      3.7      1.2      0.8 2023  5 19 22 54 53.54000092  0.0   1
     2901  -1.6416377  101.1345947    2.72100     -645.9     -108.3       98.1      1.8      1.2      0.8 2023  5 27 15 42  8.60000038  0.0   1
     2903  -1.6431885  101.1387126    2.66153     -187.6     -279.8       38.6      4.7      2.4      1.3 2023  5 28 18 49 16.21999931  0.0   1
     2905  -1.6473312  101.1240641    1.72013    -1817.5     -737.9     -902.8      1.7      1.6      1.7 2023  6  6  1 40 44.04000092  0.0   1
     2906  -1.6413386  101.1325114    2.56567     -877.2      -75.2      -57.3      1.9      1.3      1.2 2023  6  6  1 42 24.76000023  0.0   1
     2907  -1.6397448  101.1362061    2.78538     -466.6      101.0      162.4      1.4      1.0      0.8 2023  6  6  1 48 22.26000023  0.0   1
     2908  -1.6410863  101.1447428    2.74209      483.6      -47.3      119.1      1.4      0.8      0.7 2023  6  6  1 48 43.06999969  0.0   1
     2909  -1.6428599  101.1477214    2.62181      815.4     -243.5       -1.1      1.4      1.1      1.1 2023  6  6  1 51 12.57999992  0.0   1
     2910  -1.6430027  101.1460124    2.66901      625.2     -259.2       46.1      1.9      0.8      1.0 2023  6  6  1 51 15.86999989  0.0   1
     2911  -1.6426804  101.1415934    2.86415      133.0     -223.6      241.2      2.0      0.7      0.5 2023  6  6  1 51 30.25000000  0.0   1
     2912  -1.6432660  101.1455078    2.93797      568.6     -288.4      315.0      1.4      0.7      0.9 2023  6  6  1 52 19.11000061  0.0   1
     2913  -1.6425526  101.1434652    2.90409      341.5     -209.5      281.1      1.6      1.0      0.8 2023  6  6  1 52 40.33000183  0.0   1
     2914  -1.6412560  101.1436442    2.94598      361.5      -66.1      323.0      1.3      0.8      0.6 2023  6  6  1 52 50.29999924  0.0   1
     2915  -1.6426567  101.1448405    2.78150      494.2     -221.0      158.6      1.9      1.1      1.0 2023  6  6  1 53 28.01000023  0.0   1
     2916  -1.6445354  101.1421387    2.85060      194.2     -428.7      227.7      2.1      1.0      1.0 2023  6  6  1 54  5.28999996  0.0   1
     2917  -1.6432098  101.1451742    2.82343      531.1     -282.1      200.5      1.2      0.8      0.8 2023  6  6  1 54 28.88999939  0.0   1
     2918  -1.6434659  101.1423340    2.88765      215.6     -310.5      264.7      2.1      0.7      0.7 2023  6  6  1 54 37.52999878  0.0   1
     2919  -1.6436877  101.1511149    2.72586     1192.6     -335.0      102.9      3.2      2.3      2.4 2023  6  6  1 54 44.18999863  0.0   1
     2921  -1.6469297  101.1270264    1.66141    -1487.5     -693.5     -961.5      1.6      1.4      1.5 2023  6  6  1 55 12.25000000  0.0   1
     2922  -1.6411369  101.1413005    2.89959      100.2      -52.9      276.6      4.4      0.9      0.8 2023  6  6  1 55 25.79999924  0.0   1
     2923  -1.6430059  101.1404460    2.65746        5.1     -259.6       34.5      2.5      0.8      0.6 2023  6  6  1 55 44.54999924  0.0   1
     2924  -1.6402189  101.1455973    2.82672      578.8       48.6      203.8      1.3      0.9      0.8 2023  6  6  1 55 52.50999832  0.0   1
     2925  -1.6434835  101.1390462    2.84962     -150.1     -312.4      226.7      4.6      1.6      1.5 2023  6  6  1 56  1.14999998  0.0   1
     2926  -1.6432541  101.1429525    2.94334      284.2     -287.0      320.4      2.3      0.8      0.8 2023  6  6  1 56  8.31999969  0.0   1
     2927  -1.6521158  101.1307454    0.75876    -1074.3    -1266.9    -1864.2      2.9      2.1      3.2 2023  6  6  1 56 16.76000023  0.0   1
     2928  -1.6424693  101.1408122    2.79812       46.6     -200.3      175.2      2.4      0.5      0.6 2023  6  6  1 56 29.04999924  0.0   1
     2929  -1.6482171  101.1285482    1.77804    -1318.9     -835.8     -844.9      1.9      1.3      1.8 2023  6  6  1 56 36.79000092  0.0   1
     2930  -1.6413631  101.1452230    2.85695      536.7      -77.9      234.0      1.5      0.7      0.6 2023  6  6  1 57 14.22000027  0.0   1
     2931  -1.6423553  101.1436117    2.78162      358.0     -187.7      158.7      1.7      0.9      0.6 2023  6  6  1 57 25.55999947  0.0   1
     2932  -1.6408089  101.1389893    2.91960     -157.0      -16.7      296.7      2.0      1.0      0.8 2023  6  6  1 57 28.88999939  0.0   1
     2933  -1.6420194  101.1437581    2.67150      374.1     -150.5       48.6      1.2      0.7      0.7 2023  6  6  1 57 37.61999893  0.0   1
     2934  -1.6419618  101.1442464    3.01612      428.6     -144.1      393.2      1.8      1.3      1.0 2023  6  6  1 57 45.38000107  0.0   1
     2935  -1.6391738  101.1477539    2.86066      818.8      164.1      238.7      1.7      1.2      0.7 2023  6  6  1 58  3.48000002  0.0   1
     2936  -1.6402604  101.1431803    2.86612      310.1       44.0      243.2      2.4      1.1      0.7 2023  6  6  1 58 51.29000092  0.0   1
     2937  -1.6440618  101.1444336    2.71051      448.8     -376.3       87.6      1.8      0.8      0.8 2023  6  6  1 59  4.92000008  0.0   1
     2938  -1.6433351  101.1253906    1.67990    -1670.3     -296.0     -943.0     21.6     23.6     24.8 2023  6  6  2  0 18.29000092  0.0   1
     2939  -1.6425859  101.1435140    2.83463      347.1     -213.2      211.7      1.6      1.2      0.7 2023  6  6  2  0 50.33000183  0.0   1
     2940  -1.6426838  101.1432210    2.79685      314.6     -224.0      173.9      1.1      0.6      0.6 2023  6  6  2  1 17.14999962  0.0   1
     2941  -1.6433969  101.1435791    2.60379      354.3     -302.8      -19.2      1.8      1.5      1.3 2023  6  6  2  1 29.55999947  0.0   1
     2942  -1.6416939  101.1432617    2.73124      318.4     -114.5      108.3      1.1      0.7      0.5 2023  6  6  2  1 36.97999954  0.0   1
     2943  -1.6393794  101.1453288    2.60985      548.5      141.4      -12.1      1.4      0.9      0.8 2023  6  6  2  1 54.45999908  0.0   1
     2944  -1.6401546  101.1433350    2.90367      326.9       55.7      280.7      1.2      0.6      0.5 2023  6  6  2  2 19.39999962  0.0   1
     2945  -1.6468569  101.1390951    2.78115     -144.9     -685.4      158.2      9.7      3.8      3.3 2023  6  6  2  3 32.54000092  0.0   1
     2946  -1.6445927  101.1445150    2.62026      458.6     -435.1       -2.7      1.5      0.8      0.7 2023  6  6  2  5 16.29999924  0.0   1
     2947  -1.6336082  101.1533366    2.72210     1440.1      779.5       99.2      3.5      3.9      2.5 2023  6  6  2 11 56.61000061  0.0   1
     2948  -1.6411381  101.1436605    2.77588      362.8      -53.1      152.9      2.2      1.1      0.8 2023  6  6  2 57 14.14999962  0.0   1
     2949  -1.6409787  101.1437012    2.75499      367.9      -35.4      132.0      1.6      0.9      0.6 2023  6  6  2 57 29.37000084  0.0   1
     2950  -1.6402313  101.1488118    2.62939      936.2       47.2        6.4      1.6      1.4      0.8 2023  6  6  2 57 54.09999847  0.0   1
     2951  -1.6399748  101.1377686    2.71938     -292.6       75.6       96.4      2.9      1.5      1.2 2023  6  6  2 58  2.06999993  0.0   1
     2952  -1.6417082  101.1497965    1.94909     1046.2     -116.1     -673.9      6.2      4.3      5.2 2023  6  6  2 58 17.95000076  0.0   1
     2953  -1.6458918  101.1351400    2.31096     -584.9     -578.7     -312.0      5.2      3.1      3.4 2023  6  6  2 58 41.36999893  0.0   1
     2954  -1.6418931  101.1470296    2.48192      737.7     -136.6     -141.0      1.1      1.0      0.8 2023  6  6  2 59 47.00999832  0.0   1
     2955  -1.6384677  101.1523112    3.04507     1325.3      242.2      422.1      3.7      2.7      2.3 2023  6  6 22 40 15.80000019  0.0   1
     2962  -1.6410669  101.1388509    2.66425     -172.4      -45.2       41.3      2.2      0.8      0.6 2023  7  4 19 19 48.45999908  0.0   1
     2967  -1.6457798  101.1261230    2.28577    -1588.5     -566.3     -337.2      2.6      2.3      2.6 2023  7 14 23 38 10.26000023  0.0   1
     2968  -1.6410865  101.1428141    2.89013      269.0      -47.4      267.2      1.6      0.8      0.7 2023  7 15  2  2 49.29000092  0.0   1
     2969  -1.6411836  101.1403646    2.83359       -3.6      -58.1      210.6      1.5      1.0      0.9 2023  7 15  2  5 39.86000061  0.0   1
     2972  -1.6406045  101.1420736    2.90001      186.7        5.9      277.1      2.3      1.2      0.7 2023  7 15  9 27  6.65999985  0.0   1
     2973  -1.6411948  101.1434326    2.75596      337.8      -59.3      133.0      1.2      0.5      0.5 2023  7 15  9 29 55.13999939  0.0   1
     2974  -1.6414523  101.1430501    2.70187      295.3      -87.8       78.9      1.2      0.7      0.5 2023  7 15  9 30  2.75999999  0.0   1
     2975  -1.6417136  101.1421794    2.73221      198.2     -116.7      109.3      1.5      0.7      0.5 2023  7 15  9 30 27.43000031  0.0   1
     2976  -1.6412954  101.1436442    2.72640      361.2      -70.5      103.5      1.5      0.8      0.6 2023  7 15  9 31 39.70999908  0.0   1
     2977  -1.6337065  101.1223633    2.19491    -2006.5      768.7     -428.0      2.2      1.9      1.8 2023  7 17 15  4 33.40000153  0.0   1
     2978  -1.6406904  101.1432861    2.80616      321.7       -3.6      183.2      1.5      0.8      0.7 2023  7 19  2  5 31.29000092  0.0   1
     2979  -1.6396505  101.1421468    3.11692      194.9      111.4      494.0      2.0      0.8      0.6 2023  7 19  2 18 47.72999954  0.0   1
     2980  -1.6422885  101.1458496    2.81270      606.5     -180.3      189.8      2.3      1.3      1.2 2023  7 19  2 21  5.59999990  0.0   1
     2981  -1.6358869  101.1511475    2.97977     1196.2      527.6      356.8      3.8      3.5      2.6 2023  7 19  2 21  8.77999973  0.0   1
     2982  -1.6398291  101.1420410    2.94492      183.1       91.7      322.0      1.3      1.1      0.9 2023  7 19  2 59 40.54000092  0.0   1
     2983  -1.6418228  101.1437337    2.80508      371.3     -128.8      182.1      1.2      0.8      0.6 2023  7 19  3  0  3.86999989  0.0   1
     2984  -1.6408605  101.1474040    2.59068      780.0      -22.4      -32.3      2.7      1.8      1.5 2023  7 19  3  0 15.28999996  0.0   1
     2985  -1.6416904  101.1436035    2.69382      356.9     -114.1       70.9      1.4      0.9      0.7 2023  7 19  3  0 25.79000092  0.0   1
     2986  -1.6436232  101.1389811    2.79480     -157.3     -327.9      171.9      3.5      1.2      0.7 2023  7 19  3  1  0.31999999  0.0   1
     2987  -1.6453379  101.1439209    2.54743      392.3     -517.5      -75.5      1.8      1.1      0.9 2023  7 19  3  1 12.77000046  0.0   1
     2988  -1.6419973  101.1426025    2.63482      245.5     -148.1       11.9      0.7      0.7      0.6 2023  7 19  3  1 20.85000038  0.0   1
     2989  -1.6415890  101.1377197    2.92085     -298.1     -102.9      297.9      1.8      0.9      0.8 2023  7 19  3  1 31.04999924  0.0   1
     2990  -1.6399367  101.1463623    2.93720      664.0       79.8      314.3      1.4      1.1      0.7 2023  7 19  3  1 58.95000076  0.0   1
     2991  -1.6419525  101.1414714    2.97326      119.6     -143.1      350.3      1.9      0.9      0.7 2023  7 19  3  2 24.22999954  0.0   1
     2992  -1.6412562  101.1427327    2.70010      259.6      -66.1       77.2      1.7      0.7      0.6 2023  7 19  3  2 31.32999992  0.0   1
     2994  -1.6461932  101.1416341    2.40630      138.1     -612.0     -216.6      2.6      1.5      1.2 2023  7 19  3  3  5.17000008  0.0   1
     2995  -1.6423477  101.1411133    2.78101       79.7     -186.8      158.1      2.7      0.9      0.6 2023  7 19  3  3 49.45000076  0.0   1
     2996  -1.6413080  101.1442301    2.86870      426.3      -71.8      245.8      1.2      0.8      0.7 2023  7 19  3  4 25.73999977  0.0   1
     2997  -1.6429150  101.1405518    2.43026       17.5     -249.5     -192.7      3.3      1.2      0.7 2023  7 19  3  4 42.90000153  0.0   1
     2998  -1.6400462  101.1397461    3.01865      -72.1       67.7      395.7      4.4      1.5      0.9 2023  7 19  3  4 47.33000183  0.0   1
     2999  -1.6419207  101.1415690    2.95753      130.2     -139.6      334.6      2.3      1.1      0.8 2023  7 19  3  5 55.38999939  0.0   1
     3000  -1.6396049  101.1452311    2.80786      537.7      116.5      184.9      0.9      0.5      0.7 2023  7 19  3  6 34.20999908  0.0   1
     3001  -1.6421647  101.1439128    2.68348      390.9     -166.6       60.5      1.6      0.8      0.7 2023  7 19  3  7 18.03000069  0.0   1
     3002  -1.6436577  101.1426432    2.71595      249.5     -331.7       93.0      0.9      0.7      0.7 2023  7 19  3  7 20.17000008  0.0   1
     3003  -1.6413249  101.1521403    2.48138     1306.7      -73.7     -141.6      2.9      2.4      2.3 2023  7 19  3  8 37.70999908  0.0   1
     3004  -1.6430523  101.1436198    2.78555      358.3     -264.7      162.6      1.5      0.8      0.7 2023  7 19  3 10 29.87999916  0.0   1
     3005  -1.6404115  101.1439209    2.84550      392.4       27.3      222.6      1.1      0.7      0.6 2023  7 19  3 11  7.88000011  0.0   1
     3006  -1.6362413  101.1476807    3.31027      810.5      488.4      687.3      2.3      2.6      1.5 2023  7 19  3 12 10.78999996  0.0   1
     3007  -1.6416974  101.1478353    2.66823      827.9     -114.9       45.3      1.4      0.9      0.9 2023  7 19  3 14 29.62999916  0.0   1
     3008  -1.6418034  101.1458008    2.42211      601.4     -126.6     -200.8      1.1      0.6      0.7 2023  7 19  3 14 38.36000061  0.0   1
     3009  -1.6394821  101.1418945    2.83406      166.3      130.0      211.1      1.2      0.5      0.8 2023  7 19  3 17 13.86999989  0.0   1
     3010  -1.6409904  101.1451823    2.81783      532.1      -36.7      194.9      1.3      1.0      0.7 2023  7 19  3 22  8.31999969  0.0   1
     3011  -1.6390499  101.1427897    2.86122      265.9      177.8      238.3      0.9      0.5      0.4 2023  7 19  3 23  0.50000000  0.0   1
     3012  -1.6411971  101.1433838    2.74172      332.5      -59.6      118.8      1.0      0.5      0.5 2023  7 19  3 23 19.36000061  0.0   1
     3013  -1.6416604  101.1425130    2.86912      235.4     -110.8      246.2      1.7      0.9      0.8 2023  7 19  3 23 22.77000046  0.0   1
     3014  -1.6373568  101.1392008    3.03267     -133.2      365.0      409.7      4.1      1.5      1.3 2023  7 19  3 23 38.40000153  0.0   1
     3015  -1.6413189  101.1446615    2.69391      474.5      -73.1       71.0      1.4      0.9      0.8 2023  7 19  3 24  8.73999977  0.0   1
     3016  -1.6400022  101.1417806    2.94859      154.3       72.5      325.6      1.8      0.9      0.7 2023  7 19  3 24 11.84000015  0.0   1
     3017  -1.6441013  101.1411865    2.73940       88.1     -380.7      116.5      4.2      1.3      1.5 2023  7 19  3 24 18.10000038  0.0   1
     3018  -1.6415641  101.1429687    2.64012      286.0     -100.2       17.2      1.5      0.7      0.6 2023  7 19  3 26 25.94000053  0.0   1
     3019  -1.6439800  101.1363281    2.84456     -452.5     -367.3      221.6      3.6      1.2      1.4 2023  7 19  3 26 54.45000076  0.0   1
     3020  -1.6382996  101.1492757    2.85948      987.8      260.8      236.5      1.7      1.3      1.3 2023  7 19  3 28  6.32000017  0.0   1
     3021  -1.6356398  101.1374593    3.17575     -326.8      554.9      552.8      4.7      1.9      1.3 2023  7 19  3 28 11.30000019  0.0   1
     3022  -1.6407589  101.1485270    2.63027      904.7      -11.1        7.3      1.3      0.8      1.0 2023  7 19  3 29  4.26999998  0.0   1
     3023  -1.6447344  101.1404378    2.54354        4.5     -450.7      -79.4      2.3      0.8      0.8 2023  7 19  3 30 50.99000168  0.0   1
     3024  -1.6476115  101.1420003    2.50495      178.5     -768.8     -118.0      3.6      1.4      1.6 2023  7 19  3 37 19.65999985  0.0   1
     3025  -1.6391078  101.1314860    2.73725     -991.2      171.4      114.3      2.5      2.3      1.4 2023  7 19  3 39 24.28000069  0.0   1
     3026  -1.6442276  101.1471273    2.69719      749.3     -394.7       74.3      3.1      1.9      1.9 2023  7 19  3 48 22.11000061  0.0   1
     3027  -1.6413167  101.1423910    2.81010      222.1      -72.8      187.2      1.6      1.0      0.7 2023  7 19 19  1 51.08000183  0.0   1
     3028  -1.6418297  101.1415202    2.76321      125.2     -129.5      140.3      1.4      1.0      0.8 2023  7 20  1 15 46.22999954  0.0   1
     3029  -1.6406541  101.1412842    2.79672       99.0        0.4      173.8      2.0      0.9      0.7 2023  7 20  1 16 25.07999992  0.0   1
     3030  -1.6395859  101.1438477    2.98832      383.5      118.6      365.4      2.7      1.4      1.3 2023  7 20  1 18 27.22999954  0.0   1
     3031  -1.6418659  101.1418864    2.72891      165.9     -133.5      106.0      1.3      0.8      0.6 2023  7 20 16 59 18.79999924  0.0   1
     3032  -1.6397359  101.1434896    2.86243      343.9      102.0      239.5      2.4      1.5      1.2 2023  7 21  6 50 53.00999832  0.0   1
     3033  -1.6454651  101.1423096    2.62697      212.8     -531.5        4.0      1.4      1.0      1.2 2023  7 21 12 31 45.83000183  0.0   1
     3034  -1.6448891  101.1431478    2.58635      306.0     -467.8      -36.6      1.4      0.9      1.1 2023  7 23  3 56 19.47999954  0.0   1
     3037  -1.6418494  101.1452881    2.69483      543.9     -131.7       71.9      1.0      0.7      0.8 2023  7 31 23 41 35.38000107  0.0   1
     3042  -1.6420709  101.1395020    2.92887      -99.9     -156.2      305.9      1.5      0.9      0.5 2023  8 25 22  0  2.96000004  0.0   1
     3043  -1.6409448  101.1444010    2.82526      445.7      -31.7      202.3      1.2      0.8      0.5 2023  8 25 22  1 20.63999939  0.0   1
     3044  -1.6491853  101.1357992    2.56001     -511.7     -942.9      -62.9      3.2      2.1      1.6 2023  8 25 22  1 29.57999992  0.0   1
     3045  -1.6416457  101.1434245    2.68293      337.0     -109.2       60.0      1.1      0.5      0.6 2023  8 25 22  1 39.70000076  0.0   1
     3046  -1.6397168  101.1340983    2.81204     -701.2      104.1      189.1      2.4      1.4      1.1 2023  8 25 22  2 23.94000053  0.0   1
     3047  -1.6412916  101.1432536    2.74897      317.9      -70.0      126.0      1.0      0.6      0.5 2023  8 25 22  2 28.13999939  0.0   1
     3048  -1.6407764  101.1524089    2.39741     1337.0      -13.1     -225.5      2.2      2.7      1.5 2023  8 25 22  2 42.25999832  0.0   1
     3049  -1.6409798  101.1436849    2.67221      365.7      -35.6       49.3      2.1      1.2      0.9 2023  8 25 22  2 51.50000000  0.0   1
     3050  -1.6417076  101.1440674    2.81388      408.7     -116.0      190.9      1.0      0.8      0.5 2023  8 25 22  2 58.43999863  0.0   1
     3051  -1.6396674  101.1509684    2.03213     1175.9      109.6     -590.8      1.8      1.4      1.4 2023  8 25 22  3 19.87999916  0.0   1
     3052  -1.6434093  101.1372314    2.81781     -351.9     -304.2      194.9      2.6      1.1      0.8 2023  8 25 22  3 24.92000008  0.0   1
     3054  -1.6436690  101.1400065    2.80915      -43.8     -332.9      186.2      2.5      0.7      0.8 2023  8 25 22  3 32.50000000  0.0   1
     3055  -1.6415744  101.1409993    2.86097       67.0     -101.3      238.0      2.8      0.9      0.6 2023  8 25 22  3 45.52000046  0.0   1
     3056  -1.6473240  101.1242350    2.06813    -1798.2     -737.1     -554.8      2.3      2.1      2.4 2023  8 25 22  4 22.10000038  0.0   1
     3057  -1.6417706  101.1447510    2.76744      484.2     -123.0      144.5      2.1      0.7      0.6 2023  8 25 22  4 39.36000061  0.0   1
     3058  -1.6425752  101.1441243    2.80898      414.4     -212.0      186.0      1.6      1.0      0.8 2023  8 25 22  4 42.74000168  0.0   1
     3059  -1.6385562  101.1484619    2.57513      897.7      232.4      -47.8      1.1      1.0      0.7 2023  8 25 22  5 22.65999985  0.0   1
     3060  -1.6396676  101.1564290    2.26958     1784.1      109.5     -353.4      1.6      2.2      1.4 2023  8 25 22  5 45.79999924  0.0   1
     3061  -1.6444079  101.1364583    2.65309     -438.2     -414.6       30.1      2.1      1.3      1.0 2023  8 25 22  7 34.09999847  0.0   1
     3062  -1.6428651  101.1417562    2.64433      150.8     -244.0       21.4      1.3      1.0      1.0 2023  8 25 22  9 17.42000008  0.0   1
     3063  -1.6430103  101.1449544    2.53827      507.5     -260.1      -84.7      1.8      0.9      0.8 2023  8 25 22  9 21.89999962  0.0   1
     3064  -1.6400918  101.1442220    3.00640      425.4       62.6      383.5      2.0      1.1      0.8 2023  8 25 22  9 33.65999985  0.0   1
     3065  -1.6323512  101.1671061    1.81254     2972.4      918.5     -810.4      3.1      3.8      4.9 2023  8 25 22  9 50.97999954  0.0   1
     3066  -1.6398810  101.1462728    2.70000      653.4       85.9       77.1      1.6      1.8      0.9 2023  8 25 22 11 54.90000153  0.0   1
     3067  -1.6408192  101.1517171    2.60190     1259.5      -17.8      -21.0      1.7      2.3      1.1 2023  8 25 22 12 15.19999981  0.0   1
     3068  -1.6366159  101.1541341    2.40569     1528.8      447.0     -217.2      1.7      1.7      1.4 2023  8 25 22 14 11.64000034  0.0   1
     3069  -1.6388916  101.1473877    2.49510      777.7      195.3     -127.8      1.4      1.2      0.9 2023  8 28 21 39 39.09999847  0.0   1
     3070  -1.6444130  101.1331462    2.54180     -806.8     -415.2      -81.1      3.0      1.5      1.5 2023  8 28 22  8 57.27999878  0.0   1
     3071  -1.6417901  101.1396729    2.76932      -80.9     -125.2      146.4      1.9      0.7      0.6 2023  8 29 14 22 51.02999878  0.0   1
     3072  -1.6413392  101.1390706    2.93688     -147.5      -75.3      313.9      2.9      1.0      0.6 2023  8 29 18 13 50.74000168  0.0   1
     3074  -1.6425453  101.1363932    2.63894     -445.2     -208.7       16.0      2.0      1.5      0.9 2023  8 30  1 31 17.67000008  0.0   1
     3075  -1.6414982  101.1271077    2.06675    -1478.8      -92.9     -556.2     21.6     22.1     20.5 2023  8 30  5 46 14.44999981  0.0   1
     3076  -1.6395503  101.1476725    2.59825      809.3      122.5      -24.7      1.6      1.0      0.6 2023  8 30  5 46 27.07999992  0.0   1
     3077  -1.6423429  101.1467529    2.41150      707.1     -186.3     -211.4      1.0      1.1      0.8 2023  8 30  5 47  3.69000006  0.0   1
     3078  -1.6418017  101.1444743    2.89792      453.8     -126.4      275.0      2.1      1.3      0.9 2023  8 30  5 47  5.53999996  0.0   1
     3079  -1.6427377  101.1265299    2.15317    -1543.5     -229.9     -469.8      1.8      1.7      1.6 2023  8 30  5 47 14.06000042  0.0   1
     3080  -1.6378204  101.1538493    2.68686     1496.5      313.8       63.9      2.4      2.4      2.0 2023  8 30  5 47 22.72999954  0.0   1
     3081  -1.6393575  101.1483480    2.59387      884.5      143.8      -29.1      1.1      1.0      0.7 2023  8 30  5 47 28.44000053  0.0   1
     3083  -1.6404778  101.1280924    1.36148    -1369.6       19.9    -1261.5     21.1     21.8     22.8 2023  8 30  5 47 51.20000076  0.0   1
     3084  -1.6436141  101.1433268    2.71032      326.3     -326.8       87.4      2.8      1.3      1.2 2023  8 30  5 50 22.00000000  0.0   1
     3085  -1.6415255  101.1406331    2.69095       26.3      -95.9       68.0      2.6      1.0      0.8 2023  8 30  5 50 28.25000000  0.0   1
     3086  -1.6427088  101.1491781    2.95755      976.7     -226.8      334.6      2.6      1.7      1.8 2023  8 30 14 17 58.83000183  0.0   1
     3087  -1.6461569  101.1396240    2.34676      -86.4     -608.0     -276.2      4.6      3.3      3.7 2023  8 30 14 22 58.09000015  0.0   1
     3088  -1.6418490  101.1418864    2.71703      165.9     -131.7       94.1      1.9      0.8      0.9 2023  8 30 14 35 52.65000153  0.0   1
     3094  -1.6433296  101.1378662    2.61022     -282.0     -295.4      -12.7      2.0      1.0      0.8 2023  9 13 15 18 58.20999908  0.0   1
     3095  -1.6391871  101.1491292    2.47131      971.8      162.7     -151.6      1.4      1.0      1.0 2023  9 14 16  1  7.05999994  0.0   1
     3096  -1.6380380  101.1481201    2.63442      859.8      289.7       11.5      1.7      1.9      0.8 2023  9 14 16  1 16.52000046  0.0   1
     3097  -1.6417302  101.1358236    2.78242     -509.1     -118.5      159.5      1.9      1.3      0.9 2023  9 14 16  1 24.82999992  0.0   1
     3098  -1.6409114  101.1374349    2.51878     -329.3      -28.0     -104.2      1.4      1.0      0.7 2023  9 14 16  3 59.18000031  0.0   1
     3099  -1.6384135  101.1483968    2.63235      890.5      248.2        9.4      1.6      1.4      1.1 2023  9 14 16  4  8.14000034  0.0   1
     3100  -1.6366371  101.1489258    3.02369      949.5      444.6      400.7      4.2      4.4      2.4 2023  9 14 16  7 36.65999985  0.0   1
     3101  -1.6395409  101.1428792    2.61048      276.6      123.6      -12.5      1.5      0.8      0.9 2023  9 14 16  7 43.02999878  0.0   1
     3102  -1.6447292  101.1269450    1.97522    -1496.9     -450.2     -647.7      1.4      2.1      1.4 2023  9 14 16 10 57.36000061  0.0   1
     3103  -1.6384354  101.1315592    2.91651     -983.3      245.8      293.6      3.6      6.8      2.6 2023  9 14 16 11 12.31000042  0.0   1
     3104  -1.6400008  101.1458252    2.63250      603.9       72.7        9.6      1.2      1.0      0.5 2023  9 14 16 11 17.97999954  0.0   1
     3105  -1.6420498  101.1431885    2.84224      310.8     -153.9      219.3      1.2      0.6      0.6 2023  9 14 16 23 25.43000031  0.0   1
     3106  -1.6416765  101.1420329    2.73296      182.1     -112.6      110.0      1.6      1.1      0.9 2023  9 14 16 23 33.90000153  0.0   1
     3107  -1.6414135  101.1408773    2.90652       53.3      -83.5      283.6      1.2      1.1      0.7 2023  9 14 16 23 52.75999832  0.0   1
     3108  -1.6404756  101.1406087    2.74872       23.6       20.2      125.8      2.8      1.2      1.0 2023  9 14 16 23 59.08000183  0.0   1
     3109  -1.6419151  101.1402344    2.56960      -18.3     -139.0      -53.3      2.2      1.0      1.1 2023  9 14 16 24  4.69000006  0.0   1
     3110  -1.6420298  101.1418945    2.69019      166.8     -151.7       67.3      1.1      0.8      0.7 2023  9 14 16 24 13.52000046  0.0   1
     3111  -1.6419563  101.1433187    2.68791      325.0     -143.5       65.0      0.9      0.5      0.5 2023  9 14 16 24 25.40999985  0.0   1
     3112  -1.6402771  101.1464600    2.81599      674.6       42.1      193.0      1.3      1.2      0.8 2023  9 14 16 24 54.75000000  0.0   1
     3113  -1.6428074  101.1397868    2.82494      -67.7     -237.6      202.0      1.5      1.0      0.8 2023  9 14 16 24 59.38000107  0.0   1
     3114  -1.6411231  101.1450846    2.70402      521.9      -51.4       81.1      2.1      1.4      0.8 2023  9 14 16 25  6.48000002  0.0   1
     3115  -1.6405031  101.1461670    2.70247      642.0       17.2       79.5      1.2      0.9      0.8 2023  9 14 16 25 25.75000000  0.0   1
     3116  -1.6405666  101.1510905    2.44559     1190.2       10.1     -177.4      2.1      1.8      1.1 2023  9 14 16 25 28.45000076  0.0   1
     3117  -1.6489974  101.1266602    1.24143    -1528.5     -922.1    -1381.5      2.0      1.7      2.2 2023  9 14 16 25 34.34999847  0.0   1
     3118  -1.6453036  101.1375163    1.92090     -320.8     -513.7     -701.0      8.1      4.0      4.8 2023  9 14 16 25 42.66999817  0.0   1
     3119  -1.6401878  101.1379639    2.71041     -270.4       52.0       87.5      2.5      1.2      0.9 2023  9 14 16 25 48.11999893  0.0   1
     3120  -1.6420797  101.1381266    2.51882     -253.0     -157.2     -104.1      3.5      1.5      1.1 2023  9 14 16 25 56.81999969  0.0   1
     3121  -1.6407229  101.1436605    2.81186      363.1       -7.2      188.9      0.8      1.0      0.7 2023  9 14 16 26  2.75999999  0.0   1
     3122  -1.6413643  101.1429281    2.81015      281.4      -78.1      187.2      1.0      0.5      0.5 2023  9 14 16 26 23.64999962  0.0   1
     3123  -1.6405014  101.1428711    2.94486      275.0       17.3      321.9      3.2      1.1      0.7 2023  9 14 16 26 34.95999908  0.0   1
     3124  -1.6409782  101.1458333    2.81707      604.9      -35.4      194.1      1.0      0.8      0.6 2023  9 14 16 26 48.50000000  0.0   1
     3125  -1.6442094  101.1393799    2.53428     -113.4     -392.7      -88.7      4.1      1.9      1.4 2023  9 14 16 27  6.15000010  0.0   1
     3126  -1.6420527  101.1471924    2.58010      755.7     -154.2      -42.8      1.2      0.8      0.9 2023  9 14 16 27 14.25000000  0.0   1
     3127  -1.6407436  101.1439860    2.67305      399.1       -9.5       50.1      1.1      1.0      0.8 2023  9 14 16 27 17.69000053  0.0   1
     3128  -1.6388494  101.1457031    2.65916      590.0      200.0       36.2      1.0      1.0      0.6 2023  9 14 16 27 22.95999908  0.0   1
     3129  -1.6368444  101.1490641    2.62777      964.5      421.7        4.8      2.7      2.6      1.4 2023  9 14 16 27 30.12000084  0.0   1
     3130  -1.6397938  101.1381836    3.03313     -246.6       95.6      410.2      2.9      1.4      0.9 2023  9 14 16 27 36.08000183  0.0   1
     3131  -1.6394315  101.1475423    2.70495      794.8      135.6       82.0      0.8      0.8      0.6 2023  9 14 16 28  5.15999985  0.0   1
     3132  -1.6421883  101.1448893    2.63425      499.8     -169.2       11.3      0.8      0.8      0.6 2023  9 14 16 28 10.97999954  0.0   1
     3133  -1.6412764  101.1384847    2.73469     -213.2      -68.4      111.7      2.1      0.9      0.6 2023  9 14 16 28 18.73999977  0.0   1
     3134  -1.6383479  101.1506673    2.13755     1142.4      255.5     -485.4      3.1      2.5      2.6 2023  9 14 16 28 27.96999931  0.0   1
     3135  -1.6429502  101.1461751    2.58555      642.5     -253.4      -37.4      1.6      1.2      1.0 2023  9 14 16 28 40.47999954  0.0   1
     3136  -1.6445643  101.1352376    2.42472     -574.2     -431.9     -198.2      2.2      1.4      1.1 2023  9 14 16 28 47.25999832  0.0   1
     3137  -1.6420293  101.1414388    2.78422      115.9     -151.6      161.3      1.8      1.4      1.3 2023  9 14 16 28 51.58000183  0.0   1
     3138  -1.6445394  101.1313477    2.31466    -1007.2     -429.2     -308.3      2.6      1.5      1.7 2023  9 14 16 29 41.08000183  0.0   1
     3139  -1.6402973  101.1313721    2.28988    -1004.3       39.9     -333.1      3.5      4.7      2.8 2023  9 14 16 29 46.22999954  0.0   1
     3140  -1.6408296  101.1424398    2.83020      227.0      -18.9      207.3      1.6      0.9      0.7 2023  9 14 16 29 52.25999832  0.0   1
     3141  -1.6420909  101.1438883    2.77368      388.1     -158.4      150.7      0.8      0.7      0.4 2023  9 14 16 32  8.39999962  0.0   1
     3142  -1.6428858  101.1442627    2.60377      430.5     -246.3      -19.2      1.9      0.7      1.0 2023  9 14 16 32 17.73999977  0.0   1
     3143  -1.6382543  101.1552572    2.49806     1653.4      265.8     -124.9      1.5      1.7      1.2 2023  9 14 16 32 30.69000053  0.0   1
     3144  -1.6416818  101.1429687    2.79014      286.5     -113.2      167.2      1.2      0.6      0.6 2023  9 14 16 32 37.11000061  0.0   1
     3145  -1.6427727  101.1386149    2.91430     -198.5     -233.8      291.4      2.0      0.8      0.6 2023  9 14 16 32 59.11000061  0.0   1
     3146  -1.6390602  101.1485921    2.91880      911.5      176.7      295.9      1.5      2.0      0.7 2023  9 14 16 34 11.01000023  0.0   1
     3147  -1.6359725  101.1618001    2.10548     2381.8      518.1     -517.5      2.6      3.3      2.5 2023  9 14 16 34 40.43000031  0.0   1
     3148  -1.6413300  101.1493490    2.67338      996.2      -74.3       50.4      1.1      1.7      1.3 2023  9 14 16 34 47.56999969  0.0   1
     3149  -1.6399891  101.1518962    2.64006     1279.6       74.0       17.1      2.0      2.0      1.4 2023  9 14 16 34 58.79000092  0.0   1
     3150  -1.6462732  101.1275065    2.04330    -1434.1     -620.9     -579.6      1.5      1.3      1.3 2023  9 14 16 36 23.40999985  0.0   1
     3151  -1.6437982  101.1304199    2.40336    -1110.2     -347.2     -219.6      3.3      2.2      2.3 2023  9 14 16 38 46.27000046  0.0   1
     3152  -1.6378359  101.1504964    2.91190     1123.8      312.1      289.0      1.8      2.0      1.1 2023  9 14 16 39 22.14999962  0.0   1
     3153  -1.6403445  101.1451090    2.73360      524.6       34.7      110.7      1.2      0.9      0.6 2023  9 14 16 40 10.57999992  0.0   1
     3154  -1.6397770  101.1340902    2.73640     -701.7       97.4      113.5      3.2      3.2      1.9 2023  9 14 16 40 29.72999954  0.0   1
     3155  -1.6424328  101.1434977    2.76551      344.7     -196.2      142.6      1.2      0.9      0.6 2023  9 14 16 42 57.52000046  0.0   1
     3156  -1.6421192  101.1439046    2.67109      390.4     -161.6       48.1      1.0      0.9      0.6 2023  9 14 16 43 40.40999985  0.0   1
     3157  -1.6416749  101.1405680    2.82022       18.8     -112.4      197.3      1.9      0.7      0.6 2023  9 14 16 48 22.35000038  0.0   1
     3158  -1.6404874  101.1357585    2.85517     -516.5       18.9      232.2      2.6      2.0      1.3 2023  9 14 16 48 45.50999832  0.0   1
     3160  -1.6414917  101.1481445    2.73289      862.2      -92.2      110.0      1.1      1.3      0.7 2023  9 14 16 56  2.07999992  0.0   1
     3161  -1.6421801  101.1432943    2.80274      322.2     -168.3      179.8      1.3      0.9      0.7 2023  9 14 17  0 13.88000011  0.0   1
     3162  -1.6397043  101.1525309    2.17177     1350.0      105.5     -451.2      6.0      5.0      5.5 2023  9 14 17 16  3.20000005  0.0   1
     3163  -1.6413920  101.1431559    2.78999      307.4      -81.1      167.1      1.3      0.5      0.5 2023  9 14 17 16 12.60000038  0.0   1
     3164  -1.6429532  101.1358724    2.73477     -503.9     -253.8      111.8      2.1      1.0      0.8 2023  9 14 17 16 20.60000038  0.0   1
     3165  -1.6413729  101.1400309    2.87908      -40.7      -79.0      256.1      2.1      1.2      0.8 2023  9 14 17 22 43.41999817  0.0   1
     3166  -1.6407987  101.1406657    2.89694       29.5      -15.5      274.0      1.2      1.2      1.0 2023  9 14 17 23  1.67999995  0.0   1
     3167  -1.6429544  101.1429850    2.74018      288.3     -253.9      117.2      1.4      0.8      0.7 2023  9 14 17 23  3.44000006  0.0   1
     3168  -1.6404434  101.1392741    2.89468     -124.6       23.7      271.7      1.8      1.1      0.8 2023  9 14 17 23 38.47999954  0.0   1
     3169  -1.6418935  101.1366862    2.72229     -412.5     -136.6       99.4      2.7      1.5      1.3 2023  9 14 17 24 47.47999954  0.0   1
     3170  -1.6427350  101.1360352    2.45250     -485.5     -229.6     -170.4      2.7      1.3      1.1 2023  9 14 18  6 58.63999939  0.0   1
     3172  -1.6408466  101.1426270    2.73213      248.0      -20.8      109.2      2.5      1.4      1.3 2023  9 15 17 48 41.77999878  0.0   1
     3173  -1.6372049  101.1460368    2.97203      627.6      381.8      349.1      2.0      1.4      0.8 2023  9 15 17 50 48.40000153  0.0   1
     3174  -1.6383525  101.1507161    2.70148     1148.3      255.0       78.5      2.1      1.5      1.1 2023  9 15 17 51  9.39999962  0.0   1
     3175  -1.6410619  101.1438151    2.72803      379.9      -44.6      105.1      1.4      1.2      0.9 2023  9 18  5 36 41.97999954  0.0   1
     3176  -1.6399680  101.1423340    2.76424      215.8       76.3      141.3      2.1      1.0      0.9 2023  9 18 16 33 14.22000027  0.0   1
     3177  -1.6382478  101.1491455    2.88856      973.3      266.5      265.6      1.7      1.5      1.1 2023  9 19 22 37 53.88000107  0.0   1
     3178  -1.6396758  101.1422119    2.86609      201.9      108.6      243.1      1.3      0.9      0.7 2023  9 20 20 41 28.63999939  0.0   1
     3179  -1.6392275  101.1425293    2.84946      237.4      158.2      226.5      1.8      1.0      0.6 2023  9 21  3 26 18.59000015  0.0   1
     3180  -1.6383137  101.1431315    2.84729      303.9      259.2      224.3      2.3      0.8      0.7 2023  9 21  3 26 48.38999939  0.0   1
     3181  -1.6383466  101.1438558    2.90296      385.0      255.6      280.0      1.4      1.0      0.7 2023  9 21  3 26 59.63000107  0.0   1
     3182  -1.6444261  101.1341797    2.17981     -691.9     -416.6     -443.1      3.6      2.2      2.4 2023  9 21  3 27 59.75000000  0.0   1
     3183  -1.6414255  101.1441976    2.52516      422.8      -84.8      -97.8      1.3      0.9      1.0 2023  9 21  3 28  2.72000003  0.0   1
     3184  -1.6407626  101.1453451    2.73763      550.7      -11.5      114.7      0.9      0.7      0.6 2023  9 21  3 28 44.74000168  0.0   1
     3186  -1.6409391  101.1425537    3.01951      239.8      -31.1      396.6      1.3      0.7      0.7 2023  9 21  3 43  8.53999996  0.0   1
     3187  -1.6402718  101.1430257    2.82098      292.2       42.7      198.0      1.9      1.0      0.6 2023  9 21  3 43 36.95999908  0.0   1
     3188  -1.6417689  101.1397624    3.07941      -70.4     -122.8      456.5      3.9      1.3      0.9 2023  9 21  3 44 35.31000137  0.0   1
     3189  -1.6393038  101.1388590    2.87648     -170.9      149.8      253.5      2.9      1.7      0.8 2023  9 21  3 45  0.40000001  0.0   1
     3190  -1.6412362  101.1424316    2.65627      226.8      -63.9       33.3      1.2      0.7      0.8 2023  9 21  3 46 23.75000000  0.0   1
     3191  -1.6411674  101.1453532    2.67960      551.5      -56.3       56.7      1.0      0.6      0.7 2023  9 21  3 47 35.90000153  0.0   1
     3192  -1.6383200  101.1486003    2.74639      912.5      258.5      123.4      1.4      2.2      0.9 2023  9 21  3 47 45.47000122  0.0   1
     3193  -1.6403890  101.1443522    2.71325      439.9       29.8       90.3      1.3      0.8      0.7 2023  9 21  3 50 10.31999969  0.0   1
     3194  -1.6379414  101.1442464    2.95698      428.2      300.4      334.0      1.6      1.2      0.7 2023  9 21  3 51 53.75000000  0.0   1
     3195  -1.6422717  101.1411947    2.78578       88.4     -178.4      162.8      1.2      0.6      0.7 2023  9 21  3 54 41.15999985  0.0   1
     3196  -1.6372517  101.1503662    2.72424     1109.1      376.7      101.3      1.4      1.4      1.1 2023  9 21  3 54 56.18999863  0.0   1
     3197  -1.6392929  101.1442139    2.90640      424.9      151.0      283.5      1.2      1.0      0.6 2023  9 21  3 55  2.20000005  0.0   1
     3198  -1.6366348  101.1502930    2.75612     1101.3      444.9      133.2      1.5      1.8      1.1 2023  9 21  3 57 10.92000008  0.0   1
     3200  -1.6406822  101.1675212    1.83282     3018.1       -2.7     -790.1      1.7      1.7      2.7 2023  9 21 18  0 24.65999985  0.0   1
     3202  -1.6441715  101.1403483    2.75940       -5.7     -388.5      136.5      2.8      1.7      1.4 2023  9 21 18  2 53.29999924  0.0   1
     3203  -1.6407501  101.1449707    2.60807      508.6      -10.2      -14.9      0.7      0.5      0.5 2023  9 21 18  3  1.86000001  0.0   1
     3204  -1.6422047  101.1464111    2.63168      669.5     -171.0        8.7      1.3      0.8      0.7 2023  9 21 18  3  6.84000015  0.0   1
     3206  -1.6405102  101.1477376    2.84019      816.6       16.4      217.2      1.5      1.1      0.7 2023  9 21 18  3 58.45999908  0.0   1
     3207  -1.6382420  101.1581217    2.09467     1972.3      267.2     -528.3      1.7      3.9      1.7 2023  9 21 18  4  4.84000015  0.0   1
     3208  -1.6408727  101.1440755    2.66746      409.5      -23.7       44.5      0.8      0.8      0.5 2023  9 21 18  4  8.68000031  0.0   1
     3209  -1.6403871  101.1501546    2.68545     1085.4       30.0       62.5      2.1      1.8      1.3 2023  9 21 18  5 31.94000053  0.0   1
     3210  -1.6428453  101.1426676    2.64592      252.8     -241.8       23.0      1.9      1.2      0.8 2023  9 21 18  5 48.38000107  0.0   1
     3211  -1.6485336  101.1251221    1.98829    -1699.5     -870.8     -634.7      2.2      2.0      2.2 2023  9 21 18  6 39.50000000  0.0   1
     3212  -1.6420429  101.1430176    2.93996      291.8     -153.1      317.0      1.5      1.3      0.9 2023  9 21 18 40 21.60000038  0.0   1
     3213  -1.6423149  101.1412109    2.74783       91.0     -183.2      124.9      2.9      1.5      1.1 2023  9 28  7  5  1.83000004  0.0   1
     3214  -1.6385563  101.1460368    2.86982      627.9      232.4      246.9      1.8      1.0      0.7 2023  9 28  7 39  3.82999992  0.0   1
     3215  -1.6426692  101.1429606    2.72109      285.6     -222.4       98.2      1.6      0.9      0.7 2023  9 28  7 40  2.51999998  0.0   1
     3216  -1.6407764  101.1471110    2.58443      747.5      -13.1      -38.5      1.2      1.2      0.7 2023  9 28  7 55 56.93999863  0.0   1
     3217  -1.6418615  101.1425456    2.74041      239.4     -133.1      117.5      0.8      0.4      0.4 2023  9 28  7 56  5.48999977  0.0   1
     3218  -1.6419392  101.1441895    2.72051      422.0     -141.6       97.6      0.7      0.6      0.5 2023  9 28  7 56 11.47999954  0.0   1
     3219  -1.6392131  101.1422689    3.04515      208.1      159.8      422.2      1.9      1.0      0.8 2023  9 28  7 57 46.27000046  0.0   1
     3220  -1.6419796  101.1435954    2.63256      355.5     -146.1        9.6      0.9      0.8      0.7 2023  9 28  7 59 35.90000153  0.0   1
     3221  -1.6421956  101.1390137    2.54933     -153.8     -170.0      -72.6      4.0      1.1      1.0 2023  9 28  8  1 35.72000122  0.0   1
     3222  -1.6399146  101.1473470    2.62104      773.2       82.2       -1.9      0.8      0.9      0.7 2023  9 28  8  2  3.35999990  0.0   1
     3223  -1.6414163  101.1432699    2.76931      320.1      -83.8      146.4      1.2      0.7      0.5 2023  9 28  8  2 40.31000137  0.0   1
     3224  -1.6408862  101.1467204    2.58825      703.7      -25.2      -34.7      1.1      0.6      0.6 2023  9 28  8  7 49.70999908  0.0   1
     3225  -1.6411697  101.1440023    2.75801      401.0      -56.6      135.1      0.9      0.6      0.6 2023  9 28  8 13  6.84000015  0.0   1
     3226  -1.6397715  101.1463623    2.72567      663.5       98.0      102.7      0.7      0.9      0.6 2023  9 28  8 15 50.84999847  0.0   1
     3227  -1.6400080  101.1456624    2.62640      586.2       71.9        3.5      1.1      0.8      0.6 2023  9 28  8 15 58.18999863  0.0   1
     3228  -1.6440712  101.1445231    2.70272      459.6     -377.4       79.8      1.9      1.2      0.8 2023  9 28  8 17  0.49000001  0.0   1
     3229  -1.6410325  101.1436442    2.70556      361.2      -41.4       82.6      1.4      0.8      0.6 2023  9 28  8 17 24.29000092  0.0   1
     3230  -1.6401318  101.1446452    2.81892      472.3       58.2      196.0      1.0      0.6      0.6 2023  9 28  8 19 49.29999924  0.0   1
     3231  -1.6420792  101.1399414    2.73695      -50.3     -157.1      114.0      2.4      0.7      0.7 2023  9 28  8 20 55.52000046  0.0   1
     3232  -1.6409996  101.1440918    2.78354      411.4      -37.8      160.6      0.7      0.6      0.4 2023  9 28  8 26 42.88000107  0.0   1
     3233  -1.6422980  101.1450195    2.72278      514.1     -181.3       99.8      0.9      0.6      0.7 2023  9 28  8 26 46.84000015  0.0   1
     3234  -1.6419437  101.1438070    2.80556      379.0     -142.2      182.6      1.4      0.9      0.7 2023  9 28  8 27  2.09999990  0.0   1
     3235  -1.6418475  101.1430745    2.62784      297.7     -131.5        4.9      1.0      0.7      0.5 2023  9 28  8 29 31.02000046  0.0   1
     3236  -1.6410020  101.1407959    2.77173       44.7      -38.0      148.8      3.2      0.9      0.7 2023  9 28  8 33 52.38000107  0.0   1
     3237  -1.6415627  101.1427083    2.73994      256.9     -100.0      117.0      1.4      1.0      0.8 2023  9 28  8 34 52.70000076  0.0   1
     3238  -1.6415127  101.1436686    2.79858      363.9      -94.5      175.6      1.6      0.6      0.6 2023  9 28  8 35 23.65999985  0.0   1
     3239  -1.6401113  101.1451742    2.66994      531.3       60.5       47.0      1.0      0.6      0.6 2023  9 28  8 35 37.04000092  0.0   1
     3240  -1.6419718  101.1420492    2.78744      183.4     -145.2      164.5      2.0      1.0      0.7 2023  9 28  8 36  6.26000023  0.0   1
     3241  -1.6412284  101.1431071    2.70761      301.4      -63.0       84.7      0.8      0.8      0.6 2023  9 28  8 36  9.26000023  0.0   1
     3242  -1.6430494  101.1458333    2.72687      605.2     -264.4      103.9      1.1      0.6      0.7 2023  9 28  8 36 18.69000053  0.0   1
     3243  -1.6417721  101.1393717    2.88332     -113.7     -123.2      260.4      2.2      1.0      0.7 2023  9 28  8 36 33.70999908  0.0   1
     3244  -1.6419079  101.1430827    2.72465      299.0     -138.2      101.7      0.9      0.9      0.7 2023  9 28  8 36 39.86999893  0.0   1
     3245  -1.6434509  101.1438395    2.52699      382.9     -308.8      -95.9      1.6      0.9      0.9 2023  9 28  8 37 37.74000168  0.0   1
     3246  -1.6416679  101.1430908    2.80323      299.4     -111.6      180.3      1.2      0.7      0.6 2023  9 28  8 37 40.75999832  0.0   1
     3247  -1.6413436  101.1435547    2.85097      351.0      -75.8      228.0      1.4      0.6      0.6 2023  9 28  8 38  9.71000004  0.0   1
     3248  -1.6414906  101.1436605    2.73064      363.2      -92.0      107.7      1.1      0.7      0.5 2023  9 28  8 39  3.31999993  0.0   1
     3249  -1.6423120  101.1435628    2.78520      352.7     -182.9      162.3      1.0      0.9      0.6 2023  9 28  8 39 16.25000000  0.0   1
     3250  -1.6431817  101.1390137    2.74372     -153.9     -279.0      120.8      3.5      1.4      0.8 2023  9 28  8 39 29.69000053  0.0   1
     3251  -1.6418088  101.1428060    2.85419      268.4     -127.2      231.2      1.4      0.9      0.7 2023  9 28  8 40 15.93999958  0.0   1
     3252  -1.6413700  101.1440918    2.75017      411.5      -78.7      127.2      0.9      0.4      0.4 2023  9 28  8 40 38.47999954  0.0   1
     3253  -1.6424792  101.1431966    2.72998      311.2     -201.4      107.0      1.0      0.9      0.7 2023  9 28  8 40 41.38000107  0.0   1
     3254  -1.6422663  101.1447021    2.82765      478.9     -177.8      204.7      1.1      1.0      0.7 2023  9 28  8 41  2.16000009  0.0   1
     3255  -1.6420757  101.1466146    2.62703      692.0     -156.7        4.1      1.3      1.0      0.8 2023  9 28  8 41 20.87999916  0.0   1
     3256  -1.6418738  101.1426270    2.78792      248.5     -134.4      165.0      1.0      0.9      0.7 2023  9 28  8 41 55.04999924  0.0   1
     3257  -1.6413973  101.1478923    2.79049      833.7      -81.7      167.5      1.4      1.1      0.9 2023  9 28  8 42 14.56999969  0.0   1
     3258  -1.6395228  101.1418376    2.82464      160.7      125.5      201.7      2.0      1.2      0.7 2023  9 28  8 42 19.54999924  0.0   1
     3259  -1.6438105  101.1457438    2.59394      594.8     -348.6      -29.0      1.5      1.0      0.8 2023  9 28  8 43 54.72999954  0.0   1
     3260  -1.6423051  101.1432373    2.67937      315.9     -182.1       56.4      1.8      0.9      0.8 2023  9 28  8 44 16.90999985  0.0   1
     3261  -1.6414623  101.1423096    2.90487      212.8      -88.9      281.9      1.2      0.8      0.6 2023  9 28  8 44 28.37999916  0.0   1
     3262  -1.6416016  101.1431478    2.84987      306.3     -104.3      226.9      1.0      0.6      0.4 2023  9 28  8 47 19.86000061  0.0   1
     3263  -1.6412973  101.1435628    2.72151      352.6      -70.7       98.6      1.1      0.8      0.6 2023  9 28  8 47 33.06999969  0.0   1
     3264  -1.6453706  101.1428792    2.57277      276.3     -521.1      -50.2      2.3      0.9      0.8 2023  9 28  8 51 42.25999832  0.0   1
     3265  -1.6420910  101.1392660    2.84523     -125.8     -158.4      222.3      2.5      1.2      0.8 2023  9 28  8 59 46.52999878  0.0   1
     3266  -1.6419174  101.1423910    2.70566      221.9     -139.2       82.7      1.3      0.5      0.5 2023  9 28  9  4 21.27000046  0.0   1
     3267  -1.6417791  101.1409912    2.78767       65.7     -123.9      164.7      2.8      0.7      0.6 2023  9 28  9  5 15.84000015  0.0   1
     3268  -1.6419556  101.1431641    2.78209      307.6     -143.4      159.1      0.6      0.6      0.4 2023  9 28  9 10 20.37000084  0.0   1
     3269  -1.6459705  101.1395020    2.57373      -99.6     -587.4      -49.2      3.9      1.4      0.9 2023  9 28  9 17 17.36000061  0.0   1
     3270  -1.6405272  101.1430745    2.80099      298.0       14.5      178.0      1.7      0.9      0.7 2023 10  5  7 35 44.90999985  0.0   1
     3271  -1.6108452  101.1296305    2.39969    -1197.7     3296.5     -223.3      1.8      1.9      1.2 2023 10  8  0 46  1.73000002  0.0   1
     3272  -1.6125928  101.1274333    2.31348    -1442.8     3103.3     -309.5      1.7      1.8      1.2 2023 10  8  0 46 50.84000015  0.0   1
     3273  -1.6383699  101.1434977    2.93850      344.7      253.0      315.6      1.5      1.0      0.9 2023 10  9 12  0 57.20999908  0.0   1
     3274  -1.6379222  101.1532389    2.61117     1429.3      302.5      -11.8      1.3      1.4      1.0 2023 10  9 13 10 28.75000000  0.0   1
     3275  -1.6430804  101.1478760    2.31054      832.2     -267.8     -312.4      1.7      1.2      1.1 2023 10 10  8 52 47.47999954  0.0   1
     3276  -1.6412435  101.1469889    2.85097      733.7      -64.7      228.0      1.4      1.2      0.8 2023 10 12  2  8 51.72999954  0.0   1
     3277  -1.6426587  101.1413818    2.52093      109.3     -221.2     -102.0      1.2      1.1      1.0 2023 10 12  2 25 53.88999939  0.0   1
     3278  -1.6463036  101.1446208    2.44036      470.4     -624.2     -182.6      2.6      1.9      1.2 2023 10 12  2 26 44.36999893  0.0   1
     3279  -1.6436999  101.1398844    2.76789      -56.6     -336.3      144.9      1.8      1.2      0.9 2023 10 12  7 33 35.72000122  0.0   1
     3280  -1.6395601  101.1412760    2.86115       98.0      121.4      238.2      1.8      1.1      0.5 2023 10 12  7 35 26.72999954  0.0   1
     3281  -1.6385771  101.1451335    2.91810      526.9      230.1      295.2      1.5      1.0      0.6 2023 10 12  7 44 21.15999985  0.0   1
     3282  -1.6423824  101.1410075    2.71070       68.3     -190.7       87.8      2.3      1.1      1.1 2023 10 14  8 24 30.54000092  0.0   1
     3283  -1.6441160  101.1437174    2.64414      369.4     -382.3       21.2      2.0      1.0      0.8 2023 10 14 10 32 46.22999954  0.0   1
     3284  -1.6419813  101.1425293    2.78387      237.3     -146.3      160.9      2.7      1.2      1.0 2023 10 14 16 31 41.02000046  0.0   1
     3285  -1.6425280  101.1396322    2.72199      -85.2     -206.8       99.0      1.9      0.9      0.7 2023 10 17  8 13 56.77000046  0.0   1
     3286  -1.6450026  101.1357096    2.80073     -522.0     -480.4      177.8      3.4      1.8      1.3 2023 10 17  9  1 32.40999985  0.0   1
     3288  -1.6430520  101.1507406    3.01630     1150.8     -264.7      393.4      1.7      1.9      1.5 2023 10 18 14 21 34.95000076  0.0   1
