     2719  -1.6442951  101.1421387    3.36410      193.6     -402.2      741.2     16.2     10.6      9.9 2023  1  3  3 43 21.02000046  0.0   1
     2720  -1.6399846  101.1476481    3.50316      807.1       74.5      880.2     15.2     10.4      9.1 2023  1  3  3 52  5.73000002  0.0   1
     2721  -1.6337696  101.1419596    2.88067      173.9      761.7      257.7     29.2     16.5     11.6 2023  1  3  3 52 21.03000069  0.0   1
     2722  -1.6414421  101.1361084    2.88278     -477.5      -86.7      259.8     14.3     10.6      8.6 2023  1  3  3 52 34.75000000  0.0   1
     2723  -1.6378356  101.1481201    2.80448      859.6      312.1      181.5     14.1     17.1     11.0 2023  1  3  4  2 20.45000076  0.0   1
     2724  -1.6369483  101.1460205    2.75694      625.3      410.2      134.0     10.6      8.9      6.4 2023  1  4 20 11 39.40000153  0.0   1
     2725  -1.6414953  101.1410319    2.87973       70.5      -92.6      256.8     17.7      8.4      9.2 2023  1  4 20 16 15.53999996  0.0   1
     2726  -1.6443836  101.1364014    2.74901     -444.9     -411.9      126.1     26.7     14.4     13.0 2023  1  4 20 17  9.68000031  0.0   1
     2727  -1.6501288  101.1243815    2.06584    -1782.3    -1047.2     -557.1     41.4     32.9     47.2 2023  1  4 20 18 22.71999931  0.0   1
     2729  -1.6610509  101.1354736    2.95049     -548.0    -2254.9      327.5     29.4     13.9     16.3 2023  1 11 13 28 50.43999863  0.0   1
     2734  -1.6430449  101.1396077    3.14247      -87.5     -263.9      519.5     17.4     12.6     14.2 2023  1 20 18 30  0.36000001  0.0   1
     2735  -1.6424834  101.1293457    3.13572    -1229.4     -201.8      512.8     17.4     13.3      9.0 2023  1 20 19 10 25.45999908  0.0   1
     2736  -1.6377844  101.1449788    2.62105      510.0      317.8       -1.9     13.4      9.9      6.7 2023  1 20 19 10 36.45999908  0.0   1
     2737  -1.6385513  101.1442220    2.49725      425.4      233.0     -125.7      9.6      8.0      6.1 2023  1 20 19 11 19.44000053  0.0   1
     2738  -1.6377932  101.1398682    3.18759      -59.1      316.8      564.6     16.5     13.4     10.5 2023  1 20 19 11 38.47999954  0.0   1
     2739  -1.6365163  101.1431396    2.63162      305.5      458.0        8.7     17.4     13.6      8.6 2023  1 20 19 11 46.86000061  0.0   1
     2740  -1.6375191  101.1390544    2.57382     -149.4      347.1      -49.1     22.4     10.9      8.9 2023  1 20 19 12  2.07999992  0.0   1
     2741  -1.6365686  101.1422201    3.06337      203.2      452.2      440.4     14.4     11.2      7.3 2023  1 20 19 12 14.30000019  0.0   1
     2742  -1.6420601  101.1441976    2.77897      422.5     -155.0      156.0     31.2     14.2     12.9 2023  1 20 19 12 27.89999962  0.0   1
     2743  -1.6360709  101.1445312    2.93249      460.2      507.2      309.5     11.7     12.6      8.2 2023  1 20 19 12 41.43999863  0.0   1
     2744  -1.6351014  101.1441081    3.45457      412.7      614.4      831.6     18.4     14.1      9.0 2023  1 20 19 12 45.20000076  0.0   1
     2745  -1.6381677  101.1423665    3.40109      219.5      275.4      778.1     17.0      9.8      9.8 2023  1 20 19 12 58.77999878  0.0   1
     2746  -1.6425087  101.1435384    3.45991      349.3     -204.6      837.0     23.8     12.2     14.1 2023  1 20 19 13  8.81999969  0.0   1
     2747  -1.6421010  101.1412435    2.93042       94.0     -159.5      307.5     24.7     15.1     11.1 2023  1 20 19 13 21.52000046  0.0   1
     2748  -1.6397900  101.1314209    2.76318     -999.3       96.0      140.2     11.8     10.6      6.7 2023  1 20 19 13 50.47999954  0.0   1
     2749  -1.6425954  101.1270426    2.43082    -1486.3     -214.2     -192.1     20.6     17.4     16.0 2023  1 20 19 13 59.40000153  0.0   1
     2750  -1.6440225  101.1408936    1.86131       55.6     -372.0     -761.6     53.1     13.9     17.2 2023  1 20 19 14 14.26000023  0.0   1
     2751  -1.6382407  101.1448568    3.32118      496.1      267.3      698.2     20.3     16.1      9.5 2023  1 20 19 14 47.25999832  0.0   1
     2752  -1.6476874  101.1475830    3.28108      799.8     -777.2      658.1     20.8     13.4     13.6 2023  1 20 19 14 50.77999878  0.0   1
     2753  -1.6359814  101.1408447    3.33877       49.8      517.1      715.8     24.1      9.3      8.6 2023  1 20 19 15  4.05999994  0.0   1
     2754  -1.6376475  101.1435710    2.84859      353.4      332.9      225.6     15.4      8.9      7.0 2023  1 20 19 15 37.75999832  0.0   1
     2755  -1.6353242  101.1444336    2.63319      449.6      589.8       10.2     11.1     10.1      8.7 2023  1 20 19 15 47.91999817  0.0   1
     2756  -1.6366358  101.1458577    2.85295      607.8      444.8      230.0     14.4      7.4      7.0 2023  1 20 19 16  4.34000015  0.0   1
     2757  -1.6427277  101.1388021    3.02722     -177.7     -228.8      404.3     22.7      8.0      9.2 2023  1 20 19 16 23.39999962  0.0   1
     2758  -1.6379107  101.1473226    3.00468      770.3      303.8      381.7     14.4     10.3      8.6 2023  1 20 19 16 33.02000046  0.0   1
     2759  -1.6378565  101.1440104    2.93919      401.8      309.8      316.2     11.1      9.9      7.1 2023  1 20 19 16 54.11999893  0.0   1
     2760  -1.6357802  101.1505534    2.98746     1130.6      539.4      364.5     11.3     14.3     10.7 2023  1 20 19 17 18.65999985  0.0   1
     2761  -1.6359811  101.1451579    3.04342      529.6      517.2      420.5     12.0      8.4      7.9 2023  1 20 19 17 23.44000053  0.0   1
     2762  -1.6379548  101.1444336    2.74456      448.8      298.9      121.6     15.6      6.8      9.1 2023  1 20 19 17 53.41999817  0.0   1
     2763  -1.6384061  101.1195719    1.56591    -2316.9      249.0    -1057.0     18.2     25.6     24.8 2023  1 20 19 17 59.56000137  0.0   1
     2764  -1.6338301  101.1542399    3.02458     1539.9      755.0      401.6     15.8     20.7     13.7 2023  1 20 19 18 19.47999954  0.0   1
     2765  -1.6461795  101.1531250    4.02831     1415.9     -610.5     1405.4     25.4     18.4     14.4 2023  1 20 19 18 31.20000076  0.0   1
     2766  -1.6405060  101.1377441    2.92412     -295.3       16.8      301.2     20.5      9.0      9.6 2023  1 20 19 18 39.00000000  0.0   1
     2767  -1.6397776  101.1425863    3.12402      243.6       97.4      501.1     20.8     13.2      9.3 2023  1 20 19 20 12.10000038  0.0   1
     2768  -1.6404029  101.1390381    3.05230     -151.4       28.2      429.4     14.9      9.5      9.0 2023  1 20 19 20 39.81999969  0.0   1
     2769  -1.6423618  101.1422852    3.20556      210.4     -188.4      582.6     15.9     11.4      9.9 2023  1 20 19 21  7.40000010  0.0   1
     2770  -1.6400857  101.1421061    3.00603      190.2       63.3      383.1     23.8     10.4      9.2 2023  1 20 19 21 18.81999969  0.0   1
     2771  -1.6399562  101.1463949    2.84511      667.5       77.6      222.2     13.6     10.7      8.9 2023  1 20 19 21 59.91999817  0.0   1
     2772  -1.6431906  101.1479329    4.07845      838.9     -280.0     1455.5     17.4     12.1     14.5 2023  1 20 19 22 12.19999981  0.0   1
     2773  -1.6403819  101.1588135    2.33408     2049.2       30.6     -288.9     15.7     15.3     12.8 2023  1 20 19 22 39.93999863  0.0   1
     2774  -1.6413419  101.1382894    3.36869     -234.8      -75.6      745.7     15.3      8.5     10.2 2023  1 20 19 22 45.40000153  0.0   1
     2775  -1.6442692  101.1324056    2.83502     -889.1     -399.3      212.1     13.7      9.7      6.7 2023  1 20 19 23  1.05999994  0.0   1
     2776  -1.6465773  101.1493896    2.36399     1000.3     -654.5     -259.0     11.9     10.5     11.0 2023  1 20 19 23  6.86000013  0.0   1
     2777  -1.6401855  101.1392822    2.68587     -124.0       52.3       62.9     15.1     12.9      9.4 2023  1 20 19 24 26.95999908  0.0   1
     2778  -1.6458243  101.1291260    2.63412    -1254.2     -571.2       11.2     39.0     24.3     30.0 2023  1 20 19 24 30.94000053  0.0   1
     2779  -1.6483344  101.1516520    2.67392     1252.6     -848.8       51.0     15.4     13.4      9.9 2023  1 20 19 24 45.20000076  0.0   1
     2780  -1.6472108  101.1435140    2.08313      346.6     -724.5     -539.8     17.8      8.9      8.6 2023  1 20 19 24 52.18000031  0.0   1
     2782  -1.6378431  101.1479248    2.63718      837.8      311.3       14.2     12.0      8.9      6.1 2023  1 20 19 25 16.07999992  0.0   1
     2783  -1.6508745  101.1254476    1.86961    -1663.9    -1129.7     -753.3     25.5     16.4     24.6 2023  1 20 19 26 19.50000000  0.0   1
     2784  -1.6334142  101.1541992    2.78103     1535.5      801.0      158.1     16.4     23.8     12.9 2023  1 20 19 26 40.24000168  0.0   1
     2785  -1.6457390  101.1490234    3.77951      960.2     -561.8     1156.6     28.3     28.1     23.1 2023  1 20 19 26 53.72000122  0.0   1
     2786  -1.6435504  101.1414876    2.66070      121.2     -319.8       37.8     19.8      7.7     10.1 2023  1 20 19 28  3.14000010  0.0   1
     2787  -1.6412502  101.1413981    2.64723      111.3      -65.5       24.3     18.5      6.0      7.8 2023  1 20 19 28 27.34000015  0.0   1
     2788  -1.6403506  101.1441325    3.00962      415.7       34.0      386.7     14.4     13.9     10.4 2023  1 20 19 28 29.31999969  0.0   1
     2789  -1.6431321  101.1337240    2.42529     -742.9     -273.6     -197.7     33.9     20.8     29.9 2023  1 20 19 28 39.91999817  0.0   1
     2790  -1.6479323  101.1388916    3.17474     -167.8     -804.3      551.8     18.2      7.8     10.0 2023  1 20 19 29 12.73999977  0.0   1
     2791  -1.6431553  101.1412516    2.95069       95.2     -276.1      327.7     14.4      7.7      8.8 2023  1 20 19 29 38.18000031  0.0   1
     2792  -1.6426783  101.1478516    2.73633      829.4     -223.4      113.4     11.5      9.2      6.8 2023  1 20 19 30 28.65999985  0.0   1
     2793  -1.6412031  101.1426432    2.77911      249.7      -60.2      156.2     15.0     10.9      8.6 2023  1 20 19 30 43.77999878  0.0   1
     2794  -1.6483593  101.1291585    2.34818    -1250.4     -851.5     -274.8     19.3     12.3     15.3 2023  1 20 19 30 58.61999893  0.0   1
     2795  -1.6322058  101.1551514    2.17327     1641.6      934.6     -449.7     17.7     30.1     17.4 2023  1 20 19 31  4.38000011  0.0   1
     2796  -1.6445993  101.1334066    2.20636     -778.3     -435.8     -416.6     22.1     13.7      7.9 2023  1 20 19 31  9.84000015  0.0   1
     2797  -1.6435485  101.1434163    3.09120      336.3     -319.6      468.3     10.5      9.8     10.1 2023  1 20 19 31 49.70000076  0.0   1
     2798  -1.6412881  101.1493734    3.14730      999.2      -69.7      524.4     10.7      8.7      6.7 2023  1 20 19 32  3.83999991  0.0   1
     2799  -1.6428992  101.1465739    2.64555      687.5     -247.8       22.6     15.8     13.5      8.8 2023  1 20 19 32  9.02000046  0.0   1
     2800  -1.6395246  101.1401611    2.89978      -26.4      125.3      276.8     10.5      7.9      7.5 2023  1 20 19 32 20.89999962  0.0   1
     2801  -1.6417046  101.1385986    2.79654     -199.7     -115.7      173.6     19.0      8.4      6.8 2023  1 20 19 32 52.88000107  0.0   1
     2802  -1.6411987  101.1423258    2.72416      214.2      -59.8      101.2     16.4      6.4      8.3 2023  1 20 19 32 59.25999832  0.0   1
     2803  -1.6418814  101.1411621    2.92598       85.4     -135.3      303.0     14.3      8.9      6.7 2023  1 20 19 33  9.80000019  0.0   1
     2804  -1.6464115  101.1330892    2.70706     -813.2     -636.2       84.1     24.8     11.8      7.6 2023  1 20 19 33 34.56000137  0.0   1
     2805  -1.6394176  101.1527018    2.89047     1369.5      137.2      267.5     15.0     11.9     10.3 2023  1 20 19 33 48.00000000  0.0   1
     2806  -1.6449361  101.1478271    3.05356      826.4     -473.0      430.6     11.3      9.3      8.2 2023  1 20 19 33 53.97999954  0.0   1
     2807  -1.6417325  101.1440186    2.72371      403.0     -118.8      100.8     19.6     16.6     11.0 2023  1 20 19 34 15.69999981  0.0   1
     2808  -1.6430687  101.1279460    1.70976    -1385.5     -266.5     -913.2     11.3      9.8     11.8 2023  1 20 19 34 33.22000122  0.0   1
     2809  -1.6475226  101.1306396    2.48955    -1085.8     -759.0     -133.4     31.3     19.3     21.7 2023  1 20 19 34 48.20000076  0.0   1
     2810  -1.6415944  101.1410563    2.41339       73.4     -103.5     -209.6     13.3     12.3     10.0 2023  1 20 19 34 58.11999893  0.0   1
     2811  -1.6410453  101.1416016    3.41749      134.4      -42.8      794.5     30.6     18.5     12.2 2023  1 20 19 35 21.10000038  0.0   1
     2812  -1.6436021  101.1377197    2.81311     -297.9     -325.5      190.2     24.3     14.2     15.7 2023  1 20 19 35 48.25999832  0.0   1
     2813  -1.6371583  101.1448568    2.84673      495.8      387.0      223.8     14.9     11.6      7.7 2023  1 20 19 36 32.65999985  0.0   1
     2814  -1.6407518  101.1431559    3.11580      307.2      -10.3      492.9     16.8      8.4      9.2 2023  1 20 19 36 50.90000153  0.0   1
     2815  -1.6376878  101.1418132    2.91879      157.8      328.5      295.8     15.5      7.7      8.3 2023  1 20 19 43 50.43999863  0.0   1
     2816  -1.6379791  101.1427002    3.31075      256.5      296.2      687.8     15.5      9.1      8.8 2023  1 20 19 43 54.97999954  0.0   1
     2817  -1.6377061  101.1445068    3.00377      457.7      326.4      380.8     11.2     11.0      7.9 2023  1 20 19 49 56.54000092  0.0   1
     2818  -1.6392003  101.1385579    3.28515     -204.6      161.2      662.2     67.9     23.5     14.4 2023  1 20 19 53 30.76000023  0.0   1
     2819  -1.6396469  101.1397054    2.84326      -77.4      111.8      220.3     20.9     12.1      9.6 2023  1 20 19 57 15.27999973  0.0   1
     2820  -1.6394614  101.1450684    2.67115      519.9      132.3       48.2     13.7      8.9      7.8 2023  1 20 19 57 23.65999985  0.0   1
     2821  -1.6349083  101.1464518    2.98816      673.4      635.8      365.2     14.2     11.5      8.0 2023  1 20 20 23  4.65999985  0.0   1
     2822  -1.6378367  101.1423258    3.06757      215.0      312.0      444.6     21.4     10.7      9.1 2023  1 21  1 56 37.25000000  0.0   1
     2823  -1.6456828  101.1466634    2.82293      697.3     -555.6      200.0     12.1      9.8      7.2 2023  1 30 17 30  4.76000023  0.0   1
     2824  -1.6464368  101.1377523    2.82785     -294.5     -639.0      204.9     15.6     11.6     12.2 2023  1 30 17 30 40.74000168  0.0   1
     2825  -1.6472149  101.1241048    2.06104    -1813.1     -725.0     -561.9     23.0     20.1     24.0 2023  2 18 22 35 10.69999981  0.0   1
     2826  -1.6459988  101.1404134    3.09085        2.0     -590.5      467.9     34.5      9.6     13.7 2023  2 18 22 38 25.92000008  0.0   1
     2827  -1.6457253  101.1384766    2.81250     -213.6     -560.3      189.6     25.8     11.3     11.7 2023  2 18 22 38 33.40000153  0.0   1
     2828  -1.6480053  101.1300293    2.28479    -1153.5     -812.4     -338.2     28.3     16.7     16.2 2023  2 18 22 39  5.48000002  0.0   1
     2829  -1.6441242  101.1319987    2.36518     -934.3     -383.3     -257.8     16.3     11.1     11.1 2023  2 26 15 14 57.77000046  0.0   1
     2830  -1.6505581  101.1320801    2.12183     -925.9    -1094.7     -501.1     15.0      7.7     10.1 2023  2 27 22 34 11.93999958  0.0   1
     2831  -1.6433010  101.1429036    2.88853      279.3     -292.2      265.6     16.3     10.7      8.4 2023  2 27 22 34 17.97999954  0.0   1
     2832  -1.6519826  101.1325765    2.24783     -869.8    -1252.2     -375.1     22.1     11.4     12.8 2023  2 27 22 34 39.31999969  0.0   1
     2833  -1.6470549  101.1341227    2.64024     -698.3     -707.3       17.3     11.8      9.3      7.1 2023  2 27 22 34 42.22000122  0.0   1
     2834  -1.6396610  101.1412435    2.51395       94.2      110.3     -109.0     11.2      9.0      7.5 2023  3  8  4 53 44.11000061  0.0   1
     2835  -1.6441344  101.1390137    2.92367     -153.5     -384.4      300.7     25.7     10.8     10.8 2023  3 12 23 29 24.12000084  0.0   1
     2836  -1.6421867  101.1365804    3.08324     -424.4     -169.0      460.3     18.4      9.2     10.1 2023  3 19 14 58 26.79999924  0.0   1
     2837  -1.6444314  101.1441162    3.16192      413.4     -417.2      539.0     20.1     13.4     11.0 2023  3 19 14 58 27.35000038  0.0   1
     2838  -1.6432851  101.1453857    2.97898      554.7     -290.5      356.0     11.9     12.6     10.6 2023  3 19 14 58 41.38999939  0.0   1
     2839  -1.6419965  101.1414469    3.14151      116.9     -148.0      518.6     32.6     15.1     14.3 2023  3 19 14 59  5.11999989  0.0   1
     2840  -1.6419074  101.1329590    3.01437     -827.8     -138.1      391.4     12.9     10.0      6.8 2023  3 19 15  0 56.34000015  0.0   1
     2841  -1.6414707  101.1459147    3.02695      613.9      -89.8      404.0     11.6     10.6      8.6 2023  3 19 15  7 48.63000107  0.0   1
     2842  -1.6380300  101.1475505    2.93334      796.3      290.6      310.4      8.7      9.0      9.3 2023  3 19 15  8  6.13999987  0.0   1
     2843  -1.6416629  101.1459554    2.70834      618.8     -111.1       85.4     15.0      8.0      9.6 2023  3 19 15  8 45.77000046  0.0   1
     2844  -1.6416231  101.1489502    2.55714      951.9     -106.7      -65.8     15.6     13.9     12.8 2023  3 19 15 10  1.89999998  0.0   1
     2845  -1.6398390  101.1440104    3.29110      402.3       90.6      668.2     17.6      9.0      9.4 2023  3 19 15 10 17.05999947  0.0   1
     2846  -1.6475145  101.1405436    3.19737       16.5     -758.1      574.4     20.7      8.5     10.3 2023  3 19 15 10 42.45999908  0.0   1
     2847  -1.6442674  101.1506999    3.55405     1146.8     -399.1      931.1     21.0     24.4     13.1 2023  3 19 15 12  7.92000008  0.0   1
     2848  -1.6444401  101.1384033    3.21559     -221.8     -418.2      592.6     39.9     21.5     16.2 2023  3 19 15 12 41.66999817  0.0   1
     2849  -1.6440356  101.1439616    3.06259      396.8     -373.4      439.6     18.0      8.5      8.4 2023  3 19 15 13  3.02999997  0.0   1
     2850  -1.6472294  101.1409261    3.21738       58.4     -726.6      594.4     17.7      9.6     10.4 2023  3 19 15 13 29.22999954  0.0   1
     2851  -1.6478223  101.1336507    3.22130     -750.7     -792.2      598.4     28.2     22.4     19.3 2023  3 19 15 14 14.53999996  0.0   1
     2852  -1.6447238  101.1288574    2.40391    -1284.0     -449.5     -219.0     12.4     11.2      7.6 2023  3 19 15 14 23.75000000  0.0   1
     2853  -1.6444503  101.1403158    2.59692       -8.6     -419.3      -26.0     18.4      7.6      5.9 2023  3 19 15 17  0.95999998  0.0   1
     2854  -1.6445539  101.1410807    2.74579       76.2     -430.8      122.8     10.9      6.9      9.2 2023  3 19 15 17 15.43000031  0.0   1
     2855  -1.6435811  101.1414469    2.64903      116.5     -323.2       26.1     43.0     10.1     13.4 2023  3 19 15 17 23.26000023  0.0   1
     2856  -1.6457724  101.1356038    2.95577     -533.4     -565.5      332.8     24.9      9.6      7.4 2023  3 19 15 17 27.55999947  0.0   1
     2857  -1.6433927  101.1371257    2.60600     -364.1     -302.4      -16.9     21.7      9.7      9.7 2023  3 19 15 17 37.34000015  0.0   1
     2858  -1.6444946  101.1439128    2.68077      391.6     -424.2       57.8      9.4     14.4     11.2 2023  3 30 10 37 55.43000031  0.0   1
     2859  -1.6429618  101.1463704    2.77402      664.8     -254.7      151.1      9.6      7.4      6.9 2023  3 30 10 38 31.47999954  0.0   1
     2860  -1.6452896  101.1350179    2.97553     -598.6     -512.1      352.6     27.3     11.9     11.6 2023  3 30 10 38 50.88000107  0.0   1
     2861  -1.6450172  101.1427979    3.19153      267.5     -482.0      568.6     16.0      7.5      8.7 2023  3 30 10 38 55.63999939  0.0   1
     2862  -1.6434363  101.1427409    2.45433      261.2     -307.2     -168.6     13.0      9.9      8.3 2023  3 30 10 39 42.11999893  0.0   1
     2863  -1.6436206  101.1383464    3.39531     -227.9     -327.6      772.4     22.6      8.1      6.9 2023  3 30 10 39 48.84999847  0.0   1
     2864  -1.6423248  101.1430176    2.70999      291.2     -184.3       87.0     14.6      9.6      9.3 2023  3 30 10 40  7.73999977  0.0   1
     2865  -1.6423716  101.1401204    2.73638      -30.8     -189.5      113.4     27.9     12.0     10.5 2023  3 30 10 40 14.48999977  0.0   1
     2866  -1.6408779  101.1370280    2.64521     -375.3      -24.3       22.3     11.2     11.7      8.3 2023  3 30 10 40 28.92000008  0.0   1
     2867  -1.6455560  101.1392660    2.90279     -126.3     -541.6      279.8     19.2     13.2     11.2 2023  3 30 10 40 36.38999939  0.0   1
     2868  -1.6441219  101.1478923    2.47612      833.9     -383.0     -146.8     13.9      9.9     10.3 2023  3 30 10 40 42.43999863  0.0   1
     2869  -1.6548141  101.1324463    2.86115     -884.6    -1565.3      238.2     23.6     12.9     21.6 2023  3 30 10 41  9.31999969  0.0   1
     2870  -1.6409529  101.1416585    2.95950      140.1      -32.6      336.6     20.1      8.2      8.1 2023  3 30 10 41 20.13999939  0.0   1
     2871  -1.6478755  101.1355469    3.07631     -539.8     -798.0      453.4     19.6     10.2      8.1 2023  3 30 10 41 29.93000031  0.0   1
     2872  -1.6455640  101.1322998    2.28720     -901.4     -542.5     -335.7     10.0      8.5      7.4 2023  3 30 10 42  3.19000006  0.0   1
     2873  -1.6433983  101.1420492    2.69827      183.5     -303.0       75.3     14.6      8.0      5.8 2023  3 30 10 42 11.61999989  0.0   1
     2874  -1.6397998  101.1390137    3.03670     -154.2       94.9      413.8     21.7     26.3     14.5 2023  3 30 10 45 34.45999908  0.0   1
     2875  -1.6438994  101.1319743    2.97313     -937.6     -358.4      350.2     11.1      7.7      6.5 2023  3 30 10 49 11.32999992  0.0   1
     2877  -1.6432025  101.1423991    2.69414      222.3     -281.3       71.2     13.3      7.1      8.8 2023  4  4 21 16 12.35999966  0.0   1
     2878  -1.6436183  101.1395833    3.13736      -90.8     -327.3      514.4     17.0     10.2      9.3 2023  4  4 21 17 38.91999817  0.0   1
     2879  -1.6465062  101.1388835    2.37841     -168.5     -646.6     -244.5     31.5     15.4     17.1 2023  4  4 21 19 37.68000031  0.0   1
     2880  -1.6452249  101.1467448    2.73819      706.1     -505.0      115.3     21.0     16.6     12.4 2023  4  4 21 20  7.90000010  0.0   1
     2881  -1.6429990  101.1383789    2.56578     -224.2     -258.8      -57.2     20.0      9.8      9.4 2023  4  4 21 21 24.20000076  0.0   1
     2882  -1.6453463  101.1503499    2.41179     1107.7     -518.4     -211.2     12.3     11.8      9.1 2023  4  4 21 21 37.93999863  0.0   1
     2883  -1.6484749  101.1305257    2.41685    -1098.5     -864.3     -206.1     34.6     20.8     31.6 2023  4  4 21 21 52.75999832  0.0   1
     2884  -1.6493369  101.1358724    2.58209     -503.2     -959.6      -40.9     54.6     15.1     11.5 2023  4  4 21 21 54.95999908  0.0   1
     2885  -1.6436480  101.1398763    3.28603      -58.1     -330.6      663.1     16.7      7.8      8.8 2023  4  4 21 22  3.64000010  0.0   1
     2886  -1.6461810  101.1395508    2.74411      -94.5     -610.7      121.2     16.6     12.3      9.7 2023  4  7  6 28 12.28999996  0.0   1
     2889  -1.6007320  101.1212565    1.90613    -2129.9     4414.8     -716.8     58.2     48.6     42.2 2023  4 14  5 51 20.79999924  0.0   1
     2890  -1.6052773  101.1201090    2.13187    -2257.9     3912.2     -491.1     55.3     56.9     38.8 2023  4 14  5 51 25.79999924  0.0   1
     2893  -1.6395518  101.1426676    2.89715      252.8      122.3      274.2     17.7      8.8      9.7 2023  5 15 17 26 39.81999969  0.0   1
     2894  -1.6395068  101.1484456    2.89783      895.6      127.3      274.9     11.2      7.7      7.0 2023  5 15 17 32 30.39999962  0.0   1
     2895  -1.6480493  101.1396973    2.77025      -78.3     -817.3      147.3     15.6     14.8     12.5 2023  5 19 22 49 48.45999908  0.0   1
     2896  -1.6429612  101.1457113    3.05525      591.6     -254.7      432.3     51.7     17.1     18.0 2023  5 19 22 54 49.02000046  0.0   1
     2897  -1.6410338  101.1403646    2.93133       -3.3      -41.5      308.4     16.5     10.2      8.2 2023  5 19 22 54 53.54000092  0.0   1
     2901  -1.6439582  101.1325439    2.84454     -873.5     -364.9      221.6     24.9     15.4     11.7 2023  5 27 15 42  8.60000038  0.0   1
     2903  -1.6329085  101.1270182    2.02296    -1488.9      856.9     -600.0     24.1     25.9     19.9 2023  5 28 18 49 16.21999931  0.0   1
     2905  -1.6485886  101.1228841    2.49495    -1949.1     -876.9     -128.0     22.9     20.5     19.6 2023  6  6  1 40 44.04000092  0.0   1
     2906  -1.6418891  101.1308024    2.15311    -1067.7     -136.1     -469.8      9.9      7.7      7.5 2023  6  6  1 42 24.76000023  0.0   1
     2907  -1.6449477  101.1320312    2.79290     -931.2     -474.3      170.0     13.3      8.2      6.9 2023  6  6  1 48 22.26000023  0.0   1
     2908  -1.6418883  101.1431966    2.88874      311.4     -136.0      265.8     18.1     10.0      8.1 2023  6  6  1 48 43.06999969  0.0   1
     2909  -1.6452143  101.1462972    2.99455      656.7     -503.8      371.6     15.1      7.5      8.4 2023  6  6  1 51 12.57999992  0.0   1
     2910  -1.6463525  101.1440023    3.28735      401.5     -629.6      664.4     27.6      8.0      9.6 2023  6  6  1 51 15.86999989  0.0   1
     2911  -1.6454174  101.1379395    3.04477     -273.9     -526.2      421.8     21.4     14.9     13.5 2023  6  6  1 51 30.25000000  0.0   1
     2912  -1.6462660  101.1431478    3.37502      305.6     -620.1      752.1     21.6      9.7     10.2 2023  6  6  1 52 19.11000061  0.0   1
     2913  -1.6445080  101.1387695    3.16157     -181.2     -425.7      538.6     10.6     10.9      9.4 2023  6  6  1 52 40.33000183  0.0   1
     2914  -1.6437283  101.1419840    3.47970      176.6     -339.5      856.8     22.1     18.7     14.6 2023  6  6  1 52 50.29999924  0.0   1
     2915  -1.6475394  101.1325033    3.04314     -878.8     -760.9      420.2     12.2      8.2      8.1 2023  6  6  1 53 28.01000023  0.0   1
     2916  -1.6500745  101.1418294    2.98413      159.1    -1041.2      361.2     35.4     12.4     14.6 2023  6  6  1 54  5.28999996  0.0   1
     2917  -1.6467985  101.1422282    2.84493      203.5     -679.0      222.0     15.3      9.2      9.8 2023  6  6  1 54 28.88999939  0.0   1
     2918  -1.6435782  101.1268880    3.11404    -1503.6     -322.9      491.1     19.6     14.8     14.4 2023  6  6  1 54 37.52999878  0.0   1
     2919  -1.6454113  101.1543783    3.14225     1556.0     -525.6      519.3     17.8     12.4      9.8 2023  6  6  1 54 44.18999863  0.0   1
     2921  -1.6466064  101.1229004    1.50602    -1947.1     -657.7    -1116.9     19.2     18.2     22.0 2023  6  6  1 55 12.25000000  0.0   1
     2922  -1.6431978  101.1350749    3.14100     -592.5     -280.8      518.1     22.5     11.9     12.0 2023  6  6  1 55 25.79999924  0.0   1
     2923  -1.6461320  101.1383545    2.75886     -227.5     -605.3      135.9     15.2      7.2      7.2 2023  6  6  1 55 44.54999924  0.0   1
     2924  -1.6438318  101.1366292    3.19822     -419.6     -350.9      575.3     12.7      9.0      8.9 2023  6  6  1 55 52.50999832  0.0   1
     2925  -1.6402279  101.1392090    3.09219     -132.2       47.6      469.2     35.3     16.9     11.7 2023  6  6  1 56  1.14999998  0.0   1
     2926  -1.6462538  101.1464844    3.65874      677.4     -618.7     1035.8     15.8     17.5     12.1 2023  6  6  1 56  8.31999969  0.0   1
     2927  -1.6506028  101.1217041    0.68932    -2079.8    -1099.6    -1933.6     23.9     22.2     42.1 2023  6  6  1 56 16.76000023  0.0   1
     2928  -1.6434326  101.1410970    2.98962       77.7     -306.8      366.7     25.1      9.7      9.1 2023  6  6  1 56 29.04999924  0.0   1
     2929  -1.6487848  101.1223958    1.84326    -2003.3     -898.6     -779.7     19.8     19.0     23.4 2023  6  6  1 56 36.79000092  0.0   1
     2930  -1.6407070  101.1423910    3.02329      221.7       -5.4      400.3     18.1      7.8      8.6 2023  6  6  1 57 14.22000027  0.0   1
     2931  -1.6417446  101.1374023    2.83721     -332.9     -120.1      214.3     23.0      9.6      6.9 2023  6  6  1 57 25.55999947  0.0   1
     2932  -1.6385287  101.1450277    2.62473      514.9      235.5        1.8     21.2     15.5      8.8 2023  6  6  1 57 28.88999939  0.0   1
     2933  -1.6404395  101.1384684    2.56289     -214.5       24.2      -60.1     16.0      9.4      8.9 2023  6  6  1 57 37.61999893  0.0   1
     2934  -1.6439489  101.1394043    3.57352     -110.2     -363.9      950.6     33.5     14.0     11.7 2023  6  6  1 57 45.38000107  0.0   1
     2935  -1.6373571  101.1358643    2.98274     -504.0      365.0      360.8     39.0     28.7     17.6 2023  6  6  1 58  3.48000002  0.0   1
     2936  -1.6446735  101.1339518    3.14847     -717.5     -444.0      525.5     31.5     15.7      9.4 2023  6  6  1 58 51.29000092  0.0   1
     2937  -1.6518819  101.1458171    2.35573      603.5    -1241.1     -267.2     23.0     15.3     19.4 2023  6  6  1 59  4.92000008  0.0   1
     2938  -1.6472761  101.1223877    2.06618    -2004.4     -731.8     -556.8     46.2     47.3     53.4 2023  6  6  2  0 18.29000092  0.0   1
     2939  -1.6402298  101.1430094    2.90815      290.3       47.4      285.2     31.5     13.1     16.9 2023  6  6  2  0 50.33000183  0.0   1
     2940  -1.6436089  101.1401855    2.96112      -23.5     -326.3      338.2     20.6      8.9      8.0 2023  6  6  2  1 17.14999962  0.0   1
     2941  -1.6446225  101.1410482    2.96692       72.7     -438.3      344.0     33.8      8.8     10.7 2023  6  6  2  1 29.55999947  0.0   1
     2942  -1.6416555  101.1430745    2.84823      298.0     -110.3      225.3     20.4      8.9      8.4 2023  6  6  2  1 36.97999954  0.0   1
     2943  -1.6391739  101.1486247    2.13706      915.3      164.1     -485.9     17.9     17.2     12.8 2023  6  6  2  1 54.45999908  0.0   1
     2944  -1.6402929  101.1376546    2.94219     -305.5       40.4      319.2     36.0     12.7     10.9 2023  6  6  2  2 19.39999962  0.0   1
     2945  -1.6467770  101.1362467    2.46458     -461.5     -676.6     -158.4     25.8     24.7     20.1 2023  6  6  2  3 32.54000092  0.0   1
     2946  -1.6477172  101.1437744    2.94067      376.2     -780.5      317.7     16.2     11.1      8.2 2023  6  6  2  5 16.29999924  0.0   1
     2947  -1.6325830  101.1433105    2.61712      324.3      892.9       -5.8     32.2     25.8     12.9 2023  6  6  2 11 56.61000061  0.0   1
     2948  -1.6409960  101.1399089    3.04936      -54.4      -37.4      426.4     25.5     10.3      9.7 2023  6  6  2 57 14.14999962  0.0   1
     2949  -1.6411133  101.1431722    2.97501      308.4      -50.3      352.1     11.4      9.2      7.4 2023  6  6  2 57 29.37000084  0.0   1
     2950  -1.6403531  101.1506104    2.85828     1136.5       33.7      235.3     15.3      9.5      9.8 2023  6  6  2 57 54.09999847  0.0   1
     2951  -1.6352315  101.1468750    1.86690      720.7      600.0     -756.0     20.6     24.5     11.6 2023  6  6  2 58  2.06999993  0.0   1
     2952  -1.6404083  101.1523682    1.92779     1332.2       27.6     -695.1     15.3     12.2     14.3 2023  6  6  2 58 17.95000076  0.0   1
     2953  -1.6461554  101.1452067    2.54306      535.0     -607.8      -79.9     26.2     13.5     12.7 2023  6  6  2 58 41.36999893  0.0   1
     2954  -1.6439636  101.1470296    2.68427      737.9     -365.5       61.3     15.7      7.4      7.3 2023  6  6  2 59 47.00999832  0.0   1
     2955  -1.6427406  101.1374186    3.18371     -331.4     -230.3      560.8     38.4     25.2     28.0 2023  6  6 22 40 15.80000019  0.0   1
     2962  -1.6424545  101.1393229    2.49554     -119.4     -198.6     -127.4     23.7      7.3      7.2 2023  7  4 19 19 48.45999908  0.0   1
     2967  -1.6425662  101.1100098    2.64368    -3381.7     -211.0       20.7     36.5     29.9     35.2 2023  7 14 23 38 10.26000023  0.0   1
     2968  -1.6420099  101.1380615    2.75314     -260.1     -149.5      130.2     34.1     10.2     14.4 2023  7 15  2  2 49.29000092  0.0   1
     2969  -1.6420223  101.1348063    2.74527     -621.7     -150.8      122.3     18.6      8.5      9.6 2023  7 15  2  5 39.86000061  0.0   1
     2972  -1.6389870  101.1347087    2.68316     -633.2      184.8       60.2     11.0      8.5      5.0 2023  7 15  9 27  6.65999985  0.0   1
     2973  -1.6408035  101.1430827    2.69726      299.0      -16.1       74.3      9.5     13.5      9.7 2023  7 15  9 29 55.13999939  0.0   1
     2974  -1.6420591  101.1428874    2.59513      276.7     -154.9      -27.8     10.7     11.0      9.4 2023  7 15  9 30  2.75999999  0.0   1
     2975  -1.6418631  101.1406494    2.72205       27.7     -133.2       99.1     16.1      7.8      6.7 2023  7 15  9 30 27.43000031  0.0   1
     2976  -1.6410098  101.1396729    2.48301      -80.4      -38.9     -139.9     19.7      9.4      7.9 2023  7 15  9 31 39.70999908  0.0   1
     2977  -1.6348305  101.1187256    1.80633    -2411.4      644.4     -816.6     31.0     29.7     31.3 2023  7 17 15  4 33.40000153  0.0   1
     2978  -1.6378145  101.1431478    2.63319      306.3      314.4       10.2     19.0      7.3      8.6 2023  7 19  2  5 31.29000092  0.0   1
     2979  -1.6388353  101.1439779    3.21656      398.2      201.6      593.6     19.3     10.1     11.8 2023  7 19  2 18 47.72999954  0.0   1
     2980  -1.6443489  101.1370036    3.12579     -377.4     -408.1      502.8     20.5      9.1      8.2 2023  7 19  2 21  5.59999990  0.0   1
     2981  -1.6361042  101.1570231    2.68117     1850.2      503.6       58.2     10.2     18.5      8.5 2023  7 19  2 21  8.77999973  0.0   1
     2982  -1.6392075  101.1421794    3.13692      198.6      160.4      514.0     28.2     15.2     11.4 2023  7 19  2 59 40.54000092  0.0   1
     2983  -1.6383966  101.1423910    2.81757      222.1      250.1      194.6     16.1      8.1      7.6 2023  7 19  3  0  3.86999989  0.0   1
     2984  -1.6380657  101.1446289    2.48769      471.3      286.7     -135.3     23.4     16.6     11.0 2023  7 19  3  0 15.28999996  0.0   1
     2985  -1.6367471  101.1438883    2.56543      388.1      432.5      -57.5     13.7     10.8      9.9 2023  7 19  3  0 25.79000092  0.0   1
     2986  -1.6409125  101.1396810    3.16045      -80.1      -28.1      537.5     13.1      9.2      9.2 2023  7 19  3  1  0.31999999  0.0   1
     2987  -1.6447968  101.1432861    2.75192      321.2     -457.6      129.0     12.3      9.4      8.1 2023  7 19  3  1 12.77000046  0.0   1
     2988  -1.6401936  101.1424642    2.53872      229.8       51.4      -84.2     15.8      8.3      9.3 2023  7 19  3  1 20.85000038  0.0   1
     2989  -1.6384079  101.1333577    3.02221     -783.1      248.8      399.3     12.9     11.0      6.8 2023  7 19  3  1 31.04999924  0.0   1
     2990  -1.6415565  101.1449137    2.83860      502.2      -99.3      215.7     14.9     13.3     11.6 2023  7 19  3  1 58.95000076  0.0   1
     2991  -1.6405938  101.1419678    3.25627      175.1        7.1      633.3     17.6     13.2     11.9 2023  7 19  3  2 24.22999954  0.0   1
     2992  -1.6398476  101.1366455    2.83322     -417.4       89.6      210.3     21.2     18.3     12.6 2023  7 19  3  2 31.32999992  0.0   1
     2994  -1.6436368  101.1519938    2.74501     1290.6     -329.4      122.1     13.5     18.9     12.0 2023  7 19  3  3  5.17000008  0.0   1
     2995  -1.6425443  101.1406657    2.75666       29.9     -208.6      133.7     21.0      9.9      8.3 2023  7 19  3  3 49.45000076  0.0   1
     2996  -1.6370228  101.1446452    2.87404      472.4      402.0      251.1     10.3      8.7      6.2 2023  7 19  3  4 25.73999977  0.0   1
     2997  -1.6365654  101.1371582    2.72764     -360.1      452.6      104.7     18.5     12.3      6.8 2023  7 19  3  4 42.90000153  0.0   1
     2998  -1.6383986  101.1375326    3.04692     -319.2      249.8      424.0     18.3     10.0      8.1 2023  7 19  3  4 47.33000183  0.0   1
     2999  -1.6378469  101.1357503    3.26030     -517.3      310.9      637.4     43.9     26.4     18.1 2023  7 19  3  5 55.38999939  0.0   1
     3000  -1.6393567  101.1458496    2.66143      606.5      143.9       38.5     15.7     13.1     11.1 2023  7 19  3  6 34.20999908  0.0   1
     3001  -1.6390893  101.1427246    2.68457      259.1      173.5       61.6      9.4      7.9      8.2 2023  7 19  3  7 18.03000069  0.0   1
     3002  -1.6454782  101.1402100    2.68312      -20.7     -533.0       60.2     17.4     10.1     10.0 2023  7 19  3  7 20.17000008  0.0   1
     3003  -1.6362558  101.1501383    3.04245     1084.4      486.8      419.5     19.2     11.5      7.5 2023  7 19  3  8 37.70999908  0.0   1
     3004  -1.6398173  101.1428385    2.97682      271.3       93.0      353.9     11.5      6.6      7.5 2023  7 19  3 10 29.87999916  0.0   1
     3005  -1.6383373  101.1439290    2.68668      392.6      256.6       63.7      9.1      9.3      7.7 2023  7 19  3 11  7.88000011  0.0   1
     3006  -1.6377178  101.1363118    2.84047     -454.1      325.1      217.5     17.1     12.3      7.4 2023  7 19  3 12 10.78999996  0.0   1
     3007  -1.6413406  101.1517741    2.95869     1265.6      -75.5      335.7      9.7     11.6      9.7 2023  7 19  3 14 29.62999916  0.0   1
     3008  -1.6393585  101.1470622    2.22056      741.8      143.7     -402.4     11.8      9.3      9.1 2023  7 19  3 14 38.36000061  0.0   1
     3009  -1.6413077  101.1394206    2.36036     -108.9      -71.8     -262.6     20.1     14.8     10.5 2023  7 19  3 17 13.86999989  0.0   1
     3010  -1.6408746  101.1440267    2.81037      404.1      -23.9      187.4     16.2     14.4      9.1 2023  7 19  3 22  8.31999969  0.0   1
     3011  -1.6381537  101.1426676    2.72868      253.0      276.9      105.7     10.4     12.9      8.1 2023  7 19  3 23  0.50000000  0.0   1
     3012  -1.6401109  101.1437256    2.46839      370.4       60.5     -154.5      8.3      8.6      8.6 2023  7 19  3 23 19.36000061  0.0   1
     3013  -1.6415585  101.1399251    2.67973      -52.7      -99.6       56.8     13.0      7.1      8.5 2023  7 19  3 23 22.77000046  0.0   1
     3014  -1.6385181  101.1406413    2.84600       27.5      236.6      223.1     13.5      8.4      6.0 2023  7 19  3 23 38.40000153  0.0   1
     3015  -1.6393826  101.1420980    2.55728      189.2      141.1      -65.7     12.2      8.0      8.4 2023  7 19  3 24  8.73999977  0.0   1
     3016  -1.6390558  101.1399170    2.58175      -53.8      177.2      -41.2     14.6     10.1      9.1 2023  7 19  3 24 11.84000015  0.0   1
     3017  -1.6429963  101.1421875    2.95003      199.0     -258.5      327.1     25.1      9.7      7.7 2023  7 19  3 24 18.10000038  0.0   1
     3018  -1.6381032  101.1409668    2.53143       63.7      282.5      -91.5     18.2     13.6     10.4 2023  7 19  3 26 25.94000053  0.0   1
     3019  -1.6424934  101.1347575    2.81450     -628.0     -202.9      191.6     19.2     14.1     13.1 2023  7 19  3 26 54.45000076  0.0   1
     3020  -1.6399091  101.1432780    2.91316      320.3       82.8      290.2     26.3     20.0     11.7 2023  7 19  3 28  6.32000017  0.0   1
     3021  -1.6355862  101.1406982    2.97963       33.8      560.8      356.7     16.5     15.8      9.4 2023  7 19  3 28 11.30000019  0.0   1
     3022  -1.6402212  101.1552246    2.65641     1649.5       48.3       33.5     10.2     10.6     10.6 2023  7 19  3 29  4.26999998  0.0   1
     3023  -1.6461594  101.1332926    2.49254     -790.8     -608.3     -130.4     11.5      8.8     10.3 2023  7 19  3 30 50.99000168  0.0   1
     3024  -1.6477956  101.1372965    2.49842     -345.2     -789.2     -124.5     12.1     11.3      7.8 2023  7 19  3 37 19.65999985  0.0   1
     3025  -1.6434656  101.1409505    2.83963       61.3     -310.4      216.7     14.0      7.9      8.3 2023  7 19  3 39 24.28000069  0.0   1
     3026  -1.6441925  101.1275798    2.49658    -1426.2     -390.8     -126.4     23.4     22.6     16.2 2023  7 19  3 48 22.11000061  0.0   1
     3027  -1.6397226  101.1375163    3.09450     -321.0      103.4      471.6     24.7      9.9     10.3 2023  7 19 19  1 51.08000183  0.0   1
     3028  -1.6435262  101.1330811    2.52382     -814.0     -317.1      -99.1     19.4     10.5     10.7 2023  7 20  1 15 46.22999954  0.0   1
     3029  -1.6413509  101.1315674    2.27141     -982.5      -76.6     -351.5     15.3     12.2     11.0 2023  7 20  1 16 25.07999992  0.0   1
     3030  -1.6385516  101.1239909    2.95110    -1825.6      232.9      328.2     29.9     27.5     23.3 2023  7 20  1 18 27.22999954  0.0   1
     3031  -1.6432728  101.1406576    2.47465       28.7     -289.1     -148.3      9.7      7.3      9.6 2023  7 20 16 59 18.79999924  0.0   1
     3032  -1.6399970  101.1377035    2.66788     -300.1       73.1       44.9     22.0     10.8      8.4 2023  7 21  6 50 53.00999832  0.0   1
     3033  -1.6528629  101.1319417    2.18193     -940.8    -1349.5     -441.0     31.3      8.4     11.4 2023  7 21 12 31 45.83000183  0.0   1
     3034  -1.6458800  101.1350586    2.64008     -593.8     -577.4       17.1     22.9      8.8     10.2 2023  7 23  3 56 19.47999954  0.0   1
     3037  -1.6406766  101.1417318    1.55156      148.5       -2.0    -1071.4     37.5     16.5     20.5 2023  7 31 23 41 35.38000107  0.0   1
     3042  -1.6430729  101.1430745    3.36495      298.1     -267.0      742.0     17.0     12.3     10.4 2023  8 25 22  0  2.96000004  0.0   1
     3043  -1.6404424  101.1435547    2.95905      351.7       23.9      336.1     20.6      7.5      8.1 2023  8 25 22  1 20.63999939  0.0   1
     3044  -1.6534704  101.1318034    2.31076     -956.0    -1416.7     -312.2     18.5      9.2     15.7 2023  8 25 22  1 29.57999992  0.0   1
     3045  -1.6388749  101.1422689    2.51072      207.8      197.2     -112.2     24.3      8.8      8.2 2023  8 25 22  1 39.70000076  0.0   1
     3046  -1.6387248  101.1384521    2.80089     -216.8      213.8      177.9     39.3     12.9      7.5 2023  8 25 22  2 23.94000053  0.0   1
     3047  -1.6408724  101.1425537    2.78540      239.7      -23.7      162.5     12.7      8.8      6.2 2023  8 25 22  2 28.13999939  0.0   1
     3048  -1.6409211  101.1478923    2.69415      834.0      -29.1       71.2     18.2     14.3     13.4 2023  8 25 22  2 42.25999832  0.0   1
     3049  -1.6433552  101.1362223    2.56827     -464.3     -298.2      -54.7     28.6     16.8     13.7 2023  8 25 22  2 51.50000000  0.0   1
     3050  -1.6406811  101.1429036    2.88440      278.5       -2.5      261.5     18.8      8.4      7.4 2023  8 25 22  2 58.43999863  0.0   1
     3051  -1.6391959  101.1493652    1.85059      997.5      161.7     -772.4     21.5     16.3     14.5 2023  8 25 22  3 19.87999916  0.0   1
     3052  -1.6391197  101.1385417    2.68343     -206.0      170.1       60.5     20.2     10.4      7.1 2023  8 25 22  3 24.92000008  0.0   1
     3054  -1.6455316  101.1450439    2.58189      516.7     -538.9      -41.1     29.4     12.6     17.9 2023  8 25 22  3 32.50000000  0.0   1
     3055  -1.6437042  101.1389811    3.11550     -157.2     -336.8      492.6     27.7     11.0      9.7 2023  8 25 22  3 45.52000046  0.0   1
     3056  -1.6486685  101.1248861    2.09327    -1725.8     -885.7     -529.7     17.5     17.3     15.0 2023  8 25 22  4 22.10000038  0.0   1
     3057  -1.6445792  101.1467204    3.24577      703.8     -433.6      622.8     14.6      8.5      9.5 2023  8 25 22  4 39.36000061  0.0   1
     3058  -1.6429991  101.1387777    3.20723     -180.1     -258.9      584.3     25.3      8.8      9.5 2023  8 25 22  4 42.74000168  0.0   1
     3059  -1.6391739  101.1514648    2.49397     1231.5      164.1     -129.0     13.4     11.4      9.1 2023  8 25 22  5 22.65999985  0.0   1
     3060  -1.6359549  101.1572103    2.46737     1871.1      520.1     -155.6     22.5     13.5     18.6 2023  8 25 22  5 45.79999924  0.0   1
     3061  -1.6406499  101.1312663    2.95905    -1016.2        0.9      336.1     30.8     14.6     26.0 2023  8 25 22  7 34.09999847  0.0   1
     3062  -1.6414561  101.1425456    2.79186      238.9      -88.2      168.9     16.1     10.1     11.0 2023  8 25 22  9 17.42000008  0.0   1
     3063  -1.6439330  101.1432129    2.58734      313.7     -362.1      -35.6     12.1      9.7      9.7 2023  8 25 22  9 21.89999962  0.0   1
     3064  -1.6390628  101.1403971    3.25581       -0.0      176.4      632.9     27.0     11.6      8.6 2023  8 25 22  9 33.65999985  0.0   1
     3065  -1.6297222  101.1686849    1.16624     3147.7     1209.2    -1456.7     35.9     47.0     59.4 2023  8 25 22  9 50.97999954  0.0   1
     3066  -1.6448277  101.1530192    2.42730     1404.1     -461.0     -195.6     20.6     12.8     12.3 2023  8 25 22 11 54.90000153  0.0   1
     3067  -1.6382504  101.1569987    2.98638     1847.4      266.2      363.4     29.1     25.8     20.5 2023  8 25 22 12 15.19999981  0.0   1
     3068  -1.6422199  101.1561768    2.29686     1755.8     -172.7     -326.1     25.5     15.8     22.2 2023  8 25 22 14 11.64000034  0.0   1
     3069  -1.6419754  101.1428385    2.53034      271.2     -145.7      -92.6     23.3     22.3     14.8 2023  8 28 21 39 39.09999847  0.0   1
     3070  -1.6473071  101.1261475    2.38079    -1585.7     -735.2     -242.1     15.7     10.1     13.2 2023  8 28 22  8 57.27999878  0.0   1
     3071  -1.6371518  101.1396891    2.62063      -78.6      387.7       -2.3     19.0     12.7     10.0 2023  8 29 14 22 51.02999878  0.0   1
     3072  -1.6417372  101.1367188    2.95987     -409.2     -119.3      336.9     22.9     12.2      9.4 2023  8 29 18 13 50.74000168  0.0   1
     3074  -1.6443043  101.1464681    2.75163      675.1     -403.2      128.7     20.8     10.5     11.8 2023  8 30  1 31 17.67000008  0.0   1
     3075  -1.6439430  101.1325114    1.90474     -877.7     -363.2     -718.2     25.0     10.1     19.8 2023  8 30  5 46 14.44999981  0.0   1
     3076  -1.6387363  101.1447103    2.30561      479.6      212.5     -317.3     19.3     11.6     11.2 2023  8 30  5 46 27.07999992  0.0   1
     3077  -1.6421131  101.1450277    2.58940      515.0     -160.9      -33.5     12.1      8.5      8.0 2023  8 30  5 47  3.69000006  0.0   1
     3078  -1.6438820  101.1314697    2.60941     -993.0     -356.5      -13.5     25.3     17.8     13.3 2023  8 30  5 47  5.53999996  0.0   1
     3079  -1.6421136  101.1439209    2.56836      392.1     -160.9      -54.6     31.2      8.9      9.8 2023  8 30  5 47 14.06000042  0.0   1
     3080  -1.6442621  101.1522542    2.50592     1319.8     -398.5     -117.0     11.3      8.7     13.9 2023  8 30  5 47 22.72999954  0.0   1
     3081  -1.6405210  101.1450277    2.16982      515.1       15.2     -453.1     24.2     13.6     11.4 2023  8 30  5 47 28.44000053  0.0   1
     3082  -1.6442230  101.1610107    0.81286     2294.2     -394.2    -1810.1     16.4     16.9     30.9 2023  8 30  5 47 37.99000168  0.0   1
     3083  -1.6431140  101.1300863    1.08521    -1147.2     -271.5    -1537.7     13.7     12.2     17.6 2023  8 30  5 47 51.20000076  0.0   1
     3084  -1.6445803  101.1429199    2.68121      280.4     -433.7       58.3     21.0     12.6     12.3 2023  8 30  5 50 22.00000000  0.0   1
     3085  -1.6411469  101.1402669    2.28953      -14.4      -54.0     -333.4     15.4      9.2     10.6 2023  8 30  5 50 28.25000000  0.0   1
     3086  -1.6458097  101.1553711    3.34893     1666.3     -569.6      726.0     20.3     13.3     11.8 2023  8 30 14 17 58.83000183  0.0   1
     3087  -1.6385878  101.1515218    2.74187     1237.8      228.9      118.9      9.7     10.8      7.7 2023  8 30 14 22 58.09000015  0.0   1
     3088  -1.6440125  101.1354655    2.03393     -548.4     -370.9     -589.0     34.0     11.3     12.2 2023  8 30 14 35 52.65000153  0.0   1
     3094  -1.6414964  101.1384766    2.51103     -213.6      -92.7     -111.9     18.6      9.0      6.3 2023  9 13 15 18 58.20999908  0.0   1
     3095  -1.6413549  101.1465983    2.45012      689.6      -77.0     -172.8     11.4     10.6      8.7 2023  9 14 16  1  7.05999994  0.0   1
     3096  -1.6409730  101.1541911    2.51705     1535.2      -34.8     -105.9     11.9     11.6     12.1 2023  9 14 16  1 16.52000046  0.0   1
     3097  -1.6450417  101.1408691    2.84644       52.5     -484.7      223.5     21.5     11.9     10.0 2023  9 14 16  1 24.82999992  0.0   1
     3098  -1.6536809  101.1358317    2.69340     -508.0    -1440.0       70.5     26.0     13.6     11.7 2023  9 14 16  3 59.18000031  0.0   1
     3099  -1.6422629  101.1419840    2.59256      176.3     -177.4      -30.4     19.2      8.3      9.1 2023  9 14 16  4  8.14000034  0.0   1
     3100  -1.6423094  101.1385173    3.28942     -209.6     -182.6      666.5     33.0     20.5     13.7 2023  9 14 16  7 36.65999985  0.0   1
     3101  -1.6420906  101.1417643    2.61136      152.1     -158.4      -11.6     15.3      7.9      8.1 2023  9 14 16  7 43.02999878  0.0   1
     3102  -1.6450160  101.1266602    1.46029    -1528.2     -481.9    -1162.7     20.2     15.3     20.9 2023  9 14 16 10 57.36000061  0.0   1
     3103  -1.6455205  101.1388509    2.80699     -172.5     -537.6      184.0     39.2     14.4     17.3 2023  9 14 16 11 12.31000042  0.0   1
     3104  -1.6473129  101.1529215    2.51172     1393.5     -735.8     -111.2     22.2     11.8     13.3 2023  9 14 16 11 17.97999954  0.0   1
     3105  -1.6424903  101.1403890    2.68806       -0.9     -202.6       65.1     12.0     10.4      9.1 2023  9 14 16 23 25.43000031  0.0   1
     3106  -1.6444611  101.1419271    2.78744      170.5     -420.5      164.5     20.9      8.9     10.2 2023  9 14 16 23 33.90000153  0.0   1
     3107  -1.6448505  101.1405029    2.71229       12.2     -463.6       89.4     15.0     11.0     10.7 2023  9 14 16 23 52.75999832  0.0   1
     3108  -1.6454366  101.1353271    2.82073     -564.1     -528.4      197.8     16.1      8.7      9.8 2023  9 14 16 23 59.08000183  0.0   1
     3109  -1.6449839  101.1424886    3.02869      232.7     -478.3      405.7     19.6     11.1      9.3 2023  9 14 16 24  4.69000006  0.0   1
     3110  -1.6415942  101.1404215    2.45156        3.0     -103.5     -171.4     10.3      7.3      7.3 2023  9 14 16 24 13.52000046  0.0   1
     3111  -1.6410146  101.1423991    2.51946      222.9      -39.4     -103.5     14.9      8.4      8.6 2023  9 14 16 24 25.40999985  0.0   1
     3112  -1.6448308  101.1435791    2.57273      354.4     -461.4      -50.2     46.7     10.1     14.9 2023  9 14 16 24 54.75000000  0.0   1
     3113  -1.6447910  101.1388428    2.76583     -173.1     -457.0      142.9     22.4      9.9     10.1 2023  9 14 16 24 59.38000107  0.0   1
     3114  -1.6431559  101.1398193    2.31895      -64.0     -276.2     -304.0     22.7      9.3      8.7 2023  9 14 16 25  6.48000002  0.0   1
     3115  -1.6394587  101.1464030    2.38935      668.1      132.6     -233.6      9.9      7.9      8.9 2023  9 14 16 25 25.75000000  0.0   1
     3116  -1.6434672  101.1453532    2.43942      551.6     -310.6     -183.5     13.2     10.3      9.1 2023  9 14 16 25 28.45000076  0.0   1
     3117  -1.6451441  101.1219645    2.01403    -2050.7     -496.0     -608.9     17.9     22.3     22.2 2023  9 14 16 25 34.34999847  0.0   1
     3118  -1.6471291  101.1284505    1.00461    -1329.4     -715.5    -1617.3     28.0     21.2     31.3 2023  9 14 16 25 42.66999817  0.0   1
     3119  -1.6434896  101.1394694    2.31167     -103.6     -313.1     -311.3     21.5     10.2      8.5 2023  9 14 16 25 48.11999893  0.0   1
     3120  -1.6395476  101.1373128    2.25581     -342.8      122.8     -367.1     14.5      7.8      6.3 2023  9 14 16 25 56.81999969  0.0   1
     3121  -1.6373183  101.1439372    2.56808      394.2      369.3      -54.9      9.0     10.2      9.1 2023  9 14 16 26  2.75999999  0.0   1
     3122  -1.6390100  101.1417887    2.69155      155.1      182.2       68.6     15.3     11.7      8.6 2023  9 14 16 26 23.64999962  0.0   1
     3123  -1.6405150  101.1486491    3.16129      918.4       15.8      538.3     14.6     11.3     11.7 2023  9 14 16 26 34.95999908  0.0   1
     3124  -1.6412570  101.1431885    2.90017      310.9      -66.2      277.2     15.3      8.8      9.7 2023  9 14 16 26 48.50000000  0.0   1
     3125  -1.6455990  101.1372396    1.84802     -351.2     -546.3     -774.9     35.1     12.0     15.0 2023  9 14 16 27  6.15000010  0.0   1
     3126  -1.6437906  101.1438721    2.44336      387.0     -346.4     -179.6     25.7      9.6      9.4 2023  9 14 16 27 14.25000000  0.0   1
     3127  -1.6382874  101.1437744    2.34532      376.2      262.2     -277.6     10.7      9.2      9.8 2023  9 14 16 27 17.69000053  0.0   1
     3128  -1.6383433  101.1457194    2.17007      592.7      256.0     -452.9     10.6     11.7     12.7 2023  9 14 16 27 22.95999908  0.0   1
     3129  -1.6364780  101.1463786    2.42524      665.3      462.2     -197.7     20.4     13.2      9.9 2023  9 14 16 27 30.12000084  0.0   1
     3130  -1.6376366  101.1403483    2.98021       -5.9      334.1      357.3     25.0     10.2      8.6 2023  9 14 16 27 36.08000183  0.0   1
     3131  -1.6366721  101.1507975    2.32918     1157.7      440.8     -293.8      7.6      9.0      9.2 2023  9 14 16 28  5.15999985  0.0   1
     3132  -1.6422731  101.1455648    2.43579      574.7     -178.6     -187.2      8.6      7.1      8.0 2023  9 14 16 28 10.97999954  0.0   1
     3133  -1.6411032  101.1412923    2.69496       99.3      -49.2       72.0     32.6     12.1     10.2 2023  9 14 16 28 18.73999977  0.0   1
     3134  -1.6436577  101.1517090    2.56119     1258.3     -331.7      -61.8     25.3     12.0     16.2 2023  9 14 16 28 27.96999931  0.0   1
     3135  -1.6417210  101.1466634    2.36484      697.5     -117.5     -258.1      9.7      7.1      8.4 2023  9 14 16 28 40.47999954  0.0   1
     3136  -1.6473652  101.1420492    2.04017      183.5     -741.6     -582.8     36.3     13.8     15.3 2023  9 14 16 28 47.25999832  0.0   1
     3137  -1.6437510  101.1405273    2.64983       14.8     -342.0       26.9     12.0      9.5     11.2 2023  9 14 16 28 51.58000183  0.0   1
     3138  -1.6473658  101.1251709    1.54730    -1694.5     -741.7    -1075.6     14.6     13.3     17.6 2023  9 14 16 29 41.08000183  0.0   1
     3139  -1.6423795  101.1432780    2.46255      320.2     -190.3     -160.4     18.4     10.2      9.1 2023  9 14 16 29 46.22999954  0.0   1
     3140  -1.6436503  101.1427002    2.64782      256.1     -330.8       24.9     13.4      6.2      8.7 2023  9 14 16 29 52.25999832  0.0   1
     3141  -1.6409997  101.1458984    2.75491      611.9      -37.8      132.0     13.0     11.8      9.1 2023  9 14 16 32  8.39999962  0.0   1
     3142  -1.6406789  101.1436361    2.47990      360.2       -2.3     -143.0     10.3      8.4      9.0 2023  9 14 16 32 17.73999977  0.0   1
     3143  -1.6355335  101.1573893    2.04778     1891.0      566.6     -575.2     17.3     14.1     16.3 2023  9 14 16 32 30.69000053  0.0   1
     3144  -1.6391315  101.1417643    2.64579      152.3      168.8       22.8     10.4      8.3      7.7 2023  9 14 16 32 37.11000061  0.0   1
     3145  -1.6412631  101.1324788    2.94656     -880.8      -66.9      323.6     17.0     13.0     10.3 2023  9 14 16 32 59.11000061  0.0   1
     3146  -1.6366737  101.1534017    2.77290     1447.2      440.6      150.0     11.4     16.7     12.0 2023  9 14 16 34 11.01000023  0.0   1
     3147  -1.6412891  101.1595540    1.90893     2131.3      -69.8     -714.0     12.9     13.3     16.7 2023  9 14 16 34 40.43000031  0.0   1
     3148  -1.6394440  101.1427246    2.51246      259.0      134.3     -110.5     16.7     10.5      9.3 2023  9 14 16 34 47.56999969  0.0   1
     3149  -1.6392094  101.1569092    3.15851     1837.3      160.2      535.6     13.7     18.8     16.6 2023  9 14 16 34 58.79000092  0.0   1
     3150  -1.6473031  101.1302327    2.16140    -1131.0     -734.8     -461.5     22.3     12.0     20.3 2023  9 14 16 36 23.40999985  0.0   1
     3151  -1.6408404  101.1294189    2.19889    -1221.5      -20.1     -424.0     19.4     15.5     18.2 2023  9 14 16 38 46.27000046  0.0   1
     3152  -1.6437166  101.1438314    3.31288      382.5     -338.2      689.9     28.5      9.2     10.3 2023  9 14 16 39 22.14999962  0.0   1
     3153  -1.6435469  101.1502686    2.59216     1098.3     -319.4      -30.8     10.5      8.4      8.6 2023  9 14 16 40 10.57999992  0.0   1
     3154  -1.6433455  101.1420410    2.44197      182.7     -297.1     -181.0     40.6     13.2     12.4 2023  9 14 16 40 29.72999954  0.0   1
     3155  -1.6398006  101.1431885    2.92447      310.2       94.8      301.5     13.8     14.6      9.7 2023  9 14 16 42 57.52000046  0.0   1
     3156  -1.6420723  101.1441569    2.65232      418.8     -156.4       29.4     15.9      8.4      9.2 2023  9 14 16 43 40.40999985  0.0   1
     3157  -1.6379289  101.1426025    2.71774      245.1      301.8       94.8     21.6     15.0     10.0 2023  9 14 16 48 22.35000038  0.0   1
     3158  -1.6423798  101.1503906    2.54364     1112.0     -190.4      -79.3     20.2     12.1     11.6 2023  9 14 16 48 45.50999832  0.0   1
     3159  -1.6419839  101.1656657    0.50468     2811.8     -146.6    -2118.3     38.4     46.3     85.0 2023  9 14 16 51 31.97999954  0.0   1
     3160  -1.6450072  101.1476888    2.62724      811.0     -480.9        4.3     11.4      6.8      8.4 2023  9 14 16 56  2.07999992  0.0   1
     3161  -1.6410102  101.1449219    2.72977      503.2      -38.9      106.8     16.9      9.1      8.7 2023  9 14 17  0 13.88000011  0.0   1
     3162  -1.6330110  101.1460938    1.41851      633.8      845.6    -1204.4     23.4     21.7     16.9 2023  9 14 17 16  3.20000005  0.0   1
     3163  -1.6437230  101.1440186    2.57325      402.9     -338.9      -49.7     25.6     12.8     10.6 2023  9 14 17 16 12.60000038  0.0   1
     3164  -1.6438515  101.1380290    2.41282     -263.3     -353.1     -210.1     22.9     12.2     10.4 2023  9 14 17 16 20.60000038  0.0   1
     3165  -1.6424703  101.1362956    2.44935     -456.2     -200.4     -173.6     18.0      8.9      7.9 2023  9 14 17 22 43.41999817  0.0   1
     3166  -1.6441352  101.1391520    2.60118     -138.4     -384.5      -21.8     16.1      8.5      8.2 2023  9 14 17 23  1.67999995  0.0   1
     3167  -1.6468053  101.1397786    2.89210      -68.8     -679.7      269.2     14.4     13.1     12.5 2023  9 14 17 23  3.44000006  0.0   1
     3168  -1.6418351  101.1401367    2.72022      -28.6     -130.1       97.3     14.3      9.8      7.8 2023  9 14 17 23 38.47999954  0.0   1
     3169  -1.6449724  101.1374593    2.50580     -327.2     -477.0     -117.1     19.5      7.6      7.3 2023  9 14 17 24 47.47999954  0.0   1
     3170  -1.6428368  101.1359131    2.32469     -499.1     -240.9     -298.3     24.4     12.4     15.0 2023  9 14 18  6 58.63999939  0.0   1
     3172  -1.6419773  101.1420247    2.53286      181.4     -145.9      -90.1     15.4     11.4     12.0 2023  9 15 17 48 41.77999878  0.0   1
     3173  -1.6389248  101.1427734    2.82584      264.2      191.7      202.9     16.1     10.6     10.3 2023  9 15 17 50 48.40000153  0.0   1
     3174  -1.6445695  101.1398682    2.63939      -59.3     -432.5       16.4     21.6     13.1     12.5 2023  9 15 17 51  9.39999962  0.0   1
     3175  -1.6355628  101.1421387    2.86397      193.8      563.4      241.0     15.4     17.1      9.8 2023  9 18  5 36 41.97999954  0.0   1
     3176  -1.6408075  101.1413167    2.87345      102.2      -16.5      250.5     19.3      8.8      9.3 2023  9 18 16 33 14.22000027  0.0   1
     3177  -1.6346134  101.1453532    3.42660      551.3      668.4      803.7     23.9     18.4      9.5 2023  9 19 22 37 53.88000107  0.0   1
     3178  -1.6409257  101.1414225    2.69773      114.1      -29.6       74.8     20.9      9.6      8.7 2023  9 20 20 41 28.63999939  0.0   1
     3179  -1.6410693  101.1440755    2.79991      409.0      -45.5      177.0     24.1     15.1     15.4 2023  9 21  3 26 18.59000015  0.0   1
     3180  -1.6398661  101.1548828    2.66424     1611.8       87.6       41.3     10.5     13.8      8.5 2023  9 21  3 26 48.38999939  0.0   1
     3181  -1.6383382  101.1455566    3.11078      574.3      256.5      487.8     16.5     12.6      9.2 2023  9 21  3 26 59.63000107  0.0   1
     3182  -1.6438718  101.1269694    2.09400    -1493.8     -355.3     -528.9     22.9     16.1     21.7 2023  9 21  3 27 59.75000000  0.0   1
     3183  -1.6374444  101.1519694    2.68559     1287.5      355.4       62.7     12.2      8.7      9.5 2023  9 21  3 28  2.72000003  0.0   1
     3184  -1.6387819  101.1452881    2.85228      543.8      207.5      229.3     12.4     10.1      7.8 2023  9 21  3 28 44.74000168  0.0   1
     3185  -1.6428506  101.1181722    1.23609    -2472.8     -242.4    -1386.9     25.1     28.4     34.8 2023  9 21  3 37 14.60999966  0.0   1
     3186  -1.6446706  101.1455566    2.62017      574.3     -443.7       -2.8     16.3     14.2     10.6 2023  9 21  3 43  8.53999996  0.0   1
     3187  -1.6427639  101.1434326    2.59037      337.7     -232.8      -32.6     18.5     12.4     10.4 2023  9 21  3 43 36.95999908  0.0   1
     3188  -1.6412589  101.1421631    3.33258      196.3      -66.4      709.6     25.4     15.5     10.5 2023  9 21  3 44 35.31000137  0.0   1
     3189  -1.6393495  101.1413818    2.91993      109.2      144.7      297.0     20.8     10.6      8.2 2023  9 21  3 45  0.40000001  0.0   1
     3190  -1.6382278  101.1399902    2.63280      -45.3      268.7        9.9     18.9     11.3      9.4 2023  9 21  3 46 23.75000000  0.0   1
     3191  -1.6396989  101.1460612    2.92370      630.5      106.1      300.8     20.6     14.9      9.4 2023  9 21  3 47 35.90000153  0.0   1
     3192  -1.6375959  101.1486165    2.90365      914.3      338.6      280.7     19.1     13.8      9.5 2023  9 21  3 47 45.47000122  0.0   1
     3193  -1.6404739  101.1425700    2.80829      241.8       20.4      185.3     18.1      7.5      7.0 2023  9 21  3 50 10.31999969  0.0   1
     3194  -1.6353282  101.1411296    2.95747       81.8      589.4      334.5     21.3     17.9      9.6 2023  9 21  3 51 53.75000000  0.0   1
     3195  -1.6367964  101.1454590    3.16118      562.8      427.0      538.2     24.3     17.1     11.2 2023  9 21  3 54 41.15999985  0.0   1
     3196  -1.6366070  101.1541585    2.98812     1531.6      448.0      365.2      9.7      8.8     10.0 2023  9 21  3 54 56.18999863  0.0   1
     3197  -1.6369559  101.1482340    3.07973      872.1      409.4      456.8     20.7     13.5     10.9 2023  9 21  3 55  2.20000005  0.0   1
     3198  -1.6392854  101.1491618    2.73288      974.9      151.8      109.9     16.3     12.6      7.4 2023  9 21  3 57 10.92000008  0.0   1
     3200  -1.6386670  101.1667969    1.64099     2937.4      220.2     -982.0     18.3     23.2     37.8 2023  9 21 18  0 24.65999985  0.0   1
     3202  -1.6433565  101.1468099    3.07800      714.0     -298.4      455.1     21.2     12.3     13.8 2023  9 21 18  2 53.29999924  0.0   1
     3203  -1.6409044  101.1417969    2.61884      156.1      -27.2       -4.1     22.6      7.7      9.5 2023  9 21 18  3  1.86000001  0.0   1
     3204  -1.6392183  101.1487712    2.57557      931.9      159.2      -47.4      8.0      6.9      7.4 2023  9 21 18  3  6.84000015  0.0   1
     3206  -1.6412228  101.1490153    2.79815      958.9      -62.4      175.2     23.7     13.5     13.4 2023  9 21 18  3 58.45999908  0.0   1
     3207  -1.6365112  101.1589355    1.83489     2062.8      458.5     -788.1     10.8     13.7     13.5 2023  9 21 18  4  4.84000015  0.0   1
     3208  -1.6409518  101.1434408    2.72527      338.8      -32.5      102.3      8.8      7.1      7.9 2023  9 21 18  4  8.68000031  0.0   1
     3209  -1.6453239  101.1437174    2.98977      369.3     -515.9      366.8     36.8     13.6     17.7 2023  9 21 18  5 31.94000053  0.0   1
     3210  -1.6437035  101.1401855    2.83291      -23.3     -336.7      210.0     16.3      8.5      9.6 2023  9 21 18  5 48.38000107  0.0   1
     3211  -1.6535659  101.1239909    2.16283    -1825.5    -1427.3     -460.1     15.2     13.2     17.4 2023  9 21 18  6 39.50000000  0.0   1
     3212  -1.6461655  101.1371419    3.07680     -362.2     -609.0      453.9     15.1      9.8     11.0 2023  9 21 18 40 21.60000038  0.0   1
     3213  -1.6403553  101.1514079    2.88728     1225.6       33.5      264.3     13.8     11.7      8.7 2023  9 28  7  5  1.83000004  0.0   1
     3214  -1.6364697  101.1467448    2.86521      706.3      463.1      242.3     13.0     20.8     10.8 2023  9 28  7 39  3.82999992  0.0   1
     3215  -1.6426647  101.1444255    2.74262      447.9     -221.9      119.7     14.9     18.4     13.4 2023  9 28  7 40  2.51999998  0.0   1
     3216  -1.6390580  101.1484131    2.58679      891.7      176.9      -36.2      9.3     11.2      8.4 2023  9 28  7 55 56.93999863  0.0   1
     3217  -1.6402505  101.1438965    2.67901      389.1       45.1       56.1     13.4      7.4      7.6 2023  9 28  7 56  5.48999977  0.0   1
     3218  -1.6443368  101.1465332    2.60727      682.5     -406.8      -15.7     14.3     15.4     16.7 2023  9 28  7 56 11.47999954  0.0   1
     3219  -1.6382773  101.1438395    3.27750      382.8      263.3      654.6     15.4     10.7     10.0 2023  9 28  7 57 46.27000046  0.0   1
     3220  -1.6429016  101.1466064    2.61328      690.9     -248.1       -9.7     13.3      8.8     10.5 2023  9 28  7 59 35.90000153  0.0   1
     3221  -1.6412805  101.1427572    2.50009      262.8      -68.8     -122.9     12.4      6.0      8.4 2023  9 28  8  1 35.72000122  0.0   1
     3222  -1.6385710  101.1477783    2.40533      821.7      230.8     -217.6     12.2      9.1     10.1 2023  9 28  8  2  3.35999990  0.0   1
     3223  -1.6409424  101.1453451    2.71634      550.4      -31.4       93.4     14.2      5.9      8.7 2023  9 28  8  2 40.31000137  0.0   1
     3224  -1.6394320  101.1475749    2.37004      798.9      135.6     -252.9      8.6      6.7      8.4 2023  9 28  8  7 49.70999908  0.0   1
     3225  -1.6418928  101.1447754    2.59944      486.8     -136.5      -23.5     17.1      7.3      9.8 2023  9 28  8 13  6.84000015  0.0   1
     3226  -1.6389103  101.1473145    2.53435      769.5      193.3      -88.6     14.8     10.6      9.3 2023  9 28  8 15 50.84999847  0.0   1
     3227  -1.6422199  101.1441569    2.52007      418.4     -172.7     -102.9     14.3     12.2     11.7 2023  9 28  8 15 58.18999863  0.0   1
     3228  -1.6435814  101.1460368    2.68770      627.7     -323.2       64.8     11.4     10.8     10.0 2023  9 28  8 17  0.49000001  0.0   1
     3229  -1.6382980  101.1467367    2.51946      705.9      261.0     -103.5     17.7     12.1      8.9 2023  9 28  8 17 24.29000092  0.0   1
     3230  -1.6409898  101.1440348    2.74912      405.2      -36.7      126.2     13.7     11.4     10.0 2023  9 28  8 19 49.29999924  0.0   1
     3231  -1.6412388  101.1404622    2.59964        6.9      -64.2      -23.3     17.7      8.6      5.9 2023  9 28  8 20 55.52000046  0.0   1
     3232  -1.6404669  101.1455485    2.65146      573.4       21.2       28.5     12.8      7.3      7.5 2023  9 28  8 26 42.88000107  0.0   1
     3233  -1.6422351  101.1466715    2.54237      697.7     -174.4      -80.6      9.3      8.3      9.7 2023  9 28  8 26 46.84000015  0.0   1
     3234  -1.6415381  101.1438151    2.77729      380.1      -97.3      154.3      9.1      7.7      7.4 2023  9 28  8 27  2.09999990  0.0   1
     3235  -1.6428869  101.1443929    2.47765      444.5     -246.4     -145.3     13.6      9.1      9.6 2023  9 28  8 29 31.02000046  0.0   1
     3236  -1.6410759  101.1438721    2.58524      387.1      -46.2      -37.7     16.6     16.2     12.0 2023  9 28  8 33 52.38000107  0.0   1
     3237  -1.6415574  101.1420329    2.55376      181.9      -99.4      -69.2     18.1      7.8      8.4 2023  9 28  8 34 52.70000076  0.0   1
     3238  -1.6405034  101.1426514    2.73225      251.2       17.1      109.3     14.4      9.5      7.1 2023  9 28  8 35 23.65999985  0.0   1
     3239  -1.6381621  101.1462809    2.23998      654.3      276.0     -383.0     12.9      7.0      8.7 2023  9 28  8 35 37.04000092  0.0   1
     3240  -1.6432559  101.1402425    2.59699      -16.8     -287.2      -26.0     18.1     12.3      8.8 2023  9 28  8 36  6.26000023  0.0   1
     3241  -1.6408690  101.1441162    2.56988      413.8      -23.3      -53.1      8.7      8.1      8.8 2023  9 28  8 36  9.26000023  0.0   1
     3242  -1.6439044  101.1452555    2.61677      540.6     -358.9       -6.2     12.4      7.5      9.1 2023  9 28  8 36 18.69000053  0.0   1
     3243  -1.6430789  101.1371257    2.87465     -364.2     -267.7      251.7     15.4      8.5      6.9 2023  9 28  8 36 33.70999908  0.0   1
     3244  -1.6452415  101.1424561    2.39913      229.5     -506.8     -223.8     11.1     11.0     13.0 2023  9 28  8 36 39.86999893  0.0   1
     3245  -1.6501765  101.1415853    2.34565      131.9    -1052.5     -277.3     14.3      9.6     15.3 2023  9 28  8 37 37.74000168  0.0   1
     3246  -1.6409148  101.1422852    2.69047      210.4      -28.4       67.5      9.8     10.0      8.0 2023  9 28  8 37 40.75999832  0.0   1
     3247  -1.6414792  101.1419596    2.76551      173.6      -90.8      142.6     11.5     11.0      8.2 2023  9 28  8 38  9.71000004  0.0   1
     3248  -1.6384146  101.1455078    2.65063      568.8      248.1       27.7     12.2      8.6      7.4 2023  9 28  8 39  3.31999993  0.0   1
     3249  -1.6411760  101.1419271    2.77194      170.7      -57.3      149.0     15.7     10.6      7.6 2023  9 28  8 39 16.25000000  0.0   1
     3250  -1.6413757  101.1392090    2.73020     -132.0      -79.3      107.3     17.7     11.2      9.7 2023  9 28  8 39 29.69000053  0.0   1
     3251  -1.6404818  101.1426595    2.77619      251.6       19.5      153.2     14.8      6.6      7.9 2023  9 28  8 40 15.93999958  0.0   1
     3252  -1.6407293  101.1450439    2.70468      517.1       -7.9       81.7     15.7      7.4      8.5 2023  9 28  8 40 38.47999954  0.0   1
     3253  -1.6423967  101.1405029    2.76591       11.9     -192.2      143.0     14.0      8.5      9.1 2023  9 28  8 40 41.38000107  0.0   1
     3254  -1.6447896  101.1424805    2.76480      231.5     -456.8      141.9     16.5      7.1      9.7 2023  9 28  8 41  2.16000009  0.0   1
     3255  -1.6424667  101.1461914    2.62084      644.8     -200.0       -2.1     15.1     11.3      8.1 2023  9 28  8 41 20.87999916  0.0   1
     3256  -1.6398193  101.1414632    2.63286      118.2       92.8        9.9     12.4      8.1      7.9 2023  9 28  8 41 55.04999924  0.0   1
     3257  -1.6395054  101.1452718    3.25691      542.7      127.5      634.0     20.8     13.3     11.2 2023  9 28  8 42 14.56999969  0.0   1
     3258  -1.6450750  101.1398356    2.72363      -62.4     -488.4      100.7     17.3     10.3      9.2 2023  9 28  8 42 19.54999924  0.0   1
     3259  -1.6442576  101.1487386    2.46737      928.4     -398.0     -155.6     13.6     12.0     12.8 2023  9 28  8 43 54.72999954  0.0   1
     3260  -1.6481984  101.1453125    2.11720      547.2     -833.8     -505.7     18.2      9.9     13.6 2023  9 28  8 44 16.90999985  0.0   1
     3261  -1.6394316  101.1439941    2.92352      400.1      135.6      300.6     10.6      8.9      8.3 2023  9 28  8 44 28.37999916  0.0   1
     3262  -1.6402610  101.1419352    2.87459      170.8       43.9      251.7     11.4      7.5      6.9 2023  9 28  8 47 19.86000061  0.0   1
     3263  -1.6410538  101.1436198    2.67342      358.3      -43.7       50.5     23.8     15.6     11.7 2023  9 28  8 47 33.06999969  0.0   1
     3264  -1.6431881  101.1401367    2.85314      -29.1     -279.7      230.2     16.1      7.4      8.3 2023  9 28  8 51 42.25999832  0.0   1
     3265  -1.6427682  101.1414632    2.76436      118.2     -233.3      141.4     14.7     10.8      8.0 2023  9 28  8 59 46.52999878  0.0   1
     3266  -1.6416981  101.1436035    2.54402      357.1     -115.0      -78.9     14.2      7.9      6.9 2023  9 28  9  4 21.27000046  0.0   1
     3267  -1.6426281  101.1419922    2.68247      177.5     -217.8       59.5     10.7      9.1      7.0 2023  9 28  9  5 15.84000015  0.0   1
     3268  -1.6417960  101.1450684    2.75865      519.5     -125.8      135.7     11.3      6.4      8.3 2023  9 28  9 10 20.37000084  0.0   1
     3269  -1.6444436  101.1343913    2.79772     -668.0     -418.6      174.8     16.6     10.3      7.7 2023  9 28  9 17 17.36000061  0.0   1
     3270  -1.6379484  101.1419596    2.70350      174.1      299.6       80.6     18.6      8.8      8.7 2023 10  5  7 35 44.90999985  0.0   1
     3271  -1.6130714  101.1344727    2.21585     -659.6     3050.4     -407.1     34.2     26.0     21.8 2023 10  8  0 46  1.73000002  0.0   1
     3272  -1.6127904  101.1307780    2.44977    -1070.6     3081.4     -173.2     37.6     27.2     22.2 2023 10  8  0 46 50.84000015  0.0   1
     3273  -1.6373149  101.1377360    3.16153     -296.2      369.7      538.6     35.7     15.2     11.3 2023 10  9 12  0 57.20999908  0.0   1
     3274  -1.6364649  101.1579102    2.83718     1949.0      463.7      214.2     16.1     10.0     13.2 2023 10  9 13 10 28.75000000  0.0   1
     3275  -1.6413901  101.1459717    2.47468      620.6      -80.9     -148.3     10.6      7.6      8.7 2023 10 10  8 52 47.47999954  0.0   1
     3276  -1.6473674  101.1448242    3.08487      492.8     -741.9      461.9     15.7     10.1     11.5 2023 10 12  2  8 51.72999954  0.0   1
     3277  -1.6456867  101.1453288    2.47462      548.3     -556.0     -148.3     13.0      8.1      9.7 2023 10 12  2 25 53.88999939  0.0   1
     3278  -1.6508551  101.1457520    2.54806      596.0    -1127.5      -74.9     35.2     15.6     14.0 2023 10 12  2 26 44.36999893  0.0   1
     3279  -1.6452296  101.1417725    2.70286      152.7     -505.5       79.9     21.2     12.7     10.5 2023 10 12  7 33 35.72000122  0.0   1
     3280  -1.6394760  101.1366374    2.88197     -418.7      130.7      259.0     23.6     21.3     15.6 2023 10 12  7 35 26.72999954  0.0   1
     3281  -1.6369555  101.1431722    3.10432      309.1      409.4      481.4     10.7      8.5      9.9 2023 10 12  7 44 21.15999985  0.0   1
     3282  -1.6371566  101.1455729    3.19050      576.3      387.2      567.6     13.8     10.7     11.5 2023 10 14  8 24 30.54000092  0.0   1
     3283  -1.6380006  101.1456868    3.40191      588.5      293.9      779.0     16.1     10.5      8.1 2023 10 14 10 32 46.22999954  0.0   1
     3284  -1.6395727  101.1394613    2.84842     -104.2      120.0      225.5     24.4     20.0     12.8 2023 10 14 16 31 41.02000046  0.0   1
     3285  -1.6404087  101.1379069    3.47372     -277.1       27.6      850.8     26.9     10.4      9.2 2023 10 17  8 13 56.77000046  0.0   1
     3286  -1.6415726  101.1274333    2.87968    -1442.5     -101.1      256.7     15.2     13.5      8.5 2023 10 17  9  1 32.40999985  0.0   1
     3288  -1.6387975  101.1365885    2.68717     -424.1      205.7       64.2     60.0     19.7     22.5 2023 10 18 14 21 34.95000076  0.0   1
