     2719  -1.6413930  101.1459635    2.83482      619.3      -81.3      211.9      9.4      8.1      5.5 2023  1  3  3 43 21.02000046  0.0   1
     2720  -1.6380110  101.1474121    3.03129      780.5      292.7      408.3     10.1      6.8      4.7 2023  1  3  3 52  5.73000002  0.0   1
     2721  -1.6368645  101.1506429    2.68966     1140.0      419.5       66.7     10.7      9.7      6.5 2023  1  3  3 52 21.03000069  0.0   1
     2722  -1.6424665  101.1374105    2.74694     -332.7     -200.0      124.0      7.6      3.3      3.2 2023  1  3  3 52 34.75000000  0.0   1
     2723  -1.6400009  101.1447673    2.82536      486.0       72.7      202.4      5.1      3.6      3.8 2023  1  3  4  2 20.45000076  0.0   1
     2724  -1.6395580  101.1458008    2.90910      601.3      121.6      286.2      6.5      4.3      4.6 2023  1  4 20 11 39.40000153  0.0   1
     2725  -1.6414360  101.1431559    2.85443      306.7      -86.0      231.5      9.1      6.5      5.0 2023  1  4 20 16 15.53999996  0.0   1
     2726  -1.6449729  101.1402832    2.63518      -12.8     -477.1       12.2     22.3      6.7      5.9 2023  1  4 20 17  9.68000031  0.0   1
     2727  -1.6494958  101.1279704    1.80451    -1382.9     -977.2     -818.4     53.2     44.2     55.0 2023  1  4 20 18 22.71999931  0.0   1
     2729  -1.6462172  101.1395426    2.77856      -94.9     -614.7      155.6     16.4     11.9     10.6 2023  1 11 13 28 50.43999863  0.0   1
     2734  -1.6417924  101.1462321    2.97285      649.4     -125.4      349.9      9.0      5.4      5.6 2023  1 20 18 30  0.36000001  0.0   1
     2735  -1.6440328  101.1393392    2.99436     -117.7     -373.1      371.4     13.5      5.6      3.9 2023  1 20 19 10 25.45999908  0.0   1
     2736  -1.6414822  101.1447266    2.64362      481.7      -91.1       20.7      5.1      4.3      4.3 2023  1 20 19 10 36.45999908  0.0   1
     2737  -1.6420013  101.1433512    2.60036      328.6     -148.5      -22.6      6.0      3.2      2.3 2023  1 20 19 11 19.44000053  0.0   1
     2738  -1.6411404  101.1409749    3.01957       64.6      -53.3      396.6      8.2      4.8      3.4 2023  1 20 19 11 38.47999954  0.0   1
     2739  -1.6396919  101.1429036    2.86477      278.7      106.8      241.8      6.3      4.7      2.8 2023  1 20 19 11 46.86000061  0.0   1
     2740  -1.6410418  101.1429850    2.67075      287.9      -42.4       47.8      8.9      4.0      3.7 2023  1 20 19 12  2.07999992  0.0   1
     2741  -1.6416533  101.1443197    2.87019      436.7     -110.0      247.2      5.2      4.4      2.8 2023  1 20 19 12 14.30000019  0.0   1
     2742  -1.6456739  101.1379395    2.59720     -273.6     -554.6      -25.7     13.7      6.8      7.2 2023  1 20 19 12 27.89999962  0.0   1
     2743  -1.6404376  101.1432048    2.78827      312.7       24.4      165.3      6.2      5.0      4.1 2023  1 20 19 12 41.43999863  0.0   1
     2744  -1.6388037  101.1439860    3.14787      399.5      205.1      524.9      8.9      6.4      3.5 2023  1 20 19 12 45.20000076  0.0   1
     2745  -1.6420475  101.1417480    2.97187      150.3     -153.6      348.9     10.8      4.5      3.2 2023  1 20 19 12 58.77999878  0.0   1
     2746  -1.6428205  101.1424072    2.91093      223.7     -239.1      288.0      7.4      3.6      4.0 2023  1 20 19 13  8.81999969  0.0   1
     2747  -1.6455418  101.1439209    2.55354      392.4     -540.0      -69.4      7.0      4.3      3.4 2023  1 20 19 13 21.52000046  0.0   1
     2748  -1.6396749  101.1414958    3.07547      122.7      108.7      452.5     21.8     10.9      6.6 2023  1 20 19 13 50.47999954  0.0   1
     2749  -1.6413794  101.1304036    2.48029    -1112.2      -79.8     -142.7     15.3     12.8     11.3 2023  1 20 19 13 59.40000153  0.0   1
     2750  -1.6404996  101.1359456    2.80482     -495.2       17.5      181.9     11.4      8.4      4.9 2023  1 20 19 14 14.26000023  0.0   1
     2751  -1.6418944  101.1438477    2.93213      384.0     -136.7      309.2      8.9      5.7      3.7 2023  1 20 19 14 47.25999832  0.0   1
     2752  -1.6427789  101.1467855    2.70764      710.8     -234.5       84.7      8.4      6.1      5.6 2023  1 20 19 14 50.77999878  0.0   1
     2753  -1.6424674  101.1382894    2.92110     -234.5     -200.0      298.2      8.5      6.5      6.1 2023  1 20 19 15  4.05999994  0.0   1
     2754  -1.6415197  101.1440674    2.72787      408.1      -95.3      104.9      4.4      3.0      2.5 2023  1 20 19 15 37.75999832  0.0   1
     2755  -1.6407803  101.1430990    2.77383      301.1      -13.5      150.9      5.0      4.9      3.8 2023  1 20 19 15 47.91999817  0.0   1
     2756  -1.6407473  101.1432861    2.79627      321.3       -9.9      173.3      6.5      4.2      3.7 2023  1 20 19 16  4.34000015  0.0   1
     2757  -1.6429478  101.1386556    2.76797     -193.6     -253.2      145.0     12.8      5.5      5.0 2023  1 20 19 16 23.39999962  0.0   1
     2758  -1.6385949  101.1463460    2.83899      662.3      228.1      216.1     11.2      8.3      5.6 2023  1 20 19 16 33.02000046  0.0   1
     2759  -1.6409330  101.1446615    2.78996      474.1      -30.4      167.0      5.8      3.7      3.1 2023  1 20 19 16 54.11999893  0.0   1
     2760  -1.6414722  101.1483561    2.74982      885.5      -90.0      126.9      9.4      4.8      4.8 2023  1 20 19 17 18.65999985  0.0   1
     2761  -1.6410643  101.1426107    2.80276      246.7      -44.9      179.8      5.4      4.1      2.9 2023  1 20 19 17 23.44000053  0.0   1
     2762  -1.6418396  101.1429606    2.73971      285.2     -130.6      116.8      4.9      2.4      2.6 2023  1 20 19 17 53.41999817  0.0   1
     2763  -1.6453468  101.1216471    1.85566    -2086.1     -518.4     -767.3     13.3     14.6     15.6 2023  1 20 19 17 59.56000137  0.0   1
     2764  -1.6375600  101.1487793    2.96442      932.8      342.6      341.5      7.9      6.3      3.7 2023  1 20 19 18 19.47999954  0.0   1
     2765  -1.6434116  101.1459147    2.94528      613.5     -304.5      322.3      6.6      5.4      3.4 2023  1 20 19 18 31.20000076  0.0   1
     2766  -1.6440165  101.1388265    2.72053     -174.6     -371.3       97.6      9.1      5.2      6.1 2023  1 20 19 18 39.00000000  0.0   1
     2767  -1.6415218  101.1406657    2.90177       30.1      -95.5      278.8      7.9      5.3      3.5 2023  1 20 19 20 12.10000038  0.0   1
     2768  -1.6420977  101.1365967    2.74118     -422.9     -159.2      118.2     13.6      7.8      5.2 2023  1 20 19 20 39.81999969  0.0   1
     2769  -1.6422579  101.1412760    2.90362       97.7     -176.9      280.7     18.5      6.9      4.9 2023  1 20 19 21  7.40000010  0.0   1
     2770  -1.6419792  101.1408122    2.92493       45.9     -146.1      302.0     11.2      4.4      3.4 2023  1 20 19 21 18.81999969  0.0   1
     2771  -1.6407918  101.1517334    2.56051     1261.7      -14.8      -62.4      8.1      8.3      6.5 2023  1 20 19 21 59.91999817  0.0   1
     2772  -1.6423360  101.1444255    3.04237      448.3     -185.5      419.4      8.3      5.0      4.6 2023  1 20 19 22 12.19999981  0.0   1
     2773  -1.6388779  101.1541016    2.38178     1525.2      196.9     -241.2     17.3     15.5     15.5 2023  1 20 19 22 39.93999863  0.0   1
     2774  -1.6433167  101.1407796    3.07144       42.6     -294.0      448.5     13.9      4.9      4.3 2023  1 20 19 22 45.40000153  0.0   1
     2775  -1.6450403  101.1358236    2.80329     -509.1     -484.5      180.3     10.4      5.7      4.5 2023  1 20 19 23  1.05999994  0.0   1
     2776  -1.6460515  101.1424805    2.36870      231.7     -596.4     -254.2      5.7      4.1      5.0 2023  1 20 19 23  6.86000013  0.0   1
     2777  -1.6415916  101.1394043    2.76488     -110.4     -103.2      141.9     10.0      5.6      4.1 2023  1 20 19 24 26.95999908  0.0   1
     2778  -1.6462999  101.1254313    2.56695    -1665.2     -623.8      -56.0     14.7     11.2     12.6 2023  1 20 19 24 30.94000053  0.0   1
     2779  -1.6459633  101.1364339    2.60452     -441.4     -586.6      -18.4     13.7      6.5      3.5 2023  1 20 19 24 45.20000076  0.0   1
     2780  -1.6477519  101.1320394    2.31510     -930.2     -784.4     -307.8     14.4      8.2      8.8 2023  1 20 19 24 52.18000031  0.0   1
     2782  -1.6400471  101.1522624    2.62828     1320.4       67.6        5.3      9.2      8.5      6.3 2023  1 20 19 25 16.07999992  0.0   1
     2783  -1.6497571  101.1326009    1.45481     -867.2    -1006.1    -1168.1     19.6     12.5     16.1 2023  1 20 19 26 19.50000000  0.0   1
     2784  -1.6367268  101.1562663    2.74312     1765.7      434.7      120.2     23.9     26.4     19.5 2023  1 20 19 26 40.24000168  0.0   1
     2785  -1.6452939  101.1456299    2.96962      582.0     -512.6      346.7     11.5      6.7      8.5 2023  1 20 19 26 53.72000122  0.0   1
     2786  -1.6416485  101.1443197    2.63424      436.2     -109.5       11.3      5.5      3.6      3.5 2023  1 20 19 28  3.14000010  0.0   1
     2787  -1.6431365  101.1398356    2.68925      -62.7     -274.0       66.3      9.4      4.4      3.6 2023  1 20 19 28 27.34000015  0.0   1
     2788  -1.6413137  101.1440104    2.84159      402.2      -72.5      218.6      5.8      4.6      3.9 2023  1 20 19 28 29.31999969  0.0   1
     2789  -1.6411652  101.1440023    2.65840      401.1      -56.1       35.5      8.5      4.5      4.1 2023  1 20 19 28 39.91999817  0.0   1
     2790  -1.6453950  101.1420980    2.80494      189.1     -523.8      182.0     14.6      7.6      6.2 2023  1 20 19 29 12.73999977  0.0   1
     2791  -1.6435251  101.1416667    2.84003      141.3     -317.0      217.1      7.5      4.1      3.7 2023  1 20 19 29 38.18000031  0.0   1
     2792  -1.6420034  101.1452230    2.77724      537.1     -148.7      154.3      7.9      5.3      5.0 2023  1 20 19 30 28.65999985  0.0   1
     2793  -1.6413859  101.1422119    2.76880      202.1      -80.5      145.9      6.0      4.7      3.7 2023  1 20 19 30 43.77999878  0.0   1
     2794  -1.6454762  101.1323893    2.50405     -891.3     -532.7     -118.9     13.0      8.0      7.7 2023  1 20 19 30 58.61999893  0.0   1
     2795  -1.6343936  101.1572347    2.16481     1873.7      692.7     -458.1     22.6     25.4     21.4 2023  1 20 19 31  4.38000011  0.0   1
     2796  -1.6425203  101.1475993    2.55248      801.5     -205.9      -70.5     12.2      7.5      4.0 2023  1 20 19 31  9.84000015  0.0   1
     2797  -1.6421191  101.1429769    2.89184      287.4     -161.5      268.9      4.6      3.2      2.7 2023  1 20 19 31 49.70000076  0.0   1
     2798  -1.6421694  101.1487223    2.78455      926.3     -167.1      161.6      6.1      5.0      3.5 2023  1 20 19 32  3.83999991  0.0   1
     2799  -1.6424623  101.1430339    2.76118      293.6     -199.5      138.2     15.2      6.1      6.7 2023  1 20 19 32  9.02000046  0.0   1
     2800  -1.6414317  101.1414551    2.91420      117.6      -85.5      291.3      5.1      2.7      2.8 2023  1 20 19 32 20.89999962  0.0   1
     2801  -1.6423781  101.1408285    2.76698       48.4     -190.2      144.0      6.4      4.0      3.8 2023  1 20 19 32 52.88000107  0.0   1
     2802  -1.6420120  101.1435384    2.71638      349.3     -149.7       93.4      6.5      3.7      3.4 2023  1 20 19 32 59.25999832  0.0   1
     2803  -1.6423976  101.1418864    2.95471      165.6     -192.3      331.8      8.5      5.6      3.7 2023  1 20 19 33  9.80000019  0.0   1
     2804  -1.6432814  101.1381429    2.72590     -250.6     -290.1      103.0      9.9      4.9      5.2 2023  1 20 19 33 34.56000137  0.0   1
     2805  -1.6410887  101.1502116    2.86537     1091.9      -47.6      242.4      6.9      9.6      6.7 2023  1 20 19 33 48.00000000  0.0   1
     2806  -1.6432426  101.1385417    2.88305     -206.6     -285.8      260.1     19.3      9.1      4.7 2023  1 20 19 33 53.97999954  0.0   1
     2807  -1.6404240  101.1471924    2.71389      755.7       25.9       90.9      7.6      4.5      3.6 2023  1 20 19 34 15.69999981  0.0   1
     2808  -1.6460887  101.1236410    1.36704    -1864.9     -600.5    -1255.9     16.6     11.9     18.5 2023  1 20 19 34 33.22000122  0.0   1
     2809  -1.6445230  101.1357585    2.62423     -516.0     -427.3        1.3     10.4      5.8      7.3 2023  1 20 19 34 48.20000076  0.0   1
     2810  -1.6419530  101.1427409    2.59740      261.0     -143.2      -25.5      6.2      5.4      4.3 2023  1 20 19 34 58.11999893  0.0   1
     2811  -1.6427598  101.1464437    2.98331      672.6     -232.4      360.4      8.6      4.9      4.2 2023  1 20 19 35 21.10000038  0.0   1
     2812  -1.6416248  101.1420410    2.91660      182.8     -106.9      293.7      7.2      5.0      3.1 2023  1 20 19 35 48.25999832  0.0   1
     2813  -1.6415212  101.1448405    2.77719      494.8      -95.4      154.2      6.1      3.5      2.9 2023  1 20 19 36 32.65999985  0.0   1
     2814  -1.6436339  101.1444824    2.88337      454.9     -329.0      260.4      6.5      4.6      3.1 2023  1 20 19 36 50.90000153  0.0   1
     2815  -1.6412989  101.1425700    2.80083      241.6      -70.9      177.9      7.7      4.7      3.9 2023  1 20 19 43 50.43999863  0.0   1
     2816  -1.6420649  101.1428548    2.93015      273.7     -155.5      307.2      8.0      6.9      5.7 2023  1 20 19 43 54.97999954  0.0   1
     2817  -1.6410451  101.1440999    2.72495      412.0      -42.8      102.0      4.5      4.0      3.4 2023  1 20 19 49 56.54000092  0.0   1
     2818  -1.6417315  101.1452067    2.90781      535.6     -118.7      284.9     10.2      6.9      3.8 2023  1 20 19 53 30.76000023  0.0   1
     2819  -1.6412692  101.1435628    2.81072      352.4      -67.6      187.8      7.6      5.4      4.2 2023  1 20 19 57 15.27999973  0.0   1
     2820  -1.6419567  101.1436442    2.61190      360.9     -143.6      -11.0      6.6      3.1      3.3 2023  1 20 19 57 23.65999985  0.0   1
     2821  -1.6402215  101.1439453    2.77227      395.3       48.3      149.3      7.0      4.6      3.6 2023  1 20 20 23  4.65999985  0.0   1
     2822  -1.6413626  101.1406087    2.80082       23.6      -77.9      177.9     15.0      4.8      4.9 2023  1 21  1 56 37.25000000  0.0   1
     2823  -1.6395972  101.1482829    2.82813      877.2      117.3      205.2      8.6      6.1      5.0 2023  1 30 17 30  4.76000023  0.0   1
     2824  -1.6420965  101.1403402    2.78510       -6.7     -159.0      162.2      7.2      5.2      4.2 2023  1 30 17 30 40.74000168  0.0   1
     2825  -1.6453807  101.1283285    1.92120    -1342.9     -522.2     -701.7     11.5      8.7     11.0 2023  2 18 22 35 10.69999981  0.0   1
     2826  -1.6386878  101.1440186    2.82829      403.1      217.9      205.3      8.5      5.6      5.1 2023  2 18 22 38 25.92000008  0.0   1
     2827  -1.6411109  101.1421712    2.66372      197.4      -50.1       40.8     12.1      6.0      5.2 2023  2 18 22 38 33.40000153  0.0   1
     2828  -1.6450691  101.1310628    2.21415    -1038.5     -487.7     -408.8     13.5      8.9      9.3 2023  2 18 22 39  5.48000002  0.0   1
     2829  -1.6469423  101.1362793    2.39295     -458.1     -694.9     -230.0     14.3      7.9      6.8 2023  2 26 15 14 57.77000046  0.0   1
     2830  -1.6464391  101.1326742    2.02157     -859.2     -639.2     -601.4     17.1     10.8     12.1 2023  2 27 22 34 11.93999958  0.0   1
     2831  -1.6422426  101.1523519    2.69528     1330.7     -175.2       72.3      8.5      8.3      6.1 2023  2 27 22 34 17.97999954  0.0   1
     2832  -1.6473386  101.1375407    2.20988     -317.4     -738.7     -413.1     22.6      9.0     11.6 2023  2 27 22 34 39.31999969  0.0   1
     2833  -1.6420582  101.1357503    2.75468     -516.9     -154.8      131.7     12.7      7.7      5.6 2023  2 27 22 34 42.22000122  0.0   1
     2834  -1.6405674  101.1396566    2.75381      -82.6       10.0      130.9      7.1      3.9      3.1 2023  3  8  4 53 44.11000061  0.0   1
     2835  -1.6398429  101.1375407    2.83996     -318.0       90.2      217.0     11.7      6.3      4.3 2023  3 12 23 29 24.12000084  0.0   1
     2836  -1.6410155  101.1375407    2.92180     -318.1      -39.5      298.9     14.6      6.5      3.2 2023  3 19 14 58 26.79999924  0.0   1
     2837  -1.6419768  101.1446126    2.83467      469.2     -145.8      211.7      7.8      5.4      3.5 2023  3 19 14 58 27.35000038  0.0   1
     2838  -1.6389601  101.1436849    2.91226      366.1      187.8      289.3     10.2      7.0      4.0 2023  3 19 14 58 41.38999939  0.0   1
     2839  -1.6430272  101.1419922    2.77526      177.7     -262.0      152.3     12.6      4.3      4.0 2023  3 19 14 59  5.11999989  0.0   1
     2840  -1.6414703  101.1431478    2.87390      306.1      -89.8      251.0     11.2      5.5      3.7 2023  3 19 15  0 56.34000015  0.0   1
     2841  -1.6403642  101.1457601    2.79009      596.8       32.5      167.1      8.8      7.1      4.4 2023  3 19 15  7 48.63000107  0.0   1
     2842  -1.6410308  101.1436117    2.78163      357.5      -41.2      158.7      7.3      5.2      3.9 2023  3 19 15  8  6.13999987  0.0   1
     2843  -1.6411968  101.1459554    2.71911      618.1      -59.6       96.2      8.5      4.4      5.4 2023  3 19 15  8 45.77000046  0.0   1
     2844  -1.6422174  101.1450033    2.64503      512.5     -172.4       22.1      6.0      5.7      4.1 2023  3 19 15 10  1.89999998  0.0   1
     2845  -1.6418844  101.1414225    3.00497      113.7     -135.6      382.0     11.1      5.3      4.1 2023  3 19 15 10 17.05999947  0.0   1
     2846  -1.6426753  101.1352946    2.88339     -567.5     -223.0      260.4     15.7      9.0      6.3 2023  3 19 15 10 42.45999908  0.0   1
     2847  -1.6393475  101.1403483    3.25126       -5.3      144.9      628.3     12.4     10.8      5.5 2023  3 19 15 12  7.92000008  0.0   1
     2848  -1.6384622  101.1454346    3.01231      560.9      242.8      389.4      9.2     10.7      5.0 2023  3 19 15 12 41.66999817  0.0   1
     2849  -1.6397087  101.1456624    2.95122      586.0      105.0      328.3      8.9      7.5      4.1 2023  3 19 15 13  3.02999997  0.0   1
     2850  -1.6452915  101.1347168    2.71728     -631.7     -512.3       94.3     11.5      8.2      7.8 2023  3 19 15 13 29.22999954  0.0   1
     2851  -1.6408914  101.1416829    2.88593      143.1      -25.8      263.0     15.0      5.9      4.4 2023  3 19 15 14 14.53999996  0.0   1
     2852  -1.6443860  101.1290934    2.09860    -1257.9     -412.2     -524.3     10.6      9.2      9.0 2023  3 19 15 14 23.75000000  0.0   1
     2853  -1.6403094  101.1433268    2.72642      326.2       38.6      103.5      8.1      5.4      2.9 2023  3 19 15 17  0.95999998  0.0   1
     2854  -1.6412393  101.1424723    2.71096      230.7      -64.3       88.0      9.3      4.2      5.5 2023  3 19 15 17 15.43000031  0.0   1
     2855  -1.6398542  101.1427246    2.93946      259.1       88.9      316.5     19.6      7.4      5.8 2023  3 19 15 17 23.26000023  0.0   1
     2856  -1.6428721  101.1397380    2.76872      -73.7     -244.8      145.8     16.4      7.1      4.6 2023  3 19 15 17 27.55999947  0.0   1
     2857  -1.6400040  101.1491130    2.87583      969.9       72.3      252.9      6.1      8.4      6.0 2023  3 19 15 17 37.34000015  0.0   1
     2858  -1.6410655  101.1436605    2.84590      363.1      -45.0      223.0      9.8      5.4      4.1 2023  3 30 10 37 55.43000031  0.0   1
     2859  -1.6409622  101.1465739    2.74103      687.4      -33.6      118.1      7.8      4.7      3.7 2023  3 30 10 38 31.47999954  0.0   1
     2860  -1.6440715  101.1369059    2.88800     -388.8     -377.4      265.1     11.3      6.4      4.2 2023  3 30 10 38 50.88000107  0.0   1
     2861  -1.6425079  101.1425130    2.97823      235.1     -204.5      355.3     22.6      5.4      4.5 2023  3 30 10 38 55.63999939  0.0   1
     2862  -1.6422549  101.1433187    2.60412      325.0     -176.6      -18.8      7.0      5.9      4.9 2023  3 30 10 39 42.11999893  0.0   1
     2863  -1.6406030  101.1372559    3.25386     -349.4        6.1      630.9     18.6      8.8      4.7 2023  3 30 10 39 48.84999847  0.0   1
     2864  -1.6421838  101.1427083    2.78690      257.2     -168.7      164.0      3.8      4.7      3.7 2023  3 30 10 40  7.73999977  0.0   1
     2865  -1.6415849  101.1398600    2.84736      -59.6     -102.5      224.4      9.3      4.3      4.6 2023  3 30 10 40 14.48999977  0.0   1
     2866  -1.6390845  101.1371908    2.85237     -357.0      174.0      229.4     15.4      7.1      5.3 2023  3 30 10 40 28.92000008  0.0   1
     2867  -1.6406115  101.1409505    2.74807       61.7        5.2      125.1     12.1      6.5      5.4 2023  3 30 10 40 36.38999939  0.0   1
     2868  -1.6388059  101.1439535    2.72930      395.6      204.8      106.4      9.2      6.2      4.4 2023  3 30 10 40 42.43999863  0.0   1
     2869  -1.6455205  101.1342611    2.73070     -682.9     -537.6      107.8     19.2      7.8      6.5 2023  3 30 10 41  9.31999969  0.0   1
     2870  -1.6414516  101.1415934    2.80913      133.4      -87.7      186.2     12.0      3.9      3.2 2023  3 30 10 41 20.13999939  0.0   1
     2871  -1.6458422  101.1378988    2.84142     -277.6     -573.2      218.5     13.5      5.5      4.6 2023  3 30 10 41 29.93000031  0.0   1
     2872  -1.6449599  101.1323975    2.44988     -890.1     -475.7     -173.1     12.0      7.6      7.7 2023  3 30 10 42  3.19000006  0.0   1
     2873  -1.6419715  101.1442952    2.72830      433.8     -145.2      105.4      7.4      4.7      3.7 2023  3 30 10 42 11.61999989  0.0   1
     2874  -1.6423776  101.1406494    2.84770       27.8     -190.1      224.8     14.6      6.1      4.6 2023  3 30 10 45 34.45999908  0.0   1
     2875  -1.6403009  101.1385579    2.87430     -204.4       39.5      251.4     17.3      9.7      5.4 2023  3 30 10 49 11.32999992  0.0   1
     2877  -1.6390297  101.1466227    2.87216      692.9      180.1      249.2      8.7      6.9      2.9 2023  4  4 21 16 12.35999966  0.0   1
     2878  -1.6391680  101.1365153    3.01125     -432.2      164.8      388.3     11.3     10.9      5.2 2023  4  4 21 17 38.91999817  0.0   1
     2879  -1.6402171  101.1447266    2.69026      481.3       48.8       67.3      8.0      5.3      4.7 2023  4  4 21 19 37.68000031  0.0   1
     2880  -1.6403594  101.1497233    2.88144     1037.6       33.0      258.5     10.2      9.0      6.7 2023  4  4 21 20  7.90000010  0.0   1
     2881  -1.6396299  101.1452148    2.91908      536.1      113.7      296.1      7.8      6.0      5.4 2023  4  4 21 21 24.20000076  0.0   1
     2882  -1.6400941  101.1468913    2.55716      722.3       62.4      -65.8      5.7      4.0      3.4 2023  4  4 21 21 37.93999863  0.0   1
     2883  -1.6403868  101.1377279    2.79892     -296.6       30.0      176.0     17.8      8.5      6.7 2023  4  4 21 21 52.75999832  0.0   1
     2884  -1.6445915  101.1418294    2.57450      158.9     -434.9      -48.4      8.6      4.9      4.1 2023  4  4 21 21 54.95999908  0.0   1
     2885  -1.6399045  101.1519043    2.88220     1280.4       83.3      259.3     12.3      9.8      7.3 2023  4  4 21 22  3.64000010  0.0   1
     2886  -1.6440281  101.1413411    2.82573      104.8     -372.6      202.8      8.6      5.0      5.6 2023  4  7  6 28 12.28999996  0.0   1
     2889  -1.6016510  101.1254395    1.90401    -1664.7     4313.2     -718.9     20.2     16.8     13.1 2023  4 14  5 51 20.79999924  0.0   1
     2890  -1.6062505  101.1243164    2.15269    -1789.5     3804.6     -470.3     20.4     21.1     12.5 2023  4 14  5 51 25.79999924  0.0   1
     2893  -1.6388429  101.1443441    2.94217      438.9      200.7      319.2     10.0      5.8      5.8 2023  5 15 17 26 39.81999969  0.0   1
     2894  -1.6387273  101.1487467    2.88345      929.4      213.5      260.5      9.8      7.8      7.2 2023  5 15 17 32 30.39999962  0.0   1
     2895  -1.6446700  101.1397542    2.67491      -71.7     -443.6       52.0      8.3      6.8      6.3 2023  5 19 22 49 48.45999908  0.0   1
     2896  -1.6426290  101.1445068    2.80285      457.4     -217.9      179.9     10.8      6.1      3.4 2023  5 19 22 54 49.02000046  0.0   1
     2897  -1.6407708  101.1392822    2.85781     -123.8      -12.5      234.9     20.1      6.8      4.4 2023  5 19 22 54 53.54000092  0.0   1
     2901  -1.6416710  101.1353597    2.71086     -560.4     -112.0       87.9     11.2      7.4      5.8 2023  5 27 15 42  8.60000038  0.0   1
     2903  -1.6431592  101.1395996    2.63364      -88.3     -276.5       10.7     14.5      7.0      7.7 2023  5 28 18 49 16.21999931  0.0   1
     2905  -1.6474508  101.1240641    1.71772    -1817.8     -751.1     -905.2     12.5     10.6     12.9 2023  6  6  1 40 44.04000092  0.0   1
     2906  -1.6418376  101.1337809    2.54750     -735.9     -130.4      -75.4     10.4      6.7      5.3 2023  6  6  1 42 24.76000023  0.0   1
     2907  -1.6403825  101.1378662    2.76082     -281.8       30.5      137.9     13.8      7.6      5.0 2023  6  6  1 48 22.26000023  0.0   1
     2908  -1.6410862  101.1444661    2.74309      452.3      -47.3      120.2     10.6      3.5      4.4 2023  6  6  1 48 43.06999969  0.0   1
     2909  -1.6428745  101.1468506    2.65247      718.5     -245.1       29.5     12.1      4.9      3.9 2023  6  6  1 51 12.57999992  0.0   1
     2910  -1.6427823  101.1452962    2.70463      545.2     -234.9       81.7      9.4      5.1      4.8 2023  6  6  1 51 15.86999989  0.0   1
     2911  -1.6424847  101.1419840    2.87147      176.5     -202.0      248.5      7.0      4.1      3.3 2023  6  6  1 51 30.25000000  0.0   1
     2912  -1.6433002  101.1454427    2.93685      561.8     -292.1      313.9      6.8      3.6      4.0 2023  6  6  1 52 19.11000061  0.0   1
     2913  -1.6422882  101.1429525    2.93020      284.1     -180.2      307.3      9.0      4.5      4.1 2023  6  6  1 52 40.33000183  0.0   1
     2914  -1.6408811  101.1436279    2.96389      359.8      -24.7      340.9      7.5      6.1      5.0 2023  6  6  1 52 50.29999924  0.0   1
     2915  -1.6421982  101.1439616    2.82750      396.3     -170.3      204.6     12.9      5.9      5.3 2023  6  6  1 53 28.01000023  0.0   1
     2916  -1.6445391  101.1422933    2.84612      210.7     -429.1      223.2      9.1      4.7      4.9 2023  6  6  1 54  5.28999996  0.0   1
     2917  -1.6432514  101.1455160    2.80962      569.8     -286.7      186.7      5.9      4.2      4.3 2023  6  6  1 54 28.88999939  0.0   1
     2918  -1.6436269  101.1416748    2.88212      142.4     -328.3      259.2     14.5      4.4      4.3 2023  6  6  1 54 37.52999878  0.0   1
     2919  -1.6430767  101.1508626    2.76109     1164.1     -267.4      138.1      6.1      6.5      5.9 2023  6  6  1 54 44.18999863  0.0   1
     2921  -1.6472396  101.1271240    1.63244    -1477.3     -727.7     -990.5     11.6      8.9     12.3 2023  6  6  1 55 12.25000000  0.0   1
     2922  -1.6414257  101.1420329    2.88601      182.2      -84.9      263.1     13.1      4.5      4.1 2023  6  6  1 55 25.79999924  0.0   1
     2923  -1.6430208  101.1404460    2.65446        5.8     -261.2       31.5      9.5      3.8      3.2 2023  6  6  1 55 44.54999924  0.0   1
     2924  -1.6401307  101.1458089    2.84115      602.3       58.3      218.2      7.7      5.2      4.0 2023  6  6  1 55 52.50999832  0.0   1
     2925  -1.6434439  101.1379476    2.84476     -272.7     -308.0      221.8     18.0      7.4      5.6 2023  6  6  1 56  1.14999998  0.0   1
     2926  -1.6429976  101.1419271    2.97762      169.9     -258.7      354.7     10.9      6.6      5.0 2023  6  6  1 56  8.31999969  0.0   1
     2927  -1.6510817  101.1285807    0.85108    -1314.6    -1152.6    -1771.9     15.1     12.1     20.7 2023  6  6  1 56 16.76000023  0.0   1
     2928  -1.6424815  101.1417155    2.80082      146.4     -201.6      177.9      8.1      2.7      3.0 2023  6  6  1 56 29.04999924  0.0   1
     2929  -1.6482457  101.1288900    1.78545    -1280.4     -839.0     -837.5     11.5      7.5     10.2 2023  6  6  1 56 36.79000092  0.0   1
     2930  -1.6411641  101.1448730    2.87259      498.3      -55.9      249.6      9.0      5.1      3.5 2023  6  6  1 57 14.22000027  0.0   1
     2931  -1.6422024  101.1431478    2.79236      306.0     -170.8      169.4      8.2      3.6      3.4 2023  6  6  1 57 25.55999947  0.0   1
     2932  -1.6409779  101.1400960    2.89505      -33.1      -35.3      272.1      9.1      6.4      5.1 2023  6  6  1 57 28.88999939  0.0   1
     2933  -1.6420069  101.1437581    2.66681      374.3     -149.1       43.9      7.1      3.3      3.7 2023  6  6  1 57 37.61999893  0.0   1
     2934  -1.6421828  101.1438558    3.01824      384.8     -168.6      395.3      5.0      3.6      3.5 2023  6  6  1 57 45.38000107  0.0   1
     2935  -1.6389798  101.1481771    2.86182      865.5      185.6      239.9      5.7      4.8      3.6 2023  6  6  1 58  3.48000002  0.0   1
     2936  -1.6406422  101.1426514    2.84651      251.2        1.8      223.6     10.4      9.5      4.6 2023  6  6  1 58 51.29000092  0.0   1
     2937  -1.6440701  101.1448730    2.70321      498.5     -377.3       80.3      5.8      4.5      4.8 2023  6  6  1 59  4.92000008  0.0   1
     2938  -1.6427010  101.1253174    1.70742    -1677.6     -225.9     -915.5     46.6     48.9     53.9 2023  6  6  2  0 18.29000092  0.0   1
     2939  -1.6420480  101.1443929    2.85676      445.1     -153.7      233.8      8.8      6.5      3.5 2023  6  6  2  0 50.33000183  0.0   1
     2940  -1.6426580  101.1427734    2.80240      264.7     -221.1      179.5      8.9      3.8      3.5 2023  6  6  2  1 17.14999962  0.0   1
     2941  -1.6440904  101.1431152    2.54994      302.4     -379.5      -73.0     11.0      8.2      7.4 2023  6  6  2  1 29.55999947  0.0   1
     2942  -1.6414748  101.1431722    2.74243      308.7      -90.3      119.5      7.8      3.1      3.2 2023  6  6  2  1 36.97999954  0.0   1
     2943  -1.6398399  101.1450277    2.58972      514.9       90.5      -32.2      7.7      5.5      3.9 2023  6  6  2  1 54.45999908  0.0   1
     2944  -1.6401170  101.1430745    2.90806      298.2       59.8      285.1      5.8      3.3      2.9 2023  6  6  2  2 19.39999962  0.0   1
     2945  -1.6464259  101.1430827    2.74420      298.5     -637.8      121.3     14.3      5.8      6.2 2023  6  6  2  3 32.54000092  0.0   1
     2946  -1.6442701  101.1446045    2.64734      468.0     -399.4       24.4      6.0      5.9      4.5 2023  6  6  2  5 16.29999924  0.0   1
     2947  -1.6343023  101.1534749    2.72350     1455.0      702.8      100.6     15.8     20.6     11.4 2023  6  6  2 11 56.61000061  0.0   1
     2948  -1.6413283  101.1442057    2.77267      423.4      -74.1      149.7      8.5      4.5      4.3 2023  6  6  2 57 14.14999962  0.0   1
     2949  -1.6411678  101.1438232    2.74921      381.6      -56.3      126.3      7.1      3.1      3.7 2023  6  6  2 57 29.37000084  0.0   1
     2950  -1.6402134  101.1487793    2.63478      933.1       49.2       11.8      5.5      4.8      3.6 2023  6  6  2 57 54.09999847  0.0   1
     2951  -1.6395507  101.1371663    2.69195     -359.8      122.5       69.0      9.5      6.2      4.6 2023  6  6  2 58  2.06999993  0.0   1
     2952  -1.6417074  101.1498372    1.93610     1050.6     -116.0     -686.8     20.8     14.8     16.2 2023  6  6  2 58 17.95000076  0.0   1
     2953  -1.6457471  101.1348226    2.30216     -620.5     -562.7     -320.8     13.3      7.2      7.7 2023  6  6  2 58 41.36999893  0.0   1
     2954  -1.6422658  101.1470052    2.47313      735.0     -177.8     -149.8      5.5      4.1      3.5 2023  6  6  2 59 47.00999832  0.0   1
     2955  -1.6389531  101.1517822    3.03852     1266.9      188.5      415.6     10.5      9.9      8.4 2023  6  6 22 40 15.80000019  0.0   1
     2962  -1.6410479  101.1398031    2.67159      -66.4      -43.1       48.6      9.6      3.9      3.2 2023  7  4 19 19 48.45999908  0.0   1
     2967  -1.6458880  101.1265218    2.27718    -1544.0     -578.3     -345.8     14.6     10.7     12.7 2023  7 14 23 38 10.26000023  0.0   1
     2968  -1.6408886  101.1432210    2.89879      314.6      -25.5      275.8      5.7      3.9      3.4 2023  7 15  2  2 49.29000092  0.0   1
     2969  -1.6414571  101.1413330    2.80235      103.7      -88.3      179.4     10.8      6.0      5.5 2023  7 15  2  5 39.86000061  0.0   1
     2972  -1.6411570  101.1409180    2.88689       57.9      -55.2      263.9     15.0      9.1      4.8 2023  7 15  9 27  6.65999985  0.0   1
     2973  -1.6413284  101.1434570    2.74720      340.4      -74.1      124.3      4.0      3.4      2.7 2023  7 15  9 29 55.13999939  0.0   1
     2974  -1.6414880  101.1432048    2.70293      312.7      -91.8       80.0      6.6      3.0      2.8 2023  7 15  9 30  2.75999999  0.0   1
     2975  -1.6417193  101.1420573    2.73048      184.4     -117.3      107.5      4.7      4.0      3.1 2023  7 15  9 30 27.43000031  0.0   1
     2976  -1.6414706  101.1439941    2.71568      400.7      -89.8       92.7      7.9      4.3      3.7 2023  7 15  9 31 39.70999908  0.0   1
     2977  -1.6342021  101.1217448    2.10211    -2075.8      713.9     -520.8     15.3     12.6     13.7 2023  7 17 15  4 33.40000153  0.0   1
     2978  -1.6406190  101.1425537    2.82359      240.3        4.3      200.6      6.7      4.3      3.8 2023  7 19  2  5 31.29000092  0.0   1
     2979  -1.6396240  101.1420247    3.12243      180.9      114.3      499.5      7.4      3.8      3.2 2023  7 19  2 18 47.72999954  0.0   1
     2980  -1.6424421  101.1452230    2.82504      537.2     -197.3      202.1      7.1      2.8      3.0 2023  7 19  2 21  5.59999990  0.0   1
     2981  -1.6358063  101.1508301    2.94535     1161.1      536.5      322.4      9.8      9.6      9.2 2023  7 19  2 21  8.77999973  0.0   1
     2982  -1.6400330  101.1420410    2.93466      183.0       69.1      311.7      6.9      3.7      3.2 2023  7 19  2 59 40.54000092  0.0   1
     2983  -1.6414536  101.1432617    2.83268      319.2      -88.0      209.7      7.0      4.1      3.6 2023  7 19  3  0  3.86999989  0.0   1
     2984  -1.6412155  101.1468343    2.58244      716.6      -61.6      -40.5      6.3      4.5      4.2 2023  7 19  3  0 15.28999996  0.0   1
     2985  -1.6412333  101.1437826    2.70793      376.5      -63.6       85.0      6.3      4.6      2.9 2023  7 19  3  0 25.79000092  0.0   1
     2986  -1.6432813  101.1388672    2.81348     -170.3     -290.0      190.5     12.5      5.7      4.0 2023  7 19  3  1  0.31999999  0.0   1
     2987  -1.6450858  101.1440592    2.56855      407.3     -489.6      -54.4      5.6      4.8      4.6 2023  7 19  3  1 12.77000046  0.0   1
     2988  -1.6420801  101.1426921    2.62302      255.4     -157.2        0.1      5.4      3.5      3.0 2023  7 19  3  1 20.85000038  0.0   1
     2989  -1.6413432  101.1386068    2.93685     -199.3      -75.7      313.9     12.8      5.4      3.6 2023  7 19  3  1 31.04999924  0.0   1
     2990  -1.6401384  101.1467041    2.92082      701.4       57.5      297.9      7.8      4.8      4.4 2023  7 19  3  1 58.95000076  0.0   1
     2991  -1.6416753  101.1420329    2.98870      181.9     -112.5      365.8      9.4      5.0      3.4 2023  7 19  3  2 24.22999954  0.0   1
     2992  -1.6412163  101.1428385    2.69445      271.8      -61.7       71.5      7.9      4.7      3.8 2023  7 19  3  2 31.32999992  0.0   1
     2994  -1.6461522  101.1420247    2.40707      181.4     -607.5     -215.9     20.5      6.0      4.6 2023  7 19  3  3  5.17000008  0.0   1
     2995  -1.6423501  101.1423096    2.78226      212.5     -187.1      159.3     10.3      5.0      3.0 2023  7 19  3  3 49.45000076  0.0   1
     2996  -1.6410515  101.1440023    2.88138      401.4      -43.5      258.4      6.1      3.6      3.7 2023  7 19  3  4 25.73999977  0.0   1
     2997  -1.6428080  101.1411051    2.43126       79.0     -237.7     -191.7     16.3      5.0      4.1 2023  7 19  3  4 42.90000153  0.0   1
     2998  -1.6402594  101.1421387    3.02552      193.4       44.1      402.6     13.2      4.5      4.0 2023  7 19  3  4 47.33000183  0.0   1
     2999  -1.6414603  101.1413818    2.97662      109.6      -88.7      353.7      8.9      5.6      4.1 2023  7 19  3  5 55.38999939  0.0   1
     3000  -1.6396186  101.1447673    2.83279      486.3      114.9      209.8      6.6      4.3      3.8 2023  7 19  3  6 34.20999908  0.0   1
     3001  -1.6421291  101.1432454    2.70306      316.6     -162.6       80.1      5.0      3.3      3.2 2023  7 19  3  7 18.03000069  0.0   1
     3002  -1.6436203  101.1424967    2.71105      233.8     -327.5       88.1      6.1      4.1      3.4 2023  7 19  3  7 20.17000008  0.0   1
     3003  -1.6416293  101.1514323    2.49580     1228.0     -107.4     -127.1      9.6      6.9      6.4 2023  7 19  3  8 37.70999908  0.0   1
     3004  -1.6431932  101.1431559    2.77845      307.0     -280.3      155.5      8.2      5.3      6.2 2023  7 19  3 10 29.87999916  0.0   1
     3005  -1.6403535  101.1434977    2.86093      345.1       33.7      238.0      7.5      4.0      3.3 2023  7 19  3 11  7.88000011  0.0   1
     3006  -1.6361252  101.1476562    3.27928      807.4      501.2      656.3      9.1      8.5      7.4 2023  7 19  3 12 10.78999996  0.0   1
     3007  -1.6417854  101.1481445    2.66818      862.3     -124.6       45.2      7.1      6.5      4.7 2023  7 19  3 14 29.62999916  0.0   1
     3008  -1.6418973  101.1460775    2.41038      632.2     -137.0     -212.6      4.6      3.8      4.4 2023  7 19  3 14 38.36000061  0.0   1
     3009  -1.6395767  101.1419922    2.82957      177.4      119.6      206.6      8.7      5.0      5.3 2023  7 19  3 17 13.86999989  0.0   1
     3010  -1.6409321  101.1453776    2.81908      554.4      -30.3      196.1      6.0      6.1      3.6 2023  7 19  3 22  8.31999969  0.0   1
     3011  -1.6391393  101.1424805    2.86046      232.1      167.9      237.5      6.6      3.8      2.8 2023  7 19  3 23  0.50000000  0.0   1
     3012  -1.6412042  101.1434408    2.74426      338.5      -60.4      121.3      4.9      3.0      3.0 2023  7 19  3 23 19.36000061  0.0   1
     3013  -1.6417542  101.1434326    2.83894      337.5     -121.2      216.0      8.4      4.9      4.6 2023  7 19  3 23 22.77000046  0.0   1
     3014  -1.6377652  101.1403971    3.01776        0.0      319.9      394.8     11.8      6.5      5.6 2023  7 19  3 23 38.40000153  0.0   1
     3015  -1.6412445  101.1444987    2.70220      456.1      -64.8       79.3      5.1      3.3      2.2 2023  7 19  3 24  8.73999977  0.0   1
     3016  -1.6401416  101.1422363    2.92703      204.7       57.1      304.1      8.1      5.5      4.5 2023  7 19  3 24 11.84000015  0.0   1
     3017  -1.6442684  101.1432617    2.70509      319.0     -399.2       82.2      9.7      4.7      5.8 2023  7 19  3 24 18.10000038  0.0   1
     3018  -1.6415180  101.1424886    2.65595      232.5      -95.1       33.0      5.1      3.5      3.4 2023  7 19  3 26 25.94000053  0.0   1
     3019  -1.6438519  101.1365967    2.84829     -423.3     -353.1      225.3     12.8      5.3      5.3 2023  7 19  3 26 54.45000076  0.0   1
     3020  -1.6382173  101.1486572    2.89031      919.4      269.9      267.4      6.9      7.1      4.6 2023  7 19  3 28  6.32000017  0.0   1
     3021  -1.6353302  101.1374512    3.19373     -327.6      589.1      570.8     15.9      7.6      6.0 2023  7 19  3 28 11.30000019  0.0   1
     3022  -1.6408510  101.1480062    2.66544      846.8      -21.3       42.5      5.9      6.7      4.5 2023  7 19  3 29  4.26999998  0.0   1
     3023  -1.6447516  101.1402262    2.54589      -19.0     -452.6      -77.1     10.6      3.6      4.0 2023  7 19  3 30 50.99000168  0.0   1
     3024  -1.6475141  101.1426351    2.51831      249.3     -758.1     -104.6     10.6      6.1      7.8 2023  7 19  3 37 19.65999985  0.0   1
     3025  -1.6391314  101.1324870    2.72273     -880.0      168.8       99.8     14.0      8.0      7.9 2023  7 19  3 39 24.28000069  0.0   1
     3026  -1.6441681  101.1465495    2.72640      684.2     -388.1      103.5      8.4      7.5      5.9 2023  7 19  3 48 22.11000061  0.0   1
     3027  -1.6412001  101.1426025    2.81236      245.1      -59.9      189.4      5.5      5.7      4.4 2023  7 19 19  1 51.08000183  0.0   1
     3028  -1.6417263  101.1410319    2.77798       71.0     -118.1      155.0     10.0      5.4      4.8 2023  7 20  1 15 46.22999954  0.0   1
     3029  -1.6412182  101.1397135    2.81245      -76.1      -61.9      189.5     22.1      8.1      3.8 2023  7 20  1 16 25.07999992  0.0   1
     3030  -1.6397012  101.1427653    2.98984      263.9      105.8      366.9     14.6      7.6      4.8 2023  7 20  1 18 27.22999954  0.0   1
     3031  -1.6418215  101.1416097    2.73537      135.3     -128.6      112.4      5.1      3.5      3.2 2023  7 20 16 59 18.79999924  0.0   1
     3032  -1.6399206  101.1438314    2.82621      382.3       81.6      203.3      8.8      6.1      4.8 2023  7 21  6 50 53.00999832  0.0   1
     3033  -1.6454545  101.1427246    2.62057      258.7     -530.3       -2.4      7.4      4.1      4.7 2023  7 21 12 31 45.83000183  0.0   1
     3034  -1.6446012  101.1426188    2.62380      247.1     -436.0        0.9      6.8      6.0      5.4 2023  7 23  3 56 19.47999954  0.0   1
     3037  -1.6420612  101.1452148    2.68624      536.0     -155.1       63.3      5.3      5.0      4.9 2023  7 31 23 41 35.38000107  0.0   1
     3042  -1.6418896  101.1396240    2.94023      -86.1     -136.2      317.3      9.7      5.4      4.4 2023  8 25 22  0  2.96000004  0.0   1
     3043  -1.6406251  101.1450684    2.82724      520.2        3.7      204.3      7.6      5.3      4.2 2023  8 25 22  1 20.63999939  0.0   1
     3044  -1.6490711  101.1359619    2.54107     -494.0     -930.2      -81.9     15.4      9.1      8.7 2023  8 25 22  1 29.57999992  0.0   1
     3045  -1.6415839  101.1436523    2.68123      361.9     -102.4       58.3      5.6      3.4      3.7 2023  8 25 22  1 39.70000076  0.0   1
     3046  -1.6398866  101.1350098    2.82840     -599.4       85.3      205.5     13.4      8.3      5.1 2023  8 25 22  2 23.94000053  0.0   1
     3047  -1.6412282  101.1433512    2.75217      328.8      -63.0      129.2      4.7      2.5      2.2 2023  8 25 22  2 28.13999939  0.0   1
     3048  -1.6396648  101.1527018    2.43729     1369.3      109.8     -185.7      9.9     12.5      8.1 2023  8 25 22  2 42.25999832  0.0   1
     3049  -1.6414621  101.1438477    2.64035      384.0      -88.9       17.4      7.9      4.9      4.2 2023  8 25 22  2 51.50000000  0.0   1
     3050  -1.6418536  101.1435221    2.81304      347.4     -132.2      190.1      7.5      3.7      3.4 2023  8 25 22  2 58.43999863  0.0   1
     3051  -1.6396544  101.1509603    2.01360     1175.4      111.0     -609.3     15.3     12.0     11.7 2023  8 25 22  3 19.87999916  0.0   1
     3052  -1.6431791  101.1344727    2.83914     -659.1     -278.7      216.2     17.9      9.4      6.9 2023  8 25 22  3 24.92000008  0.0   1
     3054  -1.6434975  101.1404622    2.81871        7.4     -313.9      195.8     18.3      5.2      4.4 2023  8 25 22  3 32.50000000  0.0   1
     3055  -1.6417287  101.1403809    2.85266       -1.7     -118.4      229.7     18.2      4.4      3.4 2023  8 25 22  3 45.52000046  0.0   1
     3056  -1.6473133  101.1242920    2.06887    -1792.4     -735.9     -554.1     12.4     11.5     12.5 2023  8 25 22  4 22.10000038  0.0   1
     3057  -1.6418065  101.1447184    2.77581      481.0     -127.0      152.9      9.1      5.0      4.0 2023  8 25 22  4 39.36000061  0.0   1
     3058  -1.6422932  101.1437744    2.84068      375.4     -180.8      217.7     10.4      5.5      4.7 2023  8 25 22  4 42.74000168  0.0   1
     3059  -1.6390622  101.1482829    2.55784      877.3      176.5      -65.1      4.7      5.1      4.0 2023  8 25 22  5 22.65999985  0.0   1
     3060  -1.6399016  101.1564372    2.26786     1784.6       83.7     -355.1      5.7      9.7      5.5 2023  8 25 22  5 45.79999924  0.0   1
     3061  -1.6444247  101.1368734    2.65645     -392.3     -416.5       33.5      9.0      4.4      5.2 2023  8 25 22  7 34.09999847  0.0   1
     3062  -1.6430200  101.1421468    2.63438      194.9     -261.2       11.4      6.7      3.9      4.1 2023  8 25 22  9 17.42000008  0.0   1
     3063  -1.6427428  101.1446533    2.56309      473.8     -230.5      -59.9      9.8      6.6      5.6 2023  8 25 22  9 21.89999962  0.0   1
     3064  -1.6400967  101.1432861    3.00907      321.6       62.1      386.1      7.2      3.8      3.4 2023  8 25 22  9 33.65999985  0.0   1
     3065  -1.6343066  101.1673177    1.50601     2995.4      702.3    -1116.9     13.4     17.5     29.4 2023  8 25 22  9 50.97999954  0.0   1
     3066  -1.6399441  101.1454020    2.69614      557.3       79.0       73.2     12.2      9.6      6.6 2023  8 25 22 11 54.90000153  0.0   1
     3067  -1.6410133  101.1514486    2.60885     1229.8      -39.3      -14.1     11.3      8.8      6.4 2023  8 25 22 12 15.19999981  0.0   1
     3068  -1.6369475  101.1541178    2.39257     1526.4      410.3     -230.4      9.0      9.4      7.8 2023  8 25 22 14 11.64000034  0.0   1
     3069  -1.6394243  101.1470622    2.48746      741.3      136.4     -135.5      6.8      5.7      4.4 2023  8 28 21 39 39.09999847  0.0   1
     3070  -1.6444738  101.1330811    2.55039     -814.5     -421.9      -72.6     13.8      7.5      8.3 2023  8 28 22  8 57.27999878  0.0   1
     3071  -1.6416636  101.1402913    2.76579      -11.6     -111.2      142.8      7.9      4.3      4.3 2023  8 29 14 22 51.02999878  0.0   1
     3072  -1.6417047  101.1400553    2.92951      -38.0     -115.7      306.6      7.9      5.2      4.1 2023  8 29 18 13 50.74000168  0.0   1
     3074  -1.6426381  101.1373372    2.65075     -340.5     -218.9       27.8     14.6      7.2      3.6 2023  8 30  1 31 17.67000008  0.0   1
     3075  -1.6406998  101.1268799    2.09308    -1504.2       -4.6     -529.9     31.0     52.5     28.9 2023  8 30  5 46 14.44999981  0.0   1
     3076  -1.6396553  101.1478190    2.59122      825.7      110.9      -31.7      7.8      4.7      3.9 2023  8 30  5 46 27.07999992  0.0   1
     3077  -1.6420668  101.1464762    2.42581      676.4     -155.8     -197.1      7.2      6.2      4.8 2023  8 30  5 47  3.69000006  0.0   1
     3078  -1.6417854  101.1441162    2.90666      413.4     -124.6      283.7      9.4      4.3      3.3 2023  8 30  5 47  5.53999996  0.0   1
     3079  -1.6427428  101.1266113    2.14668    -1533.6     -230.5     -476.3     19.3     17.2     17.4 2023  8 30  5 47 14.06000042  0.0   1
     3080  -1.6379541  101.1538656    2.67113     1498.3      299.0       48.2     13.2     11.8     10.7 2023  8 30  5 47 22.72999954  0.0   1
     3081  -1.6395480  101.1480306    2.59216      849.6      122.8      -30.8      6.2      4.4      3.9 2023  8 30  5 47 28.44000053  0.0   1
     3083  -1.6413457  101.1275553    1.43440    -1429.0      -76.0    -1188.5     28.5     44.2     30.4 2023  8 30  5 47 51.20000076  0.0   1
     3084  -1.6441568  101.1438395    2.67146      383.1     -386.9       48.5      8.9      6.0      5.4 2023  8 30  5 50 22.00000000  0.0   1
     3085  -1.6417305  101.1397542    2.66583      -71.1     -118.6       42.9     10.4      5.1      4.3 2023  8 30  5 50 28.25000000  0.0   1
     3086  -1.6426033  101.1489827    2.96245      955.1     -215.1      339.5      8.6      6.3      6.1 2023  8 30 14 17 58.83000183  0.0   1
     3087  -1.6457586  101.1392415    2.31107     -128.5     -564.0     -311.9     13.2      7.3      5.1 2023  8 30 14 22 58.09000015  0.0   1
     3088  -1.6421009  101.1423991    2.68524      222.8     -159.5       62.3     10.8      6.3      5.0 2023  8 30 14 35 52.65000153  0.0   1
     3094  -1.6435769  101.1393148    2.61084     -120.4     -322.7      -12.1     19.2      5.1      4.6 2023  9 13 15 18 58.20999908  0.0   1
     3095  -1.6392660  101.1490072    2.46960      958.4      153.9     -153.3      6.8      6.6      6.5 2023  9 14 16  1  7.05999994  0.0   1
     3096  -1.6381620  101.1484863    2.60987      899.7      276.0      -13.1     10.8      8.8      5.3 2023  9 14 16  1 16.52000046  0.0   1
     3097  -1.6417629  101.1381104    2.78062     -254.6     -122.2      157.7     17.2      7.0      5.9 2023  9 14 16  1 24.82999992  0.0   1
     3098  -1.6414275  101.1377604    2.49379     -293.0      -85.1     -129.1     12.9      9.1      5.6 2023  9 14 16  3 59.18000031  0.0   1
     3099  -1.6383748  101.1483561    2.63177      885.9      252.5        8.8      6.1      6.1      4.6 2023  9 14 16  4  8.14000034  0.0   1
     3100  -1.6371951  101.1495524    2.97757     1019.0      382.9      354.6     10.1     10.8      5.6 2023  9 14 16  7 36.65999985  0.0   1
     3101  -1.6395321  101.1430664    2.60937      297.1      124.5      -13.6      7.6      4.1      3.8 2023  9 14 16  7 43.02999878  0.0   1
     3102  -1.6449819  101.1270833    1.96481    -1481.2     -478.1     -658.1     15.1     16.1     14.5 2023  9 14 16 10 57.36000061  0.0   1
     3103  -1.6361685  101.1313070    2.93411    -1011.2      496.4      311.2     12.1     14.4      8.2 2023  9 14 16 11 12.31000042  0.0   1
     3104  -1.6401717  101.1456706    2.63229      586.4       53.8        9.3      7.3      4.0      2.9 2023  9 14 16 11 17.97999954  0.0   1
     3105  -1.6420378  101.1434570    2.84354      340.2     -152.5      220.6      4.6      3.3      3.0 2023  9 14 16 23 25.43000031  0.0   1
     3106  -1.6417295  101.1426839    2.70934      254.9     -118.5       86.4      8.2      5.3      4.5 2023  9 14 16 23 33.90000153  0.0   1
     3107  -1.6419224  101.1409261    2.87837       59.0     -139.8      255.4      6.1      5.7      3.9 2023  9 14 16 23 52.75999832  0.0   1
     3108  -1.6407379  101.1401286    2.72561      -30.0       -8.8      102.7     10.8      6.1      5.8 2023  9 14 16 23 59.08000183  0.0   1
     3109  -1.6417461  101.1417643    2.55986      151.9     -120.3      -63.1     11.0      4.0      6.0 2023  9 14 16 24  4.69000006  0.0   1
     3110  -1.6423012  101.1416585    2.67719      140.5     -181.7       54.2      7.4      4.2      3.9 2023  9 14 16 24 13.52000046  0.0   1
     3111  -1.6419567  101.1433350    2.69270      326.9     -143.6       69.8      4.4      3.2      3.2 2023  9 14 16 24 25.40999985  0.0   1
     3112  -1.6407820  101.1465983    2.78989      689.8      -13.7      167.0      5.9      5.9      4.4 2023  9 14 16 24 54.75000000  0.0   1
     3113  -1.6427475  101.1405680    2.81258       19.0     -231.0      189.6     12.2      4.8      5.0 2023  9 14 16 24 59.38000107  0.0   1
     3114  -1.6415162  101.1441976    2.70073      423.1      -94.9       77.8      7.5      6.5      6.3 2023  9 14 16 25  6.48000002  0.0   1
     3115  -1.6409005  101.1458984    2.67964      612.3      -26.8       56.7      4.7      4.2      3.7 2023  9 14 16 25 25.75000000  0.0   1
     3116  -1.6404680  101.1511475    2.44604     1196.7       21.0     -176.9      5.7      6.6      3.4 2023  9 14 16 25 28.45000076  0.0   1
     3117  -1.6489012  101.1265869    1.23409    -1537.1     -911.5    -1388.8     13.3     12.1     14.9 2023  9 14 16 25 34.34999847  0.0   1
     3118  -1.6453701  101.1368652    1.89924     -392.9     -521.0     -722.7     20.5      8.5      9.2 2023  9 14 16 25 42.66999817  0.0   1
     3119  -1.6404362  101.1390869    2.71271     -145.7       24.5       89.8     13.3      4.7      3.3 2023  9 14 16 25 48.11999893  0.0   1
     3120  -1.6419507  101.1385742    2.53253     -202.9     -142.9      -90.4     11.7      4.9      4.0 2023  9 14 16 25 56.81999969  0.0   1
     3121  -1.6403313  101.1434489    2.83419      339.5       36.2      211.2      5.0      4.8      3.8 2023  9 14 16 26  2.75999999  0.0   1
     3122  -1.6412579  101.1426432    2.82307      249.8      -66.3      200.1      6.5      2.9      2.8 2023  9 14 16 26 23.64999962  0.0   1
     3123  -1.6404883  101.1428792    2.94755      276.2       18.8      324.6     12.1      5.6      5.4 2023  9 14 16 26 34.95999908  0.0   1
     3124  -1.6412023  101.1454997    2.79390      567.5      -60.2      171.0      7.1      5.2      3.3 2023  9 14 16 26 48.50000000  0.0   1
     3125  -1.6449356  101.1389242    2.47563     -164.3     -473.0     -147.3     13.2      9.1      9.0 2023  9 14 16 27  6.15000010  0.0   1
     3126  -1.6420087  101.1473714    2.58850      776.1     -149.3      -34.4      6.4      4.9      4.1 2023  9 14 16 27 14.25000000  0.0   1
     3127  -1.6402532  101.1438721    2.70312      386.6       44.8       80.2      5.4      5.6      4.7 2023  9 14 16 27 17.69000053  0.0   1
     3128  -1.6393216  101.1455648    2.64745      575.0      147.8       24.5      8.1      7.2      5.0 2023  9 14 16 27 22.95999908  0.0   1
     3129  -1.6371962  101.1484619    2.64578      897.3      382.8       22.8      8.6      5.7      5.3 2023  9 14 16 27 30.12000084  0.0   1
     3130  -1.6398802  101.1404053    3.05597        0.5       86.0      433.0     20.0      5.8      4.9 2023  9 14 16 27 36.08000183  0.0   1
     3131  -1.6396675  101.1474121    2.69666      780.3      109.5       73.7      4.0      3.0      2.6 2023  9 14 16 28  5.15999985  0.0   1
     3132  -1.6423499  101.1447428    2.62215      483.7     -187.1       -0.8      3.5      2.4      2.5 2023  9 14 16 28 10.97999954  0.0   1
     3133  -1.6414635  101.1400065    2.73551      -43.7      -89.1      112.6     16.4      4.2      4.1 2023  9 14 16 28 18.73999977  0.0   1
     3134  -1.6382861  101.1501058    2.07652     1080.2      262.3     -546.4      9.6      7.0      5.5 2023  9 14 16 28 27.96999931  0.0   1
     3135  -1.6424653  101.1462972    2.61898      656.2     -199.8       -4.0      7.2      5.2      5.0 2023  9 14 16 28 40.47999954  0.0   1
     3136  -1.6445829  101.1354167    2.41378     -554.3     -434.0     -209.2     11.7      7.3      5.5 2023  9 14 16 28 47.25999832  0.0   1
     3137  -1.6427188  101.1415446    2.73774      127.6     -227.9      114.8      9.3      5.8      5.5 2023  9 14 16 28 51.58000183  0.0   1
     3138  -1.6446440  101.1312988    2.31848    -1012.0     -440.7     -304.5     14.0      9.4     10.7 2023  9 14 16 29 41.08000183  0.0   1
     3139  -1.6402552  101.1311523    2.28781    -1028.7       44.6     -335.1     19.7     13.0     13.6 2023  9 14 16 29 46.22999954  0.0   1
     3140  -1.6408915  101.1427572    2.82503      262.5      -25.8      202.1      5.7      3.4      2.9 2023  9 14 16 29 52.25999832  0.0   1
     3141  -1.6420250  101.1440918    2.76990      410.7     -151.1      147.0      4.4      3.1      2.6 2023  9 14 16 32  8.39999962  0.0   1
     3142  -1.6427523  101.1440023    2.63255      401.1     -231.6        9.6      5.2      3.6      3.8 2023  9 14 16 32 17.73999977  0.0   1
     3143  -1.6386135  101.1550456    2.48639     1630.3      226.1     -136.6     11.5     12.0      9.7 2023  9 14 16 32 30.69000053  0.0   1
     3144  -1.6416056  101.1424642    2.80071      229.6     -104.8      177.8      6.4      3.1      3.0 2023  9 14 16 32 37.11000061  0.0   1
     3145  -1.6429209  101.1397786    2.91051      -68.6     -250.2      287.6      9.3      4.3      3.8 2023  9 14 16 32 59.11000061  0.0   1
     3146  -1.6385377  101.1489176    2.92108      948.2      234.5      298.1      8.4      7.2      3.7 2023  9 14 16 34 11.01000023  0.0   1
     3147  -1.6359113  101.1617676    2.10357     2378.2      524.9     -519.4     11.9     17.6     12.6 2023  9 14 16 34 40.43000031  0.0   1
     3148  -1.6411517  101.1493652    2.67712      997.5      -54.6       54.2      4.1      3.4      3.3 2023  9 14 16 34 47.56999969  0.0   1
     3149  -1.6394307  101.1517253    2.65184     1260.3      135.7       28.9      8.4     11.3      6.1 2023  9 14 16 34 58.79000092  0.0   1
     3150  -1.6459498  101.1274007    2.04855    -1446.5     -585.1     -574.4     15.6     14.9     14.4 2023  9 14 16 36 23.40999985  0.0   1
     3151  -1.6435964  101.1300212    2.40660    -1155.0     -324.9     -216.3     18.2     12.6     13.3 2023  9 14 16 38 46.27000046  0.0   1
     3152  -1.6382034  101.1500732    2.90934     1076.7      271.4      286.4     10.6      7.7      5.7 2023  9 14 16 39 22.14999962  0.0   1
     3153  -1.6403931  101.1449707    2.73041      508.9       29.3      107.5      7.1      5.4      4.1 2023  9 14 16 40 10.57999992  0.0   1
     3154  -1.6402857  101.1347738    2.73946     -625.6       41.2      116.5     10.1      7.8      4.5 2023  9 14 16 40 29.72999954  0.0   1
     3155  -1.6420865  101.1433187    2.79755      325.4     -157.9      174.6      8.0      4.9      4.5 2023  9 14 16 42 57.52000046  0.0   1
     3156  -1.6420762  101.1443359    2.66666      438.4     -156.8       43.7      6.1      4.2      3.6 2023  9 14 16 43 40.40999985  0.0   1
     3157  -1.6415986  101.1410889    2.81465       77.0     -104.0      191.7      9.3      4.5      3.7 2023  9 14 16 48 22.35000038  0.0   1
     3158  -1.6403763  101.1359456    2.85259     -495.3       31.2      229.6     11.3      6.0      5.4 2023  9 14 16 48 45.50999832  0.0   1
     3160  -1.6414071  101.1481038    2.73972      857.5      -82.8      116.8      4.2      3.9      2.9 2023  9 14 16 56  2.07999992  0.0   1
     3161  -1.6418832  101.1436768    2.80520      365.1     -135.5      182.3      6.4      4.6      3.6 2023  9 14 17  0 13.88000011  0.0   1
     3162  -1.6398257  101.1527100    2.18915     1370.4       92.1     -433.8     25.2     21.0     22.9 2023  9 14 17 16  3.20000005  0.0   1
     3163  -1.6415563  101.1434814    2.78105      342.8      -99.3      158.1      6.7      4.3      2.9 2023  9 14 17 16 12.60000038  0.0   1
     3164  -1.6431230  101.1384603    2.72321     -215.6     -272.5      100.3     23.2      5.9      5.8 2023  9 14 17 16 20.60000038  0.0   1
     3165  -1.6410229  101.1406331    2.86549       26.2      -40.3      242.5     11.9      6.0      5.0 2023  9 14 17 22 43.41999817  0.0   1
     3166  -1.6412931  101.1406413    2.86907       27.5      -70.2      246.1      9.3      5.1      4.7 2023  9 14 17 23  1.67999995  0.0   1
     3167  -1.6431286  101.1424723    2.74072      230.9     -273.2      117.8      8.0      4.8      4.2 2023  9 14 17 23  3.44000006  0.0   1
     3168  -1.6404088  101.1400960    2.89053      -33.9       27.6      267.6     12.2      4.1      3.9 2023  9 14 17 23 38.47999954  0.0   1
     3169  -1.6423639  101.1374756    2.68457     -324.8     -188.6       61.6     15.3      8.0      7.0 2023  9 14 17 24 47.47999954  0.0   1
     3170  -1.6427741  101.1355632    2.44436     -538.0     -234.0     -178.6     10.7      6.0      5.7 2023  9 14 18  6 58.63999939  0.0   1
     3172  -1.6407675  101.1432048    2.71276      312.3      -12.1       89.8     10.7      6.3      5.6 2023  9 15 17 48 41.77999878  0.0   1
     3173  -1.6375825  101.1461507    2.95429      640.2      340.1      331.3      7.3      8.1      5.5 2023  9 15 17 50 48.40000153  0.0   1
     3174  -1.6388089  101.1501546    2.68201     1085.8      204.5       59.1      8.4      7.6      5.8 2023  9 15 17 51  9.39999962  0.0   1
     3175  -1.6405773  101.1439860    2.75826      399.1        8.9      135.3      7.7      5.6      4.5 2023  9 18  5 36 41.97999954  0.0   1
     3176  -1.6404683  101.1432048    2.73402      312.8       21.0      111.1      8.7      4.6      4.5 2023  9 18 16 33 14.22000027  0.0   1
     3177  -1.6384608  101.1491374    2.87361      972.7      243.0      250.7      8.7      7.4      6.0 2023  9 19 22 37 53.88000107  0.0   1
     3178  -1.6398216  101.1424642    2.84956      229.8       92.5      226.6      6.6      4.7      4.1 2023  9 20 20 41 28.63999939  0.0   1
     3179  -1.6395313  101.1432699    2.81231      319.5      124.6      189.4     11.9      6.1      6.6 2023  9 21  3 26 18.59000015  0.0   1
     3180  -1.6385134  101.1420410    2.84416      182.6      237.2      221.2     13.8      7.8      9.1 2023  9 21  3 26 48.38999939  0.0   1
     3181  -1.6388789  101.1437744    2.88364      375.9      196.7      260.7      5.9      6.8      5.5 2023  9 21  3 26 59.63000107  0.0   1
     3182  -1.6442079  101.1334310    2.18861     -775.1     -392.5     -434.3     18.5     13.3     13.6 2023  9 21  3 27 59.75000000  0.0   1
     3183  -1.6416356  101.1443197    2.51810      436.1     -108.1     -104.8      5.8      4.0      4.4 2023  9 21  3 28  2.72000003  0.0   1
     3184  -1.6406644  101.1454915    2.73841      567.1       -0.7      115.5      5.4      4.3      4.0 2023  9 21  3 28 44.74000168  0.0   1
     3185  -1.6456568  101.1219889    0.25414    -2048.5     -552.7    -2368.8     33.9     32.8     76.6 2023  9 21  3 37 14.60999966  0.0   1
     3186  -1.6409145  101.1427734    2.99889      264.4      -28.4      375.9      9.6      4.7      7.7 2023  9 21  3 43  8.53999996  0.0   1
     3187  -1.6407750  101.1435384    2.78509      349.4      -12.9      162.1      8.7      7.6      6.9 2023  9 21  3 43 36.95999908  0.0   1
     3188  -1.6422614  101.1418783    3.05126      164.5     -177.3      428.3     21.6      9.1      5.4 2023  9 21  3 44 35.31000137  0.0   1
     3189  -1.6391841  101.1394043    2.87094     -110.4      163.0      248.0     14.7      7.5      5.5 2023  9 21  3 45  0.40000001  0.0   1
     3190  -1.6408610  101.1425456    2.67768      238.7      -22.4       54.7      6.2      6.2      4.5 2023  9 21  3 46 23.75000000  0.0   1
     3191  -1.6412163  101.1457438    2.66025      595.4      -61.7       37.3      7.9      3.7      5.4 2023  9 21  3 47 35.90000153  0.0   1
     3192  -1.6392955  101.1483805    2.70640      888.7      150.7       83.5      7.9      7.6      6.9 2023  9 21  3 47 45.47000122  0.0   1
     3193  -1.6406784  101.1443685    2.70089      441.8       -2.2       77.9      7.8      5.3      4.6 2023  9 21  3 50 10.31999969  0.0   1
     3194  -1.6379476  101.1434977    2.96043      344.7      299.7      337.5      6.2      7.7      3.8 2023  9 21  3 51 53.75000000  0.0   1
     3195  -1.6421529  101.1410645    2.77027       74.5     -165.3      147.3     10.2      8.5      8.6 2023  9 21  3 54 41.15999985  0.0   1
     3196  -1.6378572  101.1502767    2.70299     1099.7      309.7       80.0      6.8      7.3      5.3 2023  9 21  3 54 56.18999863  0.0   1
     3197  -1.6390334  101.1444824    2.90408      454.2      179.7      281.1      7.9      5.6      5.3 2023  9 21  3 55  2.20000005  0.0   1
     3198  -1.6367785  101.1499919    2.73682     1067.7      429.0      113.9      7.5      7.1      5.3 2023  9 21  3 57 10.92000008  0.0   1
     3200  -1.6408413  101.1674967    1.73545     3015.4      -20.2     -887.5     20.9     22.0     35.4 2023  9 21 18  0 24.65999985  0.0   1
     3202  -1.6441522  101.1397624    2.76127      -70.5     -386.3      138.3     15.7      5.2      5.2 2023  9 21 18  2 53.29999924  0.0   1
     3203  -1.6407529  101.1450439    2.60731      516.9      -10.5      -15.6      5.5      2.5      2.9 2023  9 21 18  3  1.86000001  0.0   1
     3204  -1.6420383  101.1465495    2.63608      684.9     -152.6       13.1      5.4      3.1      3.3 2023  9 21 18  3  6.84000015  0.0   1
     3206  -1.6399743  101.1478434    2.84782      828.6       75.6      224.9      9.1      4.9      3.7 2023  9 21 18  3 58.45999908  0.0   1
     3207  -1.6385989  101.1581624    2.07675     1976.4      227.7     -546.2     10.2     11.0      8.6 2023  9 21 18  4  4.84000015  0.0   1
     3208  -1.6410906  101.1438232    2.65942      381.5      -47.8       36.5      6.1      2.8      3.2 2023  9 21 18  4  8.68000031  0.0   1
     3209  -1.6405083  101.1500488    2.67079     1073.6       16.6       47.8      7.0      6.2      4.4 2023  9 21 18  5 31.94000053  0.0   1
     3210  -1.6431946  101.1423503    2.63319      217.4     -280.5       10.2      8.5      4.2      3.9 2023  9 21 18  5 48.38000107  0.0   1
     3211  -1.6479884  101.1246175    2.02568    -1756.2     -810.5     -597.3     11.5     10.0     11.5 2023  9 21 18  6 39.50000000  0.0   1
     3212  -1.6424132  101.1429850    2.92299      287.7     -194.1      300.0      6.8      4.0      3.2 2023  9 21 18 40 21.60000038  0.0   1
     3213  -1.6416248  101.1431152    2.77710      302.7     -106.9      154.2      9.9      6.5      4.8 2023  9 28  7  5  1.83000004  0.0   1
     3214  -1.6385932  101.1452555    2.87434      540.3      228.3      251.4      7.5      5.3      3.4 2023  9 28  7 39  3.82999992  0.0   1
     3215  -1.6422047  101.1424072    2.74873      223.3     -171.0      125.8     11.9      5.4      4.5 2023  9 28  7 40  2.51999998  0.0   1
     3216  -1.6404808  101.1471680    2.59680      753.8       19.6      -26.1      6.2      5.5      3.8 2023  9 28  7 55 56.93999863  0.0   1
     3217  -1.6418260  101.1425130    2.73906      235.9     -129.1      116.1      5.2      2.9      2.3 2023  9 28  7 56  5.48999977  0.0   1
     3218  -1.6418353  101.1441895    2.72532      421.8     -130.2      102.4      6.2      3.3      2.7 2023  9 28  7 56 11.47999954  0.0   1
     3219  -1.6391500  101.1424072    3.06068      223.6      166.8      437.7      7.3      5.2      4.5 2023  9 28  7 57 46.27000046  0.0   1
     3220  -1.6418748  101.1440511    2.62526      406.5     -134.5        2.3      6.9      3.6      3.7 2023  9 28  7 59 35.90000153  0.0   1
     3221  -1.6422185  101.1391846    2.54741     -134.6     -172.5      -74.5     12.4      3.7      3.8 2023  9 28  8  1 35.72000122  0.0   1
     3222  -1.6403329  101.1472738    2.59986      765.1       36.0      -23.1      3.8      5.5      4.5 2023  9 28  8  2  3.35999990  0.0   1
     3223  -1.6412974  101.1434163    2.76752      336.0      -70.7      144.6      5.2      3.2      3.3 2023  9 28  8  2 40.31000137  0.0   1
     3224  -1.6409751  101.1463623    2.59077      663.9      -35.0      -32.2      3.7      2.8      2.1 2023  9 28  8  7 49.70999908  0.0   1
     3225  -1.6412375  101.1442220    2.75415      425.9      -64.1      131.2      5.3      2.5      3.0 2023  9 28  8 13  6.84000015  0.0   1
     3226  -1.6397474  101.1463949    2.72409      667.8      100.7      101.1      3.8      2.9      2.3 2023  9 28  8 15 50.84999847  0.0   1
     3227  -1.6399481  101.1460368    2.61149      627.8       78.5      -11.5      4.8      3.5      3.5 2023  9 28  8 15 58.18999863  0.0   1
     3228  -1.6435774  101.1451335    2.73509      527.3     -322.8      112.1      8.7      6.2      3.7 2023  9 28  8 17  0.49000001  0.0   1
     3229  -1.6411236  101.1438070    2.68938      379.5      -51.5       66.4      8.3      4.7      3.5 2023  9 28  8 17 24.29000092  0.0   1
     3230  -1.6398785  101.1448730    2.82575      498.3       86.2      202.8      7.9      5.1      4.3 2023  9 28  8 19 49.29999924  0.0   1
     3231  -1.6419408  101.1409261    2.74714       58.5     -141.8      124.2      9.2      4.8      3.3 2023  9 28  8 20 55.52000046  0.0   1
     3232  -1.6409782  101.1441488    2.78446      417.9      -35.4      161.5      3.7      3.0      2.6 2023  9 28  8 26 42.88000107  0.0   1
     3233  -1.6421913  101.1452148    2.72141      536.1     -169.5       98.5      4.7      3.0      2.8 2023  9 28  8 26 46.84000015  0.0   1
     3234  -1.6416560  101.1436117    2.82744      358.0     -110.3      204.5      5.9      4.0      3.6 2023  9 28  8 27  2.09999990  0.0   1
     3235  -1.6417608  101.1433838    2.62323      332.3     -121.9        0.3      5.9      3.6      3.5 2023  9 28  8 29 31.02000046  0.0   1
     3236  -1.6409950  101.1421305    2.77179      192.6      -37.2      148.8     10.9      3.4      3.5 2023  9 28  8 33 52.38000107  0.0   1
     3237  -1.6412996  101.1426107    2.75416      246.1      -70.9      131.2      5.0      3.2      3.3 2023  9 28  8 34 52.70000076  0.0   1
     3238  -1.6414884  101.1431234    2.80432      303.6      -91.8      181.4      5.8      2.7      2.2 2023  9 28  8 35 23.65999985  0.0   1
     3239  -1.6402084  101.1455729    2.64427      575.5       49.7       21.3      4.5      4.1      3.8 2023  9 28  8 35 37.04000092  0.0   1
     3240  -1.6416080  101.1428711    2.79672      275.4     -105.0      173.8     13.2      9.1      5.1 2023  9 28  8 36  6.26000023  0.0   1
     3241  -1.6413589  101.1428955    2.69777      278.1      -77.5       74.8      4.0      2.7      2.3 2023  9 28  8 36  9.26000023  0.0   1
     3242  -1.6431499  101.1463949    2.70519      667.7     -275.5       82.2      4.8      3.2      3.5 2023  9 28  8 36 18.69000053  0.0   1
     3243  -1.6421321  101.1396647    2.87175      -81.8     -163.0      248.8      9.3      5.1      3.7 2023  9 28  8 36 33.70999908  0.0   1
     3244  -1.6421874  101.1430583    2.70432      296.4     -169.1       81.4      4.9      3.5      3.2 2023  9 28  8 36 39.86999893  0.0   1
     3245  -1.6434616  101.1441406    2.51668      416.8     -310.0     -106.3      6.9      4.4      4.0 2023  9 28  8 37 37.74000168  0.0   1
     3246  -1.6414394  101.1426595    2.82531      251.6      -86.4      202.4      7.3      3.7      3.5 2023  9 28  8 37 40.75999832  0.0   1
     3247  -1.6411724  101.1428711    2.86806      275.2      -56.9      245.1      8.0      3.3      3.3 2023  9 28  8 38  9.71000004  0.0   1
     3248  -1.6416122  101.1437663    2.72080      375.0     -105.5       97.9      7.2      3.8      3.8 2023  9 28  8 39  3.31999993  0.0   1
     3249  -1.6424754  101.1435791    2.77570      354.2     -200.9      152.8      6.5      2.4      2.6 2023  9 28  8 39 16.25000000  0.0   1
     3250  -1.6431922  101.1381510    2.72986     -249.5     -280.2      106.9     11.1      6.0      4.9 2023  9 28  8 39 29.69000053  0.0   1
     3251  -1.6416332  101.1426270    2.86857      248.2     -107.8      245.6      5.4      2.7      2.5 2023  9 28  8 40 15.93999958  0.0   1
     3252  -1.6413205  101.1444824    2.74665      454.8      -73.2      123.7      5.9      2.6      2.9 2023  9 28  8 40 38.47999954  0.0   1
     3253  -1.6427183  101.1429850    2.71739      288.2     -227.8       94.4      5.6      3.5      3.1 2023  9 28  8 40 41.38000107  0.0   1
     3254  -1.6425788  101.1446615    2.80971      474.2     -212.4      186.8      6.5      3.2      3.4 2023  9 28  8 41  2.16000009  0.0   1
     3255  -1.6422824  101.1470296    2.60692      738.1     -179.6      -16.0      4.4      4.2      3.9 2023  9 28  8 41 20.87999916  0.0   1
     3256  -1.6415793  101.1426758    2.80751      253.2     -101.9      184.6      5.5      4.1      3.2 2023  9 28  8 41 55.04999924  0.0   1
     3257  -1.6410444  101.1476237    2.82152      803.8      -42.7      198.6      7.0      6.1      5.5 2023  9 28  8 42 14.56999969  0.0   1
     3258  -1.6400430  101.1424235    2.79688      225.8       68.0      173.9     10.0      6.2      5.4 2023  9 28  8 42 19.54999924  0.0   1
     3259  -1.6433718  101.1459961    2.62357      623.2     -300.1        0.6      4.6      5.4      4.9 2023  9 28  8 43 54.72999954  0.0   1
     3260  -1.6427235  101.1436035    2.64255      356.9     -228.4       19.6      6.4      5.1      4.3 2023  9 28  8 44 16.90999985  0.0   1
     3261  -1.6413911  101.1421631    2.91027      196.1      -81.0      287.3      6.8      4.7      3.6 2023  9 28  8 44 28.37999916  0.0   1
     3262  -1.6416515  101.1428792    2.85531      276.0     -109.8      232.4      6.4      2.2      2.5 2023  9 28  8 47 19.86000061  0.0   1
     3263  -1.6415493  101.1435140    2.70872      346.9      -98.5       85.8      8.5      3.9      4.0 2023  9 28  8 47 33.06999969  0.0   1
     3264  -1.6451951  101.1414551    2.59040      117.4     -501.7      -32.5     22.2      5.1      5.7 2023  9 28  8 51 42.25999832  0.0   1
     3265  -1.6417118  101.1401937    2.86367      -22.5     -116.5      240.7      6.8      3.7      2.7 2023  9 28  8 59 46.52999878  0.0   1
     3266  -1.6419351  101.1426107    2.70218      246.2     -141.2       79.2      7.1      2.6      2.4 2023  9 28  9  4 21.27000046  0.0   1
     3267  -1.6415779  101.1408203    2.79835       46.8     -101.7      175.4      7.3      3.4      2.8 2023  9 28  9  5 15.84000015  0.0   1
     3268  -1.6419257  101.1431152    2.78078      302.2     -140.1      157.8      4.6      2.8      2.8 2023  9 28  9 10 20.37000084  0.0   1
     3269  -1.6450924  101.1372884    2.61249     -345.8     -490.3      -10.5     19.3     10.4      7.6 2023  9 28  9 17 17.36000061  0.0   1
     3270  -1.6408550  101.1435465    2.77981      350.7      -21.8      156.9      9.0      5.1      5.1 2023 10  5  7 35 44.90999985  0.0   1
     3271  -1.6106986  101.1296061    2.40948    -1200.4     3312.8     -213.5     12.2     11.7      8.9 2023 10  8  0 46  1.73000002  0.0   1
     3272  -1.6125528  101.1274495    2.30643    -1440.8     3107.7     -316.5     12.0     11.0      8.9 2023 10  8  0 46 50.84000015  0.0   1
     3273  -1.6389670  101.1433187    2.91725      325.1      187.0      294.3      9.3      8.2      4.7 2023 10  9 12  0 57.20999908  0.0   1
     3274  -1.6383026  101.1532552    2.58779     1431.0      260.5      -35.2      9.0      9.0      6.7 2023 10  9 13 10 28.75000000  0.0   1
     3275  -1.6429966  101.1481201    2.33089      859.4     -258.6     -292.1      5.7      4.7      4.5 2023 10 10  8 52 47.47999954  0.0   1
     3276  -1.6414318  101.1470296    2.85047      737.8      -85.5      227.5      5.7      5.8      4.0 2023 10 12  2  8 51.72999954  0.0   1
     3277  -1.6425555  101.1413493    2.52729      106.4     -209.8      -95.7      7.9      4.1      4.3 2023 10 12  2 25 53.88999939  0.0   1
     3278  -1.6460114  101.1436117    2.51267      357.6     -591.9     -110.3     13.6      6.4      7.2 2023 10 12  2 26 44.36999893  0.0   1
     3279  -1.6435141  101.1393962    2.76235     -111.6     -315.8      139.4     18.0      6.2      6.8 2023 10 12  7 33 35.72000122  0.0   1
     3280  -1.6395420  101.1417725    2.86308      152.8      123.4      240.1     11.3      5.2      4.4 2023 10 12  7 35 26.72999954  0.0   1
     3281  -1.6388365  101.1444173    2.92482      447.0      201.4      301.9      8.4      5.9      3.3 2023 10 12  7 44 21.15999985  0.0   1
     3282  -1.6419290  101.1418050    2.74071      157.0     -140.5      117.8     10.6      8.6      6.6 2023 10 14  8 24 30.54000092  0.0   1
     3283  -1.6435341  101.1441732    2.67472      420.1     -318.0       51.8      9.8      6.8      4.8 2023 10 14 10 32 46.22999954  0.0   1
     3284  -1.6414158  101.1430339    2.80271      293.6      -83.8      179.8      9.9      6.5      4.5 2023 10 14 16 31 41.02000046  0.0   1
     3285  -1.6423278  101.1405762    2.72307       19.8     -184.6      100.1     14.6      4.0      5.7 2023 10 17  8 13 56.77000046  0.0   1
     3286  -1.6443574  101.1353190    2.82312     -565.1     -409.0      200.2     14.8      7.3      5.6 2023 10 17  9  1 32.40999985  0.0   1
     3288  -1.6434345  101.1502279    3.00721     1094.0     -307.0      384.3     18.0     18.1     13.3 2023 10 18 14 21 34.95000076  0.0   1
