     2719  -1.6407001  101.1449707    2.96653      508.7       -4.6      343.6    116.5     37.2     40.3 2023  1  3  3 43 21.02000046  0.0   1
     2720  -1.6375946  101.1452393    3.09018      538.8      338.8      467.2     88.3     52.7     47.5 2023  1  3  3 52  5.73000002  0.0   1
     2721  -1.6370280  101.1486654    2.73195      920.1      401.4      109.0     56.1     68.3     49.9 2023  1  3  3 52 21.03000069  0.0   1
     2722  -1.6418744  101.1380778    2.79725     -257.9     -134.5      174.3     84.9     39.8     28.3 2023  1  3  3 52 34.75000000  0.0   1
     2723  -1.6385721  101.1462809    2.81553      654.8      230.7      192.6     50.1     49.9     37.3 2023  1  3  4  2 20.45000076  0.0   1
     2724  -1.6386752  101.1466634    2.88479      697.2      219.3      261.9     43.3     40.2     32.8 2023  1  4 20 11 39.40000153  0.0   1
     2725  -1.6416072  101.1433268    2.79478      325.6     -104.9      171.8     57.9     31.3     28.4 2023  1  4 20 16 15.53999996  0.0   1
     2726  -1.6438667  101.1384115    2.64444     -221.1     -354.8       21.5    100.3     40.5     33.1 2023  1  4 20 17  9.68000031  0.0   1
     2727  -1.6498718  101.1278971    1.73600    -1390.6    -1018.8     -886.9    187.0    147.3    199.1 2023  1  4 20 18 22.71999931  0.0   1
     2729  -1.6520617  101.1386556    2.25134     -193.6    -1260.9     -371.6    159.1     76.5     95.3 2023  1 11 13 28 50.43999863  0.0   1
     2734  -1.6421984  101.1453613    2.94649      552.1     -170.3      323.5     76.5     33.7     33.7 2023  1 20 18 30  0.36000001  0.0   1
     2735  -1.6435813  101.1364095    2.92571     -443.4     -323.2      302.8     86.3     64.5     40.9 2023  1 20 19 10 25.45999908  0.0   1
     2736  -1.6404288  101.1453206    2.68904      548.1       25.4       66.1     42.8     37.8     27.6 2023  1 20 19 10 36.45999908  0.0   1
     2737  -1.6416960  101.1439453    2.62807      395.3     -114.8        5.1     62.5     36.1     24.8 2023  1 20 19 11 19.44000053  0.0   1
     2738  -1.6402505  101.1414795    3.04450      120.5       45.1      421.6     89.0     46.2     31.0 2023  1 20 19 11 38.47999954  0.0   1
     2739  -1.6389921  101.1435221    2.83841      348.1      184.2      215.5     43.7     38.3     31.5 2023  1 20 19 11 46.86000061  0.0   1
     2740  -1.6405290  101.1433675    2.68535      330.9       14.3       62.4     65.0     36.1     28.9 2023  1 20 19 12  2.07999992  0.0   1
     2741  -1.6407527  101.1443034    2.91923      434.5      -10.4      296.3     55.0     53.1     31.1 2023  1 20 19 12 14.30000019  0.0   1
     2742  -1.6440824  101.1390951    2.56933     -145.1     -378.6      -53.6     95.5     61.4     53.0 2023  1 20 19 12 27.89999962  0.0   1
     2743  -1.6392865  101.1435059    2.89526      345.5      151.7      272.3     50.9     38.6     33.1 2023  1 20 19 12 41.43999863  0.0   1
     2744  -1.6371353  101.1440430    3.22678      406.1      389.5      603.8     95.3     53.6     31.2 2023  1 20 19 12 45.20000076  0.0   1
     2745  -1.6403689  101.1423421    3.07048      216.4       32.0      447.5    135.1     55.7     40.0 2023  1 20 19 12 58.77999878  0.0   1
     2746  -1.6419931  101.1424479    3.02131      228.1     -147.6      398.4     77.1     44.0     46.2 2023  1 20 19 13  8.81999969  0.0   1
     2747  -1.6443813  101.1443604    2.65122      440.8     -411.7       28.3     81.9     53.0     38.5 2023  1 20 19 13 21.52000046  0.0   1
     2748  -1.6410838  101.1354248    2.88318     -552.9      -47.1      260.2     63.3     49.1     59.4 2023  1 20 19 13 50.47999954  0.0   1
     2749  -1.6419106  101.1293213    2.38480    -1232.6     -138.5     -238.1     76.9     60.0     67.4 2023  1 20 19 13 59.40000153  0.0   1
     2750  -1.6437009  101.1356038    2.60675     -533.4     -336.4      -16.2     76.7     61.2     60.4 2023  1 20 19 14 14.26000023  0.0   1
     2751  -1.6402486  101.1435303    3.01079      348.5       45.3      387.8     96.1     50.4     40.3 2023  1 20 19 14 47.25999832  0.0   1
     2752  -1.6434264  101.1455811    2.69937      576.7     -306.1       76.4    191.9     41.4     61.1 2023  1 20 19 14 50.77999878  0.0   1
     2753  -1.6396258  101.1407145    3.06273       35.6      114.2      439.8     87.7     71.7     37.1 2023  1 20 19 15  4.05999994  0.0   1
     2754  -1.6405205  101.1444987    2.77627      456.8       15.2      153.3     47.0     39.3     26.7 2023  1 20 19 15 37.75999832  0.0   1
     2755  -1.6394533  101.1439535    2.80616      395.4      133.2      183.2     65.6     38.2     29.5 2023  1 20 19 15 47.91999817  0.0   1
     2756  -1.6395304  101.1445557    2.81818      463.2      124.7      195.2     35.6     40.4     27.6 2023  1 20 19 16  4.34000015  0.0   1
     2757  -1.6427569  101.1394775    2.77080     -102.0     -232.1      147.9     66.1     42.5     35.1 2023  1 20 19 16 23.39999962  0.0   1
     2758  -1.6384023  101.1462809    2.85111      654.3      249.4      228.2     46.7     36.2     29.0 2023  1 20 19 16 33.02000046  0.0   1
     2759  -1.6399698  101.1447998    2.84631      489.6       76.1      223.4     48.7     36.5     26.9 2023  1 20 19 16 54.11999893  0.0   1
     2760  -1.6400045  101.1482015    2.81571      868.5       72.3      192.8     42.0     54.8     33.4 2023  1 20 19 17 18.65999985  0.0   1
     2761  -1.6395479  101.1434652    2.89119      341.3      122.8      268.2     54.4     48.5     30.1 2023  1 20 19 17 23.44000053  0.0   1
     2762  -1.6409973  101.1438883    2.75508      388.3      -37.5      132.1     40.3     39.7     29.1 2023  1 20 19 17 53.41999817  0.0   1
     2763  -1.6443293  101.1207438    1.67073    -2187.1     -405.9     -952.2    101.3    106.9    129.3 2023  1 20 19 17 59.56000137  0.0   1
     2764  -1.6369563  101.1517985    2.96979     1268.9      409.3      346.8     71.4     45.2     28.2 2023  1 20 19 18 19.47999954  0.0   1
     2765  -1.6423061  101.1458415    3.10785      606.1     -182.2      484.9     96.7     45.0     54.6 2023  1 20 19 18 31.20000076  0.0   1
     2766  -1.6426273  101.1406738    2.81210       30.5     -217.7      189.2     76.4     48.8     29.7 2023  1 20 19 18 39.00000000  0.0   1
     2767  -1.6402935  101.1415609    2.96661      129.5       40.3      343.7     63.3     43.2     26.6 2023  1 20 19 20 12.10000038  0.0   1
     2768  -1.6406108  101.1366699    2.83801     -414.8        5.2      215.1     86.0     48.2     37.0 2023  1 20 19 20 39.81999969  0.0   1
     2769  -1.6410049  101.1406087    2.95177       23.9      -38.3      328.8    121.3     45.8     32.8 2023  1 20 19 21  7.40000010  0.0   1
     2770  -1.6408733  101.1417399    2.94329      149.7      -23.8      320.3     60.1     36.9     25.7 2023  1 20 19 21 18.81999969  0.0   1
     2771  -1.6401933  101.1496257    2.68059     1027.1       51.4       57.6     61.6     38.5     34.8 2023  1 20 19 21 59.91999817  0.0   1
     2772  -1.6411903  101.1439046    3.33606      390.5      -58.8      713.1    116.9     51.4     54.7 2023  1 20 19 22 12.19999981  0.0   1
     2773  -1.6387108  101.1570719    2.37005     1855.3      215.3     -252.9     65.9     68.3     52.8 2023  1 20 19 22 39.93999863  0.0   1
     2774  -1.6418467  101.1422526    3.08595      206.2     -131.4      463.0     76.8     55.4     37.2 2023  1 20 19 22 45.40000153  0.0   1
     2775  -1.6444191  101.1359131    2.73125     -498.8     -415.9      108.3     76.2     48.6     47.2 2023  1 20 19 23  1.05999994  0.0   1
     2776  -1.6458060  101.1440348    2.36770      404.5     -569.2     -255.2     61.9     26.4     39.3 2023  1 20 19 23  6.86000013  0.0   1
     2777  -1.6414848  101.1391439    2.76519     -139.8      -91.4      142.2     71.8     36.9     30.1 2023  1 20 19 24 26.95999908  0.0   1
     2778  -1.6459106  101.1282633    2.50105    -1350.3     -580.8     -121.9    102.5     73.7     75.5 2023  1 20 19 24 30.94000053  0.0   1
     2779  -1.6448283  101.1425700    2.59613      242.0     -461.1      -26.8     90.1     56.6     49.4 2023  1 20 19 24 45.20000076  0.0   1
     2780  -1.6472368  101.1319743    2.25711     -937.1     -727.4     -365.8     97.6     71.7     67.9 2023  1 20 19 24 52.18000031  0.0   1
     2782  -1.6388509  101.1511719    2.65321     1199.4      199.8       30.3     56.7     33.3     25.9 2023  1 20 19 25 16.07999992  0.0   1
     2783  -1.6495473  101.1295573    1.51340    -1206.2     -982.9    -1109.5    101.9     58.7     99.4 2023  1 20 19 26 19.50000000  0.0   1
     2784  -1.6347349  101.1547119    2.71941     1592.6      655.0       96.5     50.3     55.9     37.5 2023  1 20 19 26 40.24000168  0.0   1
     2785  -1.6431981  101.1464193    3.12926      670.1     -280.8      506.3    298.5     70.8     61.6 2023  1 20 19 26 53.72000122  0.0   1
     2786  -1.6420636  101.1440104    2.60937      401.9     -155.4      -13.6     57.8     29.2     32.8 2023  1 20 19 28  3.14000010  0.0   1
     2787  -1.6424507  101.1411051    2.70206       78.9     -198.2       79.1     59.9     29.6     25.5 2023  1 20 19 28 27.34000015  0.0   1
     2788  -1.6403802  101.1437500    2.83039      373.3       30.7      207.4     50.0     35.8     28.7 2023  1 20 19 28 29.31999969  0.0   1
     2789  -1.6422276  101.1417074    2.57608      145.8     -173.5      -46.9    133.6     51.0     44.4 2023  1 20 19 28 39.91999817  0.0   1
     2790  -1.6444878  101.1411540    2.82166       84.4     -423.4      198.7    114.5     35.4     33.1 2023  1 20 19 29 12.73999977  0.0   1
     2791  -1.6432446  101.1417887    2.83656      154.7     -286.0      213.6     60.9     33.7     29.7 2023  1 20 19 29 38.18000031  0.0   1
     2792  -1.6417966  101.1455078    2.76512      568.3     -125.9      142.2     59.4     39.1     36.1 2023  1 20 19 30 28.65999985  0.0   1
     2793  -1.6407607  101.1425537    2.77087      240.4      -11.3      147.9     62.6     40.0     33.5 2023  1 20 19 30 43.77999878  0.0   1
     2794  -1.6464887  101.1302653    2.37048    -1127.1     -644.7     -252.5     95.4     60.9     79.4 2023  1 20 19 30 58.61999893  0.0   1
     2795  -1.6340369  101.1565755    2.18977     1799.8      732.1     -433.2     55.2     55.4     49.0 2023  1 20 19 31  4.38000011  0.0   1
     2796  -1.6451171  101.1396647    2.45711      -81.5     -493.0     -165.8    135.6     65.1     66.3 2023  1 20 19 31  9.84000015  0.0   1
     2797  -1.6417909  101.1426839    2.85583      254.0     -125.2      232.9     78.1     26.9     31.4 2023  1 20 19 31 49.70000076  0.0   1
     2798  -1.6407869  101.1470622    2.85290      741.5      -14.2      230.0     72.5     50.5     27.9 2023  1 20 19 32  3.83999991  0.0   1
     2799  -1.6423381  101.1427816    2.68446      265.2     -185.8       61.5     98.7     33.1     34.6 2023  1 20 19 32  9.02000046  0.0   1
     2800  -1.6407874  101.1413981    2.90094      111.6      -14.3      278.0     45.5     29.6     25.3 2023  1 20 19 32 20.89999962  0.0   1
     2801  -1.6421103  101.1404053    2.77434        0.6     -160.6      151.4     49.8     29.4     27.1 2023  1 20 19 32 52.88000107  0.0   1
     2802  -1.6419402  101.1438721    2.68808      386.7     -141.8       65.1     44.7     26.8     24.4 2023  1 20 19 32 59.25999832  0.0   1
     2803  -1.6417793  101.1421956    2.93141      200.4     -124.0      308.5     54.6     34.2     23.3 2023  1 20 19 33  9.80000019  0.0   1
     2804  -1.6441635  101.1360107    2.63057     -487.7     -387.6        7.6     83.9     42.6     44.4 2023  1 20 19 33 34.56000137  0.0   1
     2805  -1.6390202  101.1507731    2.83009     1154.7      181.1      207.1     45.9     38.9     35.6 2023  1 20 19 33 48.00000000  0.0   1
     2806  -1.6422849  101.1421794    2.83418      198.5     -179.9      211.2     80.6     52.6     48.0 2023  1 20 19 33 53.97999954  0.0   1
     2807  -1.6405293  101.1456543    2.70922      584.6       14.3       86.3     61.6     46.1     30.6 2023  1 20 19 34 15.69999981  0.0   1
     2808  -1.6458271  101.1261230    1.72402    -1588.0     -571.5     -898.9     91.0     68.8     84.2 2023  1 20 19 34 33.22000122  0.0   1
     2809  -1.6451914  101.1334961    2.45168     -767.7     -501.3     -171.3     82.0     40.5     71.6 2023  1 20 19 34 48.20000076  0.0   1
     2810  -1.6426160  101.1425781    2.59347      242.3     -216.5      -29.5     47.4     24.3     27.8 2023  1 20 19 34 58.11999893  0.0   1
     2811  -1.6416542  101.1454102    3.07036      558.1     -110.1      447.4     73.8     48.7     41.6 2023  1 20 19 35 21.10000038  0.0   1
     2812  -1.6423313  101.1404297    2.85102        3.4     -185.0      228.1     59.2     34.9     29.5 2023  1 20 19 35 48.25999832  0.0   1
     2813  -1.6408157  101.1453939    2.85212      555.6      -17.4      229.2     39.0     39.4     28.1 2023  1 20 19 36 32.65999985  0.0   1
     2814  -1.6423111  101.1442871    2.91987      432.6     -182.8      296.9     59.4     46.5     30.9 2023  1 20 19 36 50.90000153  0.0   1
     2815  -1.6400956  101.1435384    2.85068      349.9       62.2      227.7     53.9     43.4     33.1 2023  1 20 19 43 50.43999863  0.0   1
     2816  -1.6401624  101.1438070    3.09195      379.6       54.8      469.0     74.1     55.0     42.3 2023  1 20 19 43 54.97999954  0.0   1
     2817  -1.6399718  101.1443522    2.75058      439.7       75.9      127.6     67.2     44.2     34.7 2023  1 20 19 49 56.54000092  0.0   1
     2818  -1.6400880  101.1458822    2.99657      610.6       63.0      373.6     58.4     51.6     43.9 2023  1 20 19 53 30.76000023  0.0   1
     2819  -1.6408576  101.1430420    2.85084      293.9      -22.0      227.9     85.9     40.0     26.9 2023  1 20 19 57 15.27999973  0.0   1
     2820  -1.6410154  101.1447998    2.64040      489.5      -39.5       17.5     53.8     37.6     28.5 2023  1 20 19 57 23.65999985  0.0   1
     2821  -1.6384450  101.1451253    2.82726      526.2      244.7      204.3     65.9     48.9     33.9 2023  1 20 20 23  4.65999985  0.0   1
     2822  -1.6398413  101.1399658    2.90735      -48.0       90.3      284.4    114.4     55.6     47.5 2023  1 21  1 56 37.25000000  0.0   1
     2823  -1.6412108  101.1450684    2.80560      519.6      -61.1      182.7     88.4     61.7     33.7 2023  1 30 17 30  4.76000023  0.0   1
     2824  -1.6436948  101.1387614    2.74897     -182.1     -335.8      126.0     57.3     41.2     31.2 2023  1 30 17 30 40.74000168  0.0   1
     2825  -1.6460464  101.1273275    1.85397    -1454.5     -595.8     -769.0     93.0     66.7     91.5 2023  2 18 22 35 10.69999981  0.0   1
     2826  -1.6405677  101.1415853    2.84120      132.5       10.0      218.3     94.4     60.1     42.5 2023  2 18 22 38 25.92000008  0.0   1
     2827  -1.6424590  101.1418783    2.71184      164.4     -199.1       88.9     72.9     51.6     40.9 2023  2 18 22 38 33.40000153  0.0   1
     2828  -1.6460864  101.1313314    2.19136    -1008.6     -600.2     -431.6     92.3     61.5     74.8 2023  2 18 22 39  5.48000002  0.0   1
     2829  -1.6462580  101.1339193    2.36827     -720.7     -619.2     -254.7     58.7     47.0     47.9 2023  2 26 15 14 57.77000046  0.0   1
     2830  -1.6479074  101.1325358    2.04638     -874.3     -801.6     -576.6     81.4     48.8     49.2 2023  2 27 22 34 11.93999958  0.0   1
     2831  -1.6417230  101.1506266    2.73922     1138.5     -117.7      116.3     70.6     48.3     35.1 2023  2 27 22 34 17.97999954  0.0   1
     2832  -1.6492803  101.1355957    2.06472     -534.2     -953.4     -558.2     84.7     76.0     72.9 2023  2 27 22 34 39.31999969  0.0   1
     2833  -1.6441803  101.1348958    2.63131     -612.5     -389.4        8.4     87.9     50.2     38.8 2023  2 27 22 34 42.22000122  0.0   1
     2834  -1.6411678  101.1403483    2.75787       -5.1      -56.4      134.9     74.4     31.7     34.3 2023  3  8  4 53 44.11000061  0.0   1
     2835  -1.6409738  101.1358073    2.82076     -511.0      -34.9      197.8     90.8     52.7     27.5 2023  3 12 23 29 24.12000084  0.0   1
     2836  -1.6409271  101.1389893    2.92944     -157.0      -29.7      306.5     99.2     42.8     27.4 2023  3 19 14 58 26.79999924  0.0   1
     2837  -1.6425228  101.1432048    2.89574      312.0     -206.2      272.8     63.1     28.4     32.0 2023  3 19 14 58 27.35000038  0.0   1
     2838  -1.6396253  101.1434896    2.90726      344.2      114.2      284.3     56.4     54.7     31.5 2023  3 19 14 58 41.38999939  0.0   1
     2839  -1.6423794  101.1411947    2.88031       88.4     -190.3      257.4     56.5     39.6     33.6 2023  3 19 14 59  5.11999989  0.0   1
     2840  -1.6416378  101.1409749    2.89078       64.2     -108.3      267.8    129.2     42.7     30.6 2023  3 19 15  0 56.34000015  0.0   1
     2841  -1.6408791  101.1448242    2.87220      492.9      -24.4      249.3     63.4     32.0     36.6 2023  3 19 15  7 48.63000107  0.0   1
     2842  -1.6396005  101.1447184    2.86317      481.3      116.9      240.2     46.7     44.5     32.7 2023  3 19 15  8  6.13999987  0.0   1
     2843  -1.6417589  101.1467204    2.71161      704.0     -121.7       88.7     40.1     26.0     30.4 2023  3 19 15  8 45.77000046  0.0   1
     2844  -1.6424866  101.1461833    2.64908      644.1     -202.2       26.1     52.8     36.8     26.1 2023  3 19 15 10  1.89999998  0.0   1
     2845  -1.6404716  101.1423991    3.07669      222.5       20.6      453.7    128.8     49.8     33.6 2023  3 19 15 10 17.05999947  0.0   1
     2846  -1.6436368  101.1354248    2.88426     -553.4     -329.4      261.3     73.0     48.1     32.2 2023  3 19 15 10 42.45999908  0.0   1
     2847  -1.6400180  101.1392904    3.22189     -123.3       70.8      598.9    110.0     51.5     39.1 2023  3 19 15 12  7.92000008  0.0   1
     2848  -1.6399344  101.1434896    3.03611      344.0       80.0      413.2     91.2     53.0     36.2 2023  3 19 15 12 41.66999817  0.0   1
     2849  -1.6403367  101.1456380    2.93557      583.2       35.5      312.6     65.1     45.8     31.5 2023  3 19 15 13  3.02999997  0.0   1
     2850  -1.6445555  101.1351562    2.79116     -583.2     -431.0      168.2     58.0     42.6     43.2 2023  3 19 15 13 29.22999954  0.0   1
     2851  -1.6414585  101.1399902    2.91106      -45.1      -88.5      288.1    130.3     58.3     42.1 2023  3 19 15 14 14.53999996  0.0   1
     2852  -1.6442027  101.1293701    2.27007    -1227.4     -391.9     -352.9     58.6     47.5     53.2 2023  3 19 15 14 23.75000000  0.0   1
     2853  -1.6421251  101.1423584    2.71475      218.5     -162.2       91.8     82.0     55.0     33.5 2023  3 19 15 17  0.95999998  0.0   1
     2854  -1.6425092  101.1426839    2.71199      254.2     -204.7       89.0     48.0     36.5     36.0 2023  3 19 15 17 15.43000031  0.0   1
     2855  -1.6420862  101.1386637    2.86023     -192.6     -157.9      237.3    134.5     52.0     35.8 2023  3 19 15 17 23.26000023  0.0   1
     2856  -1.6432566  101.1379476    2.84019     -272.7     -287.3      217.2    105.5     39.8     31.5 2023  3 19 15 17 27.55999947  0.0   1
     2857  -1.6424466  101.1469482    2.99369      729.0     -197.8      370.8    131.0     67.5     52.1 2023  3 19 15 17 37.34000015  0.0   1
     2858  -1.6423350  101.1438477    2.80557      383.6     -185.4      182.6     54.9     45.3     40.8 2023  3 30 10 37 55.43000031  0.0   1
     2859  -1.6408726  101.1461833    2.75025      644.2      -23.7      127.3     58.6     46.7     28.1 2023  3 30 10 38 31.47999954  0.0   1
     2860  -1.6435687  101.1363363    2.84282     -451.4     -321.8      219.9    107.5     45.5     35.8 2023  3 30 10 38 50.88000107  0.0   1
     2861  -1.6422225  101.1388509    3.01772     -172.5     -173.0      394.8    104.0     41.1     28.0 2023  3 30 10 38 55.63999939  0.0   1
     2862  -1.6433191  101.1433431    2.57514      327.6     -294.2      -47.8     42.2     28.8     28.7 2023  3 30 10 39 42.11999893  0.0   1
     2863  -1.6399007  101.1406087    3.17494       23.1       83.8      552.0     85.4     46.3     41.3 2023  3 30 10 39 48.84999847  0.0   1
     2864  -1.6428797  101.1426270    2.79513      248.4     -245.6      172.2     53.1     24.4     27.0 2023  3 30 10 40  7.73999977  0.0   1
     2865  -1.6422576  101.1403971    2.83584       -0.4     -176.8      212.9     61.4     32.6     36.1 2023  3 30 10 40 14.48999977  0.0   1
     2866  -1.6400506  101.1378092    2.77986     -288.2       67.2      156.9     69.7     37.6     30.0 2023  3 30 10 40 28.92000008  0.0   1
     2867  -1.6416337  101.1405680    2.76542       19.2     -107.9      142.5     56.7     51.2     40.3 2023  3 30 10 40 36.38999939  0.0   1
     2868  -1.6407976  101.1453369    2.70365      549.6      -15.4       80.7     62.3     50.9     51.1 2023  3 30 10 40 42.43999863  0.0   1
     2869  -1.6484372  101.1343424    2.48838     -673.9     -860.2     -134.6    152.6     63.4     60.6 2023  3 30 10 41  9.31999969  0.0   1
     2870  -1.6410273  101.1407227    2.85654       36.4      -40.8      233.6     61.5     31.8     24.6 2023  3 30 10 41 20.13999939  0.0   1
     2871  -1.6451480  101.1366699    2.81783     -414.5     -496.5      194.9    161.4     52.3     33.8 2023  3 30 10 41 29.93000031  0.0   1
     2872  -1.6457348  101.1323242    2.34815     -898.3     -561.3     -274.8     62.1     36.8     53.4 2023  3 30 10 42  3.19000006  0.0   1
     2873  -1.6424605  101.1429362    2.69383      282.4     -199.3       70.9     47.3     26.8     19.9 2023  3 30 10 42 11.61999989  0.0   1
     2874  -1.6411043  101.1397868    2.89609      -68.1      -49.3      273.1     59.5     49.3     32.6 2023  3 30 10 45 34.45999908  0.0   1
     2875  -1.6415740  101.1372559    2.82399     -349.2     -101.3      201.1     67.0     40.1     26.6 2023  3 30 10 49 11.32999992  0.0   1
     2877  -1.6413368  101.1446696    2.87024      475.8      -75.0      247.3     59.1     51.5     40.8 2023  4  4 21 16 12.35999966  0.0   1
     2878  -1.6405141  101.1361654    3.01579     -470.7       15.9      392.8     89.9     56.5     38.9 2023  4  4 21 17 38.91999817  0.0   1
     2879  -1.6426600  101.1416097    2.51221      135.1     -221.3     -110.7     59.3     54.7     47.2 2023  4  4 21 19 37.68000031  0.0   1
     2880  -1.6424831  101.1480632    2.76611      852.6     -201.8      143.2     65.9     51.1     40.7 2023  4  4 21 20  7.90000010  0.0   1
     2881  -1.6418967  101.1440104    2.88213      402.0     -137.0      259.2     61.2     47.7     39.4 2023  4  4 21 21 24.20000076  0.0   1
     2882  -1.6413194  101.1492350    2.50524      983.3      -73.1     -117.7     67.4     72.2     35.0 2023  4  4 21 21 37.93999863  0.0   1
     2883  -1.6436366  101.1330485    2.48706     -817.4     -329.3     -135.9     83.2     62.3     62.5 2023  4  4 21 21 52.75999832  0.0   1
     2884  -1.6465735  101.1409831    2.55060       65.2     -654.1      -72.3     94.0     55.1     46.4 2023  4  4 21 21 54.95999908  0.0   1
     2885  -1.6403619  101.1492432    2.91486      984.2       32.8      291.9     75.7     45.8     54.4 2023  4  4 21 22  3.64000010  0.0   1
     2886  -1.6453709  101.1403971    2.82907       -0.1     -521.1      206.1     92.9     39.6     36.0 2023  4  7  6 28 12.28999996  0.0   1
     2889  -1.6016876  101.1234538    1.89165    -1885.4     4309.1     -731.3    194.9    170.2    140.6 2023  4 14  5 51 20.79999924  0.0   1
     2890  -1.6065394  101.1218669    2.07350    -2062.2     3772.7     -549.4    180.9    207.8    132.9 2023  4 14  5 51 25.79999924  0.0   1
     2893  -1.6391006  101.1438802    2.88764      387.9      172.2      264.7     52.1     37.5     25.1 2023  5 15 17 26 39.81999969  0.0   1
     2894  -1.6389833  101.1482422    2.84792      873.1      185.2      225.0     48.2     35.3     37.3 2023  5 15 17 32 30.39999962  0.0   1
     2895  -1.6455591  101.1391113    2.58632     -142.7     -541.9      -36.6     52.4     36.7     38.3 2023  5 19 22 49 48.45999908  0.0   1
     2896  -1.6422494  101.1437744    2.85794      376.1     -176.0      235.0     61.6     38.7     27.4 2023  5 19 22 54 49.02000046  0.0   1
     2897  -1.6401976  101.1402588    2.86221      -15.5       50.9      239.3     62.5     41.1     29.1 2023  5 19 22 54 53.54000092  0.0   1
     2901  -1.6425568  101.1346436    2.72787     -640.5     -209.9      104.9     88.3     43.4     28.0 2023  5 27 15 42  8.60000038  0.0   1
     2903  -1.6441111  101.1377523    2.75262     -294.2     -381.8      129.7    292.8    127.5     79.5 2023  5 28 18 49 16.21999931  0.0   1
     2905  -1.6466142  101.1237386    1.82715    -1853.5     -658.6     -795.8    148.6    123.3    148.7 2023  6  6  1 40 44.04000092  0.0   1
     2906  -1.6431871  101.1315592    2.38873     -983.7     -279.6     -234.2     79.0     46.3     71.4 2023  6  6  1 42 24.76000023  0.0   1
     2907  -1.6422890  101.1357422    2.71080     -518.4     -180.3       87.9     68.8     46.2     31.1 2023  6  6  1 48 22.26000023  0.0   1
     2908  -1.6410230  101.1430339    2.77849      293.7      -40.3      155.5     56.6     27.1     22.6 2023  6  6  1 48 43.06999969  0.0   1
     2909  -1.6430789  101.1437093    2.74824      369.0     -267.7      125.3    112.6     28.8     32.2 2023  6  6  1 51 12.57999992  0.0   1
     2910  -1.6428256  101.1425944    2.82291      244.8     -239.7      200.0    132.9     41.8     30.5 2023  6  6  1 51 15.86999989  0.0   1
     2911  -1.6426455  101.1411377    2.87380       82.8     -219.7      250.9     73.8     35.3     29.0 2023  6  6  1 51 30.25000000  0.0   1
     2912  -1.6434640  101.1439372    2.98257      394.0     -310.3      359.6     80.7     31.9     36.4 2023  6  6  1 52 19.11000061  0.0   1
     2913  -1.6421714  101.1412679    2.94846       96.9     -167.3      325.5     78.7     33.8     30.6 2023  6  6  1 52 40.33000183  0.0   1
     2914  -1.6401424  101.1416097    3.03592      134.7       57.0      413.0     81.4     39.4     37.0 2023  6  6  1 52 50.29999924  0.0   1
     2915  -1.6432308  101.1400798    2.84246      -35.7     -284.5      219.5    126.3     47.7     31.1 2023  6  6  1 53 28.01000023  0.0   1
     2916  -1.6464621  101.1404622    2.77651        6.8     -641.8      153.6    122.7     60.1     46.1 2023  6  6  1 54  5.28999996  0.0   1
     2917  -1.6440662  101.1449137    2.74367      502.6     -376.8      120.7     71.2     35.7     38.6 2023  6  6  1 54 28.88999939  0.0   1
     2918  -1.6435940  101.1366618    2.81761     -415.6     -324.6      194.7     84.2     47.8     50.9 2023  6  6  1 54 37.52999878  0.0   1
     2919  -1.6422133  101.1500814    2.78989     1077.5     -172.0      166.9     53.6     34.7     35.1 2023  6  6  1 54 44.18999863  0.0   1
     2921  -1.6474798  101.1255290    1.48167    -1654.1     -754.3    -1141.3     97.1     70.4    126.5 2023  6  6  1 55 12.25000000  0.0   1
     2922  -1.6414038  101.1400472    2.87086      -38.6      -82.4      247.9     92.9     37.1     35.2 2023  6  6  1 55 25.79999924  0.0   1
     2923  -1.6436887  101.1391927    2.66773     -134.3     -335.1       44.8    155.6     48.2     39.3 2023  6  6  1 55 44.54999924  0.0   1
     2924  -1.6404457  101.1442139    2.93304      424.9       23.5      310.1     79.9     42.2     40.5 2023  6  6  1 55 52.50999832  0.0   1
     2925  -1.6414955  101.1389648    2.86760     -159.1      -92.6      244.7    101.3     50.1     32.9 2023  6  6  1 56  1.14999998  0.0   1
     2926  -1.6423374  101.1413900    3.14357      110.5     -185.7      520.6     94.8     46.2     42.4 2023  6  6  1 56  8.31999969  0.0   1
     2927  -1.6506449  101.1248047    0.57687    -1735.2    -1104.3    -2046.1    132.1     99.7    263.9 2023  6  6  1 56 16.76000023  0.0   1
     2928  -1.6425976  101.1413737    2.83363      108.7     -214.4      210.7     64.8     31.0     27.8 2023  6  6  1 56 29.04999924  0.0   1
     2929  -1.6482529  101.1269613    1.62243    -1494.8     -839.8    -1000.5    109.9     75.9    129.7 2023  6  6  1 56 36.79000092  0.0   1
     2930  -1.6405320  101.1434001    2.90595      333.9       13.9      283.0     72.6     31.7     28.8 2023  6  6  1 57 14.22000027  0.0   1
     2931  -1.6421279  101.1419515    2.81889      173.0     -162.5      195.9     64.3     25.2     23.7 2023  6  6  1 57 25.55999947  0.0   1
     2932  -1.6405156  101.1431152    2.82181      302.5       15.8      198.9     72.5     34.2     36.1 2023  6  6  1 57 28.88999939  0.0   1
     2933  -1.6420214  101.1433024    2.66864      323.4     -150.7       45.7     70.2     23.9     24.9 2023  6  6  1 57 37.61999893  0.0   1
     2934  -1.6417366  101.1430908    3.10902      299.6     -119.3      486.1     78.6     40.1     36.5 2023  6  6  1 57 45.38000107  0.0   1
     2935  -1.6386785  101.1469971    2.96103      734.6      218.9      339.1     98.6     55.1     51.8 2023  6  6  1 58  3.48000002  0.0   1
     2936  -1.6416393  101.1417969    2.85403      155.5     -108.5      231.1    137.3     51.8     45.4 2023  6  6  1 58 51.29000092  0.0   1
     2937  -1.6469252  101.1433594    2.42216      329.8     -693.0     -200.8     77.8     55.1     72.8 2023  6  6  1 59  4.92000008  0.0   1
     2938  -1.6433910  101.1247884    1.78013    -1736.7     -302.2     -842.8    197.3    206.4    224.0 2023  6  6  2  0 18.29000092  0.0   1
     2939  -1.6410742  101.1448975    2.88767      500.9      -46.0      264.7     37.0     26.1     21.5 2023  6  6  2  0 50.33000183  0.0   1
     2940  -1.6426781  101.1415365    2.84582      127.2     -223.4      222.9     66.5     25.5     25.4 2023  6  6  2  1 17.14999962  0.0   1
     2941  -1.6443208  101.1427979    2.59849      267.0     -405.0      -24.4     77.4     48.1     40.9 2023  6  6  2  1 29.55999947  0.0   1
     2942  -1.6413289  101.1423910    2.79467      222.1      -74.2      171.7     56.6     26.2     28.4 2023  6  6  2  1 36.97999954  0.0   1
     2943  -1.6396713  101.1476481    2.43856      806.8      109.1     -184.4     56.0     38.1     41.6 2023  6  6  2  1 54.45999908  0.0   1
     2944  -1.6401903  101.1422363    2.94111      204.8       51.7      318.2     57.9     28.7     25.3 2023  6  6  2  2 19.39999962  0.0   1
     2945  -1.6466351  101.1435221    2.54088      347.4     -660.9      -82.1    138.0     63.2     56.8 2023  6  6  2  3 32.54000092  0.0   1
     2946  -1.6441976  101.1431396    2.67669      305.6     -391.4       53.7     77.1     33.1     32.3 2023  6  6  2  5 16.29999924  0.0   1
     2947  -1.6315756  101.1527018    2.76848     1369.6     1004.3      145.5     73.4     74.5     53.1 2023  6  6  2 11 56.61000061  0.0   1
     2948  -1.6406820  101.1444336    2.80179      448.9       -2.6      178.8     64.6     34.3     28.8 2023  6  6  2 57 14.14999962  0.0   1
     2949  -1.6412342  101.1437744    2.84135      375.6      -63.7      218.4     58.0     31.2     33.7 2023  6  6  2 57 29.37000084  0.0   1
     2950  -1.6395186  101.1488363    2.71688      939.0      126.0       93.9     52.2     42.8     37.0 2023  6  6  2 57 54.09999847  0.0   1
     2951  -1.6404917  101.1424479    2.52615      228.3       18.4      -96.8    122.5     75.5     64.5 2023  6  6  2 58  2.06999993  0.0   1
     2952  -1.6415700  101.1518229    1.91328     1271.1     -100.8     -709.7     43.4     43.6     44.0 2023  6  6  2 58 17.95000076  0.0   1
     2953  -1.6456175  101.1359375    2.41580     -496.0     -548.4     -207.1     97.6     43.8     46.3 2023  6  6  2 58 41.36999893  0.0   1
     2954  -1.6423597  101.1462402    2.53137      650.2     -188.1      -91.6     51.7     33.6     31.0 2023  6  6  2 59 47.00999832  0.0   1
     2955  -1.6393458  101.1486654    3.01253      920.4      145.1      389.6     91.2     65.7     57.4 2023  6  6 22 40 15.80000019  0.0   1
     2962  -1.6418805  101.1398682    2.65077      -58.4     -135.2       27.8     62.9     41.1     31.9 2023  7  4 19 19 48.45999908  0.0   1
     2967  -1.6449843  101.1230794    2.07565    -1926.9     -478.3     -547.3    131.1    114.5    140.4 2023  7 14 23 38 10.26000023  0.0   1
     2968  -1.6415001  101.1417887    2.85609      155.1      -93.1      233.1     71.4     32.9     31.0 2023  7 15  2  2 49.29000092  0.0   1
     2969  -1.6420207  101.1410238    2.76705       70.1     -150.7      144.1     72.9     32.2     33.5 2023  7 15  2  5 39.86000061  0.0   1
     2972  -1.6419964  101.1373698    2.77265     -336.6     -148.0      149.7     68.6     46.9     36.7 2023  7 15  9 27  6.65999985  0.0   1
     2973  -1.6413663  101.1430827    2.74443      298.9      -78.3      121.5     47.5     24.2     21.6 2023  7 15  9 29 55.13999939  0.0   1
     2974  -1.6417903  101.1432373    2.70798      316.3     -125.2       85.0     55.4     37.7     33.9 2023  7 15  9 30  2.75999999  0.0   1
     2975  -1.6415634  101.1414144    2.69579      112.9     -100.1       72.8     55.6     24.9     25.7 2023  7 15  9 30 27.43000031  0.0   1
     2976  -1.6421532  101.1417480    2.66399      150.6     -165.3       41.1    116.8     35.9     29.3 2023  7 15  9 31 39.70999908  0.0   1
     2977  -1.6359736  101.1181396    1.91713    -2477.0      518.0     -705.8    102.8    143.5    136.0 2023  7 17 15  4 33.40000153  0.0   1
     2978  -1.6401744  101.1429606    2.83638      285.5       53.5      213.4     54.4     31.0     30.0 2023  7 19  2  5 31.29000092  0.0   1
     2979  -1.6389489  101.1415365    3.14449      126.5      189.0      521.5     87.6     45.0     34.8 2023  7 19  2 18 47.72999954  0.0   1
     2980  -1.6424644  101.1432048    2.88415      312.2     -199.7      261.2     96.0     37.8     32.3 2023  7 19  2 21  5.59999990  0.0   1
     2981  -1.6355071  101.1541260    2.72173     1527.6      569.6       98.8     73.7     51.0     56.9 2023  7 19  2 21  8.77999973  0.0   1
     2982  -1.6390760  101.1418213    2.97374      158.2      174.9      350.8     49.0     40.8     41.1 2023  7 19  2 59 40.54000092  0.0   1
     2983  -1.6405506  101.1431396    2.89258      305.4       11.9      269.6     40.0     36.1     28.2 2023  7 19  3  0  3.86999989  0.0   1
     2984  -1.6409698  101.1468343    2.60345      716.6      -34.5      -19.5     51.4     38.6     23.2 2023  7 19  3  0 15.28999996  0.0   1
     2985  -1.6401025  101.1446370    2.68096      471.7       61.4       58.0     50.8     43.4     33.0 2023  7 19  3  0 25.79000092  0.0   1
     2986  -1.6418959  101.1389079    2.92864     -165.5     -136.9      305.7     69.7     47.2     35.4 2023  7 19  3  1  0.31999999  0.0   1
     2987  -1.6446175  101.1435465    2.63952      350.3     -437.8       16.6     45.4     24.2     24.6 2023  7 19  3  1 12.77000046  0.0   1
     2988  -1.6418599  101.1431315    2.60130      304.5     -132.9      -21.6     35.3     30.5     23.4 2023  7 19  3  1 20.85000038  0.0   1
     2989  -1.6405089  101.1388428    2.95460     -172.9       16.5      331.7     77.6     42.1     28.6 2023  7 19  3  1 31.04999924  0.0   1
     2990  -1.6405708  101.1462158    2.81732      647.3        9.7      194.4     52.7     35.5     37.1 2023  7 19  3  1 58.95000076  0.0   1
     2991  -1.6405305  101.1427002    3.04682      256.1       14.1      423.9     94.6     39.4     28.3 2023  7 19  3  2 24.22999954  0.0   1
     2992  -1.6406591  101.1416178    2.69381      136.2       -0.1       70.9     63.2     49.1     33.7 2023  7 19  3  2 31.32999992  0.0   1
     2994  -1.6451132  101.1423991    2.52756      222.7     -492.6      -95.4     91.8     71.2     42.9 2023  7 19  3  3  5.17000008  0.0   1
     2995  -1.6421141  101.1427734    2.76331      264.6     -161.0      140.4     87.4     34.5     25.3 2023  7 19  3  3 49.45000076  0.0   1
     2996  -1.6403586  101.1441895    2.94549      422.2       33.1      322.5     58.1     38.9     29.2 2023  7 19  3  4 25.73999977  0.0   1
     2997  -1.6418307  101.1401611    2.64270      -26.7     -129.6       19.8    137.9     49.3     50.2 2023  7 19  3  4 42.90000153  0.0   1
     2998  -1.6395999  101.1439616    3.04254      396.6      117.0      419.6    117.5     44.8     35.8 2023  7 19  3  4 47.33000183  0.0   1
     2999  -1.6399289  101.1413005    3.06472      100.5       80.6      441.8     71.5     43.5     33.7 2023  7 19  3  5 55.38999939  0.0   1
     3000  -1.6394300  101.1450846    2.79331      521.5      135.8      170.4     46.2     30.9     28.7 2023  7 19  3  6 34.20999908  0.0   1
     3001  -1.6411079  101.1431803    2.70618      309.4      -49.7       83.2     27.9     34.2     30.8 2023  7 19  3  7 18.03000069  0.0   1
     3002  -1.6438908  101.1415690    2.61431      130.0     -357.4       -8.6     64.0     32.5     39.9 2023  7 19  3  7 20.17000008  0.0   1
     3003  -1.6394143  101.1497803    2.74572     1044.2      137.5      122.8     57.7     60.6     57.2 2023  7 19  3  8 37.70999908  0.0   1
     3004  -1.6420399  101.1418701    2.89607      164.2     -152.8      273.1     83.8     60.5     64.4 2023  7 19  3 10 29.87999916  0.0   1
     3005  -1.6401258  101.1438070    2.86741      379.2       58.9      244.5     50.4     29.8     31.7 2023  7 19  3 11  7.88000011  0.0   1
     3006  -1.6379429  101.1434163    3.08404      336.0      300.2      461.1    167.1     55.9     58.2 2023  7 19  3 12 10.78999996  0.0   1
     3007  -1.6404453  101.1483968    2.74212      890.3       23.5      119.2     55.6     52.3     37.4 2023  7 19  3 14 29.62999916  0.0   1
     3008  -1.6414267  101.1471761    2.36287      754.1      -85.0     -260.1     34.2     30.8     28.3 2023  7 19  3 14 38.36000061  0.0   1
     3009  -1.6417590  101.1430583    2.67650      295.9     -121.7       53.6     71.8     78.9     62.0 2023  7 19  3 17 13.86999989  0.0   1
     3010  -1.6407237  101.1452474    2.80497      539.4       -7.2      182.0     51.6     33.0     28.3 2023  7 19  3 22  8.31999969  0.0   1
     3011  -1.6392808  101.1424561    2.86106      229.3      152.3      238.1     44.9     34.9     33.8 2023  7 19  3 23  0.50000000  0.0   1
     3012  -1.6412641  101.1442383    2.69860      427.8      -67.0       75.7     34.1     22.5     28.4 2023  7 19  3 23 19.36000061  0.0   1
     3013  -1.6420720  101.1435954    2.77548      356.0     -156.3      152.5     43.8     27.2     25.6 2023  7 19  3 23 22.77000046  0.0   1
     3014  -1.6384145  101.1418945    2.94410      166.6      248.1      321.2     55.5     31.6     27.5 2023  7 19  3 23 38.40000153  0.0   1
     3015  -1.6414689  101.1446452    2.72977      472.8      -89.7      106.8     37.5     25.0     22.4 2023  7 19  3 24  8.73999977  0.0   1
     3016  -1.6407900  101.1430094    2.86991      291.0      -14.6      247.0     47.8     32.0     30.4 2023  7 19  3 24 11.84000015  0.0   1
     3017  -1.6433769  101.1427165    2.78376      258.3     -300.6      160.8     57.6     40.8     33.8 2023  7 19  3 24 18.10000038  0.0   1
     3018  -1.6413324  101.1423991    2.70804      222.7      -74.5       85.1     57.5     28.9     27.1 2023  7 19  3 26 25.94000053  0.0   1
     3019  -1.6428249  101.1354004    2.79482     -555.6     -239.6      171.9     98.4     48.7     36.9 2023  7 19  3 26 54.45000076  0.0   1
     3020  -1.6383327  101.1471436    2.89914      750.3      257.1      276.2     65.8     45.6     25.4 2023  7 19  3 28  6.32000017  0.0   1
     3021  -1.6358630  101.1389323    3.10236     -163.1      530.2      479.4     68.3     35.7     36.0 2023  7 19  3 28 11.30000019  0.0   1
     3022  -1.6397617  101.1506348    2.65523     1139.3       99.1       32.3     56.3     40.9     35.4 2023  7 19  3 29  4.26999998  0.0   1
     3023  -1.6455442  101.1380615    2.49520     -260.0     -540.3     -127.7     72.9     58.8     50.7 2023  7 19  3 30 50.99000168  0.0   1
     3024  -1.6471560  101.1414469    2.47288      116.4     -718.5     -150.1    115.3     32.3     40.2 2023  7 19  3 37 19.65999985  0.0   1
     3025  -1.6414776  101.1338704    2.72876     -726.2      -90.6      105.8     89.9     73.3     58.7 2023  7 19  3 39 24.28000069  0.0   1
     3026  -1.6442837  101.1350423    2.69584     -596.1     -400.9       72.9     91.2     46.0     52.4 2023  7 19  3 48 22.11000061  0.0   1
     3027  -1.6409636  101.1419271    2.86442      169.9      -33.8      241.5     53.3     47.8     44.8 2023  7 19 19  1 51.08000183  0.0   1
     3028  -1.6428739  101.1394206    2.73965     -108.8     -245.0      116.7    106.1     43.2     41.7 2023  7 20  1 15 46.22999954  0.0   1
     3029  -1.6423072  101.1372396    2.67015     -351.0     -182.3       47.2    125.7     35.3     56.3 2023  7 20  1 16 25.07999992  0.0   1
     3030  -1.6385061  101.1361084    3.06257     -476.8      238.0      439.6    103.4     72.3     59.1 2023  7 20  1 18 27.22999954  0.0   1
     3031  -1.6426243  101.1415283    2.65136      125.8     -217.4       28.4     35.4     30.9     38.0 2023  7 20 16 59 18.79999924  0.0   1
     3032  -1.6410641  101.1425618    2.78848      240.9      -44.9      165.5    116.2     45.8     39.3 2023  7 21  6 50 53.00999832  0.0   1
     3033  -1.6483910  101.1398763    2.31013      -58.2     -855.0     -312.8    138.1     59.3     89.0 2023  7 21 12 31 45.83000183  0.0   1
     3034  -1.6450445  101.1419922    2.63029      177.0     -485.0        7.3     86.1     41.9     41.1 2023  7 23  3 56 19.47999954  0.0   1
     3037  -1.6428663  101.1453044    2.52699      546.5     -244.2      -96.0     55.9     47.0     50.9 2023  7 31 23 41 35.38000107  0.0   1
     3042  -1.6411690  101.1397461    3.04655      -72.3      -56.5      423.6     71.8     42.3     34.0 2023  8 25 22  0  2.96000004  0.0   1
     3043  -1.6406403  101.1452881    2.87660      544.1        2.0      253.7     37.3     26.5     29.3 2023  8 25 22  1 20.63999939  0.0   1
     3044  -1.6499439  101.1330404    2.24418     -818.7    -1026.8     -378.8    132.1     66.7     92.4 2023  8 25 22  1 29.57999992  0.0   1
     3045  -1.6415339  101.1430908    2.69566      299.6      -96.8       72.7     67.6     31.9     30.5 2023  8 25 22  1 39.70000076  0.0   1
     3046  -1.6394984  101.1380290    2.83122     -263.8      128.2      208.3    105.3     44.9     31.8 2023  8 25 22  2 23.94000053  0.0   1
     3047  -1.6411880  101.1427409    2.78585      261.2      -58.6      162.9     37.2     23.4     23.5 2023  8 25 22  2 28.13999939  0.0   1
     3048  -1.6394283  101.1504964    2.54030     1124.1      136.0      -82.6     67.1     42.8     33.9 2023  8 25 22  2 42.25999832  0.0   1
     3049  -1.6426982  101.1425781    2.63857      242.5     -225.6       15.6     88.2     38.4     35.1 2023  8 25 22  2 51.50000000  0.0   1
     3050  -1.6417519  101.1426270    2.85607      248.2     -120.9      233.1     37.8     25.2     23.9 2023  8 25 22  2 58.43999863  0.0   1
     3051  -1.6390944  101.1496908    1.93612     1033.7      172.9     -686.8     82.3     56.1     59.7 2023  8 25 22  3 19.87999916  0.0   1
     3052  -1.6417788  101.1355306    2.80031     -541.4     -123.9      177.4     89.8     49.0     39.4 2023  8 25 22  3 24.92000008  0.0   1
     3054  -1.6437429  101.1423991    2.64880      222.7     -341.1       25.9     61.4     38.8     51.0 2023  8 25 22  3 32.50000000  0.0   1
     3055  -1.6416630  101.1394124    2.89038     -109.8     -111.1      267.4     67.0     38.6     31.8 2023  8 25 22  3 45.52000046  0.0   1
     3056  -1.6471621  101.1253092    2.06628    -1679.1     -719.2     -556.7     70.6     60.6     69.5 2023  8 25 22  4 22.10000038  0.0   1
     3057  -1.6418877  101.1435384    2.84883      349.7     -136.0      225.9    148.9     54.1     49.0 2023  8 25 22  4 39.36000061  0.0   1
     3058  -1.6416111  101.1425944    2.93822      244.6     -105.4      315.3     72.7     38.1     34.6 2023  8 25 22  4 42.74000168  0.0   1
     3059  -1.6392391  101.1500407    2.52157     1072.9      156.9     -101.4     54.0     28.8     25.3 2023  8 25 22  5 22.65999985  0.0   1
     3060  -1.6387769  101.1565837    2.35043     1801.1      208.0     -272.5     42.8     70.5     42.4 2023  8 25 22  5 45.79999924  0.0   1
     3061  -1.6439284  101.1374430    2.74843     -328.9     -361.6      125.5     92.9     57.4     45.7 2023  8 25 22  7 34.09999847  0.0   1
     3062  -1.6424835  101.1420654    2.65920      185.5     -201.8       36.3     47.3     45.0     37.9 2023  8 25 22  9 17.42000008  0.0   1
     3063  -1.6425645  101.1438802    2.56146      387.4     -210.8      -61.5     48.4     23.8     28.6 2023  8 25 22  9 21.89999962  0.0   1
     3064  -1.6398790  101.1428141    3.07956      268.6       86.2      456.6     56.4     39.0     31.5 2023  8 25 22  9 33.65999985  0.0   1
     3065  -1.6349105  101.1665527    0.48432     2910.3      635.6    -2138.6     76.8    124.7    159.8 2023  8 25 22  9 50.97999954  0.0   1
     3066  -1.6412046  101.1494141    2.56479     1003.3      -60.4      -58.2     73.4     76.3     52.7 2023  8 25 22 11 54.90000153  0.0   1
     3067  -1.6394808  101.1523193    2.61626     1326.7      130.2       -6.7     59.3    118.9     58.4 2023  8 25 22 12 15.19999981  0.0   1
     3068  -1.6381293  101.1548910    2.33903     1613.0      279.6     -283.9     57.5     58.9     50.9 2023  8 25 22 14 11.64000034  0.0   1
     3069  -1.6403736  101.1460286    2.49621      627.0       31.5     -126.7     51.4     38.6     27.1 2023  8 28 21 39 39.09999847  0.0   1
     3070  -1.6455296  101.1304769    2.32558    -1104.2     -538.6     -297.4    100.8     60.8     94.9 2023  8 28 22  8 57.27999878  0.0   1
     3071  -1.6408309  101.1409424    2.78044       60.3      -19.1      157.5     68.5     39.5     24.1 2023  8 29 14 22 51.02999878  0.0   1
     3072  -1.6417397  101.1395833    2.90625      -90.6     -119.6      283.3     43.9     32.5     28.6 2023  8 29 18 13 50.74000168  0.0   1
     3074  -1.6426366  101.1401855    2.68764      -23.6     -218.8       64.7     96.5     38.1     35.8 2023  8 30  1 31 17.67000008  0.0   1
     3075  -1.6410517  101.1279215    2.08008    -1387.8      -43.5     -542.9    178.7    185.6    158.5 2023  8 30  5 46 14.44999981  0.0   1
     3076  -1.6396367  101.1481852    2.52152      866.6      112.9     -101.4     70.1     38.4     37.5 2023  8 30  5 46 27.07999992  0.0   1
     3077  -1.6421824  101.1453857    2.54720      555.1     -168.5      -75.7     51.2     34.7     42.2 2023  8 30  5 47  3.69000006  0.0   1
     3078  -1.6429319  101.1359131    2.76569     -498.6     -251.4      142.7     78.7     50.6     55.0 2023  8 30  5 47  5.53999996  0.0   1
     3079  -1.6430027  101.1271810    2.27552    -1470.5     -259.2     -347.4    156.2    152.1    142.4 2023  8 30  5 47 14.06000042  0.0   1
     3080  -1.6400963  101.1522949    2.54955     1323.9       62.1      -73.4     64.5     59.7     49.5 2023  8 30  5 47 22.72999954  0.0   1
     3081  -1.6403210  101.1483317    2.55154      883.4       37.3      -71.4     40.0     53.4     42.4 2023  8 30  5 47 28.44000053  0.0   1
     3083  -1.6426304  101.1282715    1.50094    -1349.1     -218.1    -1122.0    177.7    141.6    174.9 2023  8 30  5 47 51.20000076  0.0   1
     3084  -1.6443563  101.1421631    2.59615      196.6     -408.9      -26.8     66.4     29.7     39.2 2023  8 30  5 50 22.00000000  0.0   1
     3085  -1.6419698  101.1396973    2.56866      -77.9     -145.0      -54.3     73.6     36.8     38.2 2023  8 30  5 50 28.25000000  0.0   1
     3086  -1.6423547  101.1489583    2.86037      952.3     -187.6      237.4     91.6     53.2     46.9 2023  8 30 14 17 58.83000183  0.0   1
     3087  -1.6436673  101.1420817    2.57740      187.0     -332.7      -45.5    102.2     58.0     51.6 2023  8 30 14 22 58.09000015  0.0   1
     3088  -1.6436812  101.1411377    2.50509       82.1     -334.3     -117.9    122.3     47.8     49.5 2023  8 30 14 35 52.65000153  0.0   1
     3094  -1.6432297  101.1409505    2.58808       61.6     -284.3      -34.9    109.1     34.0     37.1 2023  9 13 15 18 58.20999908  0.0   1
     3095  -1.6407333  101.1486654    2.48528      920.0       -8.3     -137.7     42.7     38.0     37.9 2023  9 14 16  1  7.05999994  0.0   1
     3096  -1.6384488  101.1522542    2.60032     1319.6      244.3      -22.6     64.3     69.6     44.1 2023  9 14 16  1 16.52000046  0.0   1
     3097  -1.6429848  101.1384033    2.73074     -221.6     -257.3      107.8     81.2     41.5     36.6 2023  9 14 16  1 24.82999992  0.0   1
     3098  -1.6460634  101.1387777    2.39642     -180.1     -597.7     -226.5    170.3     76.0     52.4 2023  9 14 16  3 59.18000031  0.0   1
     3099  -1.6400060  101.1470296    2.72300      737.9       72.1      100.1     51.6     50.5     43.6 2023  9 14 16  4  8.14000034  0.0   1
     3100  -1.6387375  101.1460368    2.99416      627.8      212.4      371.2     84.4     57.4     44.7 2023  9 14 16  7 36.65999985  0.0   1
     3101  -1.6403035  101.1425863    2.68109      243.1       39.2       58.1     69.7     50.8     37.0 2023  9 14 16  7 43.02999878  0.0   1
     3102  -1.6458062  101.1259440    1.75904    -1608.4     -569.2     -863.9     98.3     73.6    121.1 2023  9 14 16 10 57.36000061  0.0   1
     3103  -1.6394553  101.1331543    2.87773     -805.6      133.0      254.8     63.1     74.8     34.6 2023  9 14 16 11 12.31000042  0.0   1
     3104  -1.6411666  101.1491862    2.55313      978.3      -56.2      -69.8     62.1     73.9     42.2 2023  9 14 16 11 17.97999954  0.0   1
     3105  -1.6421579  101.1425700    2.77612      241.5     -165.8      153.2     53.9     29.0     31.0 2023  9 14 16 23 25.43000031  0.0   1
     3106  -1.6422960  101.1420166    2.68174      179.8     -181.1       58.8     66.5     32.6     32.3 2023  9 14 16 23 33.90000153  0.0   1
     3107  -1.6427845  101.1410807    2.77567       75.6     -235.1      152.7     44.2     34.9     31.1 2023  9 14 16 23 52.75999832  0.0   1
     3108  -1.6421406  101.1390462    2.69187     -150.4     -163.9       68.9     74.1     42.4     34.7 2023  9 14 16 23 59.08000183  0.0   1
     3109  -1.6423831  101.1422689    2.65950      208.7     -190.7       36.6     95.4     37.8     42.3 2023  9 14 16 24  4.69000006  0.0   1
     3110  -1.6428686  101.1410075    2.65998       67.5     -244.4       37.0     67.1     26.9     28.0 2023  9 14 16 24 13.52000046  0.0   1
     3111  -1.6423537  101.1435954    2.71911      356.3     -187.5       96.2     55.2     27.1     29.1 2023  9 14 16 24 25.40999985  0.0   1
     3112  -1.6427780  101.1455485    2.69614      572.8     -234.4       73.2     60.6     49.8     29.9 2023  9 14 16 24 54.75000000  0.0   1
     3113  -1.6433179  101.1401286    2.72366      -30.0     -294.1      100.7     60.8     32.4     36.3 2023  9 14 16 24 59.38000107  0.0   1
     3114  -1.6432968  101.1424886    2.62686      233.1     -291.8        3.9     60.6     38.0     34.5 2023  9 14 16 25  6.48000002  0.0   1
     3115  -1.6405619  101.1466553    2.60324      696.7       10.6      -19.7     39.4     29.6     30.3 2023  9 14 16 25 25.75000000  0.0   1
     3116  -1.6410225  101.1500407    2.48686     1073.5      -40.3     -136.1     52.2     56.0     31.8 2023  9 14 16 25 28.45000076  0.0   1
     3117  -1.6475213  101.1252279    1.57675    -1687.8     -758.9    -1046.2     93.9     86.2    104.3 2023  9 14 16 25 34.34999847  0.0   1
     3118  -1.6471298  101.1309082    1.51405    -1055.5     -715.6    -1107.9    102.5     73.1    114.8 2023  9 14 16 25 42.66999817  0.0   1
     3119  -1.6422647  101.1379801    2.60180     -269.1     -177.6      -21.1     90.6     48.2     41.2 2023  9 14 16 25 48.11999893  0.0   1
     3120  -1.6424424  101.1375081    2.50079     -321.6     -197.3     -122.2     84.2     41.1     30.5 2023  9 14 16 25 56.81999969  0.0   1
     3121  -1.6395434  101.1441569    2.80633      418.3      123.3      183.4     51.1     32.8     33.1 2023  9 14 16 26  2.75999999  0.0   1
     3122  -1.6408932  101.1422119    2.83105      201.9      -26.0      208.1     49.0     23.8     24.1 2023  9 14 16 26 23.64999962  0.0   1
     3123  -1.6394889  101.1437337    2.97684      371.6      129.3      353.9     69.9     45.1     31.1 2023  9 14 16 26 34.95999908  0.0   1
     3124  -1.6412671  101.1446370    2.76141      472.2      -67.3      138.5     65.0     30.4     33.8 2023  9 14 16 26 48.50000000  0.0   1
     3125  -1.6460571  101.1363118    2.21370     -455.0     -597.0     -409.2    118.1     43.0     56.7 2023  9 14 16 27  6.15000010  0.0   1
     3126  -1.6429662  101.1466146    2.55515      692.1     -255.2      -67.8     55.8     35.9     33.1 2023  9 14 16 27 14.25000000  0.0   1
     3127  -1.6399461  101.1445475    2.70139      462.1       78.7       78.4     60.3     34.4     42.9 2023  9 14 16 27 17.69000053  0.0   1
     3128  -1.6399254  101.1471598    2.53588      752.6       81.0      -87.1     52.1     46.8     33.7 2023  9 14 16 27 22.95999908  0.0   1
     3129  -1.6374096  101.1482910    2.59786      878.7      359.2      -25.1     39.2     39.1     31.4 2023  9 14 16 27 30.12000084  0.0   1
     3130  -1.6387876  101.1437093    2.98633      368.1      206.8      363.4     66.4     38.8     35.6 2023  9 14 16 27 36.08000183  0.0   1
     3131  -1.6386485  101.1496745    2.58968     1032.7      222.2      -33.3     58.6     36.7     39.4 2023  9 14 16 28  5.15999985  0.0   1
     3132  -1.6423396  101.1452881    2.56845      543.9     -185.9      -54.5     37.1     27.1     25.6 2023  9 14 16 28 10.97999954  0.0   1
     3133  -1.6416547  101.1415365    2.74028      127.0     -110.2      117.3     73.1     26.6     25.9 2023  9 14 16 28 18.73999977  0.0   1
     3134  -1.6414967  101.1499186    2.27959     1059.7      -92.7     -343.4     75.9     70.5     55.9 2023  9 14 16 28 27.96999931  0.0   1
     3135  -1.6421805  101.1469320    2.58383      727.5     -168.3      -39.1     36.5     26.1     29.1 2023  9 14 16 28 40.47999954  0.0   1
     3136  -1.6455738  101.1343994    2.27352     -667.7     -543.5     -349.4    133.8     53.5     48.6 2023  9 14 16 28 47.25999832  0.0   1
     3137  -1.6433417  101.1416748    2.66322      142.6     -296.7       40.3     39.2     22.8     24.2 2023  9 14 16 28 51.58000183  0.0   1
     3138  -1.6462079  101.1274007    1.97017    -1446.5     -613.7     -652.8     97.7     61.1    108.9 2023  9 14 16 29 41.08000183  0.0   1
     3139  -1.6416182  101.1307292    2.49688    -1075.8     -106.2     -126.1    101.0     70.2     74.7 2023  9 14 16 29 46.22999954  0.0   1
     3140  -1.6419220  101.1416911    2.76426      143.6     -139.7      141.3     66.9     39.2     37.2 2023  9 14 16 29 52.25999832  0.0   1
     3141  -1.6416775  101.1447591    2.74680      485.7     -112.7      123.9     34.5     28.3     24.4 2023  9 14 16 32  8.39999962  0.0   1
     3142  -1.6426103  101.1447835    2.66015      487.7     -215.9       37.2     53.8     22.4     27.3 2023  9 14 16 32 17.73999977  0.0   1
     3143  -1.6375910  101.1564779    2.23387     1789.8      339.1     -389.1     89.0     56.5     69.7 2023  9 14 16 32 30.69000053  0.0   1
     3144  -1.6413397  101.1423503    2.82615      217.5      -75.4      203.2     52.0     23.6     26.1 2023  9 14 16 32 37.11000061  0.0   1
     3145  -1.6422529  101.1391195    2.85196     -142.2     -176.3      229.0     86.4     42.3     41.5 2023  9 14 16 32 59.11000061  0.0   1
     3146  -1.6372040  101.1510010    2.79363     1179.5      381.9      170.7     58.8     42.2     41.0 2023  9 14 16 34 11.01000023  0.0   1
     3147  -1.6365098  101.1609782    2.09482     2290.6      458.7     -528.1     51.2     88.9     62.5 2023  9 14 16 34 40.43000031  0.0   1
     3148  -1.6412313  101.1486328    2.67746      916.5      -63.4       54.5     45.8     27.0     23.3 2023  9 14 16 34 47.56999969  0.0   1
     3149  -1.6378975  101.1517822    2.72584     1267.1      305.3      102.9     54.1     69.2     42.4 2023  9 14 16 34 58.79000092  0.0   1
     3150  -1.6459980  101.1295329    2.10003    -1208.7     -590.4     -522.9    101.2     75.3     83.2 2023  9 14 16 36 23.40999985  0.0   1
     3151  -1.6431281  101.1294759    2.32269    -1215.3     -273.1     -300.3     77.5     54.9     57.4 2023  9 14 16 38 46.27000046  0.0   1
     3152  -1.6394202  101.1476888    2.97467      811.2      136.9      351.7    148.8     48.1     41.9 2023  9 14 16 39 22.14999962  0.0   1
     3153  -1.6405996  101.1473470    2.69165      772.9        6.5       68.7     57.8     48.0     33.5 2023  9 14 16 40 10.57999992  0.0   1
     3154  -1.6413291  101.1353841    2.66551     -557.5      -74.2       42.6    104.4     60.1     45.3 2023  9 14 16 40 29.72999954  0.0   1
     3155  -1.6407146  101.1427327    2.81441      260.2       -6.2      191.5     44.3     37.8     33.7 2023  9 14 16 42 57.52000046  0.0   1
     3156  -1.6419985  101.1448812    2.64583      498.6     -148.2       22.9     48.0     25.2     26.3 2023  9 14 16 43 40.40999985  0.0   1
     3157  -1.6408845  101.1426025    2.83501      245.3      -25.0      212.1     61.5     45.9     31.3 2023  9 14 16 48 22.35000038  0.0   1
     3158  -1.6396572  101.1465739    2.74469      687.3      110.7      121.7     82.4     59.6     52.5 2023  9 14 16 48 45.50999832  0.0   1
     3160  -1.6421027  101.1471924    2.69387      756.3     -159.7       70.9     57.5     47.5     30.9 2023  9 14 16 56  2.07999992  0.0   1
     3161  -1.6412247  101.1441243    2.75516      414.3      -62.6      132.2     43.0     26.6     26.3 2023  9 14 17  0 13.88000011  0.0   1
     3162  -1.6388226  101.1541911    2.11754     1534.6      203.0     -505.4     62.5     64.9     63.2 2023  9 14 17 16  3.20000005  0.0   1
     3163  -1.6426664  101.1424154    2.72090      224.5     -222.0       98.0     88.3     37.9     35.2 2023  9 14 17 16 12.60000038  0.0   1
     3164  -1.6438002  101.1389811    2.58908     -157.5     -347.4      -33.9     57.7     39.9     41.1 2023  9 14 17 16 20.60000038  0.0   1
     3165  -1.6424250  101.1393717    2.75822     -114.5     -195.4      135.3     61.4     40.5     35.8 2023  9 14 17 22 43.41999817  0.0   1
     3166  -1.6430279  101.1399251    2.80881      -52.2     -262.0      185.9     84.1     44.0     42.9 2023  9 14 17 23  1.67999995  0.0   1
     3167  -1.6444576  101.1415039    2.71934      123.4     -420.1       96.4     67.9     42.7     41.3 2023  9 14 17 23  3.44000006  0.0   1
     3168  -1.6412567  101.1404867    2.84027       10.1      -66.2      217.3     59.3     29.1     25.0 2023  9 14 17 23 38.47999954  0.0   1
     3169  -1.6437850  101.1364014    2.59299     -444.4     -345.7      -30.0     65.3     43.5     40.3 2023  9 14 17 24 47.47999954  0.0   1
     3170  -1.6430751  101.1344808    2.40701     -658.1     -267.2     -215.9     59.3     31.8     37.1 2023  9 14 18  6 58.63999939  0.0   1
     3172  -1.6414356  101.1425944    2.68948      244.1      -86.0       66.5     70.4     37.4     32.8 2023  9 15 17 48 41.77999878  0.0   1
     3173  -1.6385564  101.1458577    2.93295      607.2      232.4      310.0     56.4     32.9     27.9 2023  9 15 17 50 48.40000153  0.0   1
     3174  -1.6405328  101.1474528    2.69593      785.0       13.9       73.0     89.6     55.8     31.7 2023  9 15 17 51  9.39999962  0.0   1
     3175  -1.6391237  101.1446370    2.83278      471.5      169.7      209.8     61.9     43.8     31.0 2023  9 18  5 36 41.97999954  0.0   1
     3176  -1.6410096  101.1433187    2.74616      325.0      -38.9      123.2     60.7     32.1     32.9 2023  9 18 16 33 14.22000027  0.0   1
     3177  -1.6377876  101.1487793    2.98734      932.6      317.4      364.4     67.3     69.2     52.1 2023  9 19 22 37 53.88000107  0.0   1
     3178  -1.6408861  101.1418701    2.84965      163.5      -25.2      226.7     64.5     32.9     34.5 2023  9 20 20 41 28.63999939  0.0   1
     3179  -1.6399456  101.1441569    2.76808      418.1       78.8      145.1     53.7     31.6     26.8 2023  9 21  3 26 18.59000015  0.0   1
     3180  -1.6391535  101.1478271    2.69287      826.8      166.4       69.9     79.9     38.7     49.0 2023  9 21  3 26 48.38999939  0.0   1
     3181  -1.6389833  101.1441650    2.94084      418.9      185.2      317.9     62.8     31.9     38.5 2023  9 21  3 26 59.63000107  0.0   1
     3182  -1.6449097  101.1305908    2.03783    -1091.0     -470.1     -585.1    105.5     73.6    102.4 2023  9 21  3 27 59.75000000  0.0   1
     3183  -1.6412072  101.1473389    2.53894      772.1      -60.7      -84.0     57.7     54.9     56.4 2023  9 21  3 28  2.72000003  0.0   1
     3184  -1.6402645  101.1458089    2.76499      601.9       43.5      142.0     42.6     32.7     34.0 2023  9 21  3 28 44.74000168  0.0   1
     3185  -1.6474552  101.1212972    0.70547    -2125.5     -751.6    -1917.5    138.7    134.3    217.8 2023  9 21  3 37 14.60999966  0.0   1
     3186  -1.6422806  101.1434408    2.75723      338.7     -179.4      134.3     50.3     47.0     56.3 2023  9 21  3 43  8.53999996  0.0   1
     3187  -1.6419267  101.1439779    2.67502      398.8     -140.3       52.1     51.5     39.5     35.5 2023  9 21  3 43 36.95999908  0.0   1
     3188  -1.6417908  101.1438639    3.00390      385.9     -125.2      381.0     82.7     64.1     39.3 2023  9 21  3 44 35.31000137  0.0   1
     3189  -1.6392865  101.1402018    2.89879      -21.3      151.7      275.9     52.0     54.6     41.3 2023  9 21  3 45  0.40000001  0.0   1
     3190  -1.6407272  101.1437500    2.76902      372.8       -7.6      146.1     45.8     34.9     29.3 2023  9 21  3 46 23.75000000  0.0   1
     3191  -1.6409274  101.1465983    2.73800      690.3      -29.8      115.1     46.2     32.3     37.9 2023  9 21  3 47 35.90000153  0.0   1
     3192  -1.6396756  101.1487630    2.72324      930.6      108.6      100.3     57.9     52.2     36.1 2023  9 21  3 47 45.47000122  0.0   1
     3193  -1.6406480  101.1445394    2.73115      460.5        1.1      108.2     43.8     32.1     29.0 2023  9 21  3 50 10.31999969  0.0   1
     3194  -1.6380702  101.1433024    2.96765      323.4      286.2      344.7     39.7     37.4     28.1 2023  9 21  3 51 53.75000000  0.0   1
     3195  -1.6397959  101.1429036    2.89894      279.2       95.3      276.0     71.1     50.9     39.2 2023  9 21  3 54 41.15999985  0.0   1
     3196  -1.6374159  101.1516113    2.71052     1247.9      358.5       87.6     69.3     49.3     36.5 2023  9 21  3 54 56.18999863  0.0   1
     3197  -1.6376890  101.1466715    2.97636      698.5      328.3      353.4     61.4     42.3     38.9 2023  9 21  3 55  2.20000005  0.0   1
     3198  -1.6374023  101.1491374    2.72732      972.3      360.0      104.4     43.0     51.2     39.9 2023  9 21  3 57 10.92000008  0.0   1
     3200  -1.6397598  101.1670654    1.57626     2967.1       99.3    -1046.7     72.8     93.0    156.5 2023  9 21 18  0 24.65999985  0.0   1
     3202  -1.6429717  101.1414469    2.82893      117.0     -255.8      206.0     66.2     37.0     28.2 2023  9 21 18  2 53.29999924  0.0   1
     3203  -1.6409757  101.1447103    2.61944      480.2      -35.1       -3.5     47.7     21.5     28.0 2023  9 21 18  3  1.86000001  0.0   1
     3204  -1.6412511  101.1474609    2.62838      786.4      -65.6        5.4     44.3     33.2     27.6 2023  9 21 18  3  6.84000015  0.0   1
     3206  -1.6398499  101.1471680    2.77969      753.5       89.4      156.8     65.6     38.4     31.1 2023  9 21 18  3 58.45999908  0.0   1
     3207  -1.6378728  101.1588460    1.94515     2052.9      308.0     -677.8     75.5     61.0     72.7 2023  9 21 18  4  4.84000015  0.0   1
     3208  -1.6411702  101.1436849    2.67111      366.0      -56.6       48.2     41.2     25.9     24.9 2023  9 21 18  4  8.68000031  0.0   1
     3209  -1.6422493  101.1476807    2.73973      810.4     -175.9      116.8     76.1     49.8     44.0 2023  9 21 18  5 31.94000053  0.0   1
     3210  -1.6432054  101.1418376    2.65868      160.4     -281.7       35.7     75.1     30.1     28.2 2023  9 21 18  5 48.38000107  0.0   1
     3211  -1.6487736  101.1248454    1.91637    -1730.5     -897.4     -706.6     92.4     68.1     93.6 2023  9 21 18  6 39.50000000  0.0   1
     3212  -1.6428576  101.1416748    2.87250      142.5     -243.2      249.6     55.8     33.8     34.3 2023  9 21 18 40 21.60000038  0.0   1
     3213  -1.6399521  101.1470703    2.79764      742.7       78.1      174.7     54.0     44.0     31.5 2023  9 28  7  5  1.83000004  0.0   1
     3214  -1.6377023  101.1457520    2.88080      595.8      326.8      257.9     40.3     40.3     24.8 2023  9 28  7 39  3.82999992  0.0   1
     3215  -1.6416541  101.1416667    2.77656      141.1     -110.1      153.6     76.6     42.0     32.1 2023  9 28  7 40  2.51999998  0.0   1
     3216  -1.6398228  101.1475423    2.62320      795.3       92.4        0.3     42.5     35.8     30.3 2023  9 28  7 55 56.93999863  0.0   1
     3217  -1.6413965  101.1429525    2.73193      284.1      -81.6      109.0     38.8     24.8     22.1 2023  9 28  7 56  5.48999977  0.0   1
     3218  -1.6424205  101.1450114    2.69876      513.1     -194.9       75.8     37.1     34.9     36.9 2023  9 28  7 56 11.47999954  0.0   1
     3219  -1.6380811  101.1421224    3.09644      192.0      285.0      473.5     58.5     40.6     31.0 2023  9 28  7 57 46.27000046  0.0   1
     3220  -1.6416724  101.1448405    2.56230      494.8     -112.1      -60.6     44.9     24.4     28.8 2023  9 28  7 59 35.90000153  0.0   1
     3221  -1.6422396  101.1406901    2.56319       32.7     -174.9      -58.8    103.2     32.3     31.2 2023  9 28  8  1 35.72000122  0.0   1
     3222  -1.6404619  101.1482259    2.55490      871.5       21.7      -68.0     38.9     25.9     26.6 2023  9 28  8  2  3.35999990  0.0   1
     3223  -1.6409303  101.1440267    2.72202      404.2      -30.1       99.1     44.4     26.3     26.7 2023  9 28  8  2 40.31000137  0.0   1
     3224  -1.6410208  101.1474854    2.56414      788.9      -40.1      -58.8     41.5     25.6     27.0 2023  9 28  8  7 49.70999908  0.0   1
     3225  -1.6416354  101.1448730    2.72398      498.0     -108.1      101.0     46.1     31.2     23.7 2023  9 28  8 13  6.84000015  0.0   1
     3226  -1.6396111  101.1476562    2.68508      807.9      115.8       62.1     42.1     30.4     23.7 2023  9 28  8 15 50.84999847  0.0   1
     3227  -1.6404129  101.1457194    2.54620      592.3       27.1      -76.7     62.4     34.4     27.9 2023  9 28  8 15 58.18999863  0.0   1
     3228  -1.6432466  101.1453939    2.72740      556.1     -286.2      104.5     44.6     26.3     22.6 2023  9 28  8 17  0.49000001  0.0   1
     3229  -1.6406494  101.1456462    2.65044      583.9        1.0       27.5     66.9     41.2     27.0 2023  9 28  8 17 24.29000092  0.0   1
     3230  -1.6397252  101.1451823    2.83108      532.9      103.2      208.1     42.3     45.1     31.5 2023  9 28  8 19 49.29999924  0.0   1
     3231  -1.6417740  101.1405436    2.72763       16.7     -123.4      104.7     72.2     28.7     25.6 2023  9 28  8 20 55.52000046  0.0   1
     3232  -1.6409879  101.1450195    2.77468      514.7      -36.5      151.7     37.3     26.8     25.3 2023  9 28  8 26 42.88000107  0.0   1
     3233  -1.6425302  101.1461995    2.70372      645.5     -207.0       80.8     36.2     29.2     27.6 2023  9 28  8 26 46.84000015  0.0   1
     3234  -1.6413973  101.1435954    2.81708      355.9      -81.7      194.1     41.4     25.3     20.4 2023  9 28  8 27  2.09999990  0.0   1
     3235  -1.6418757  101.1440592    2.54892      407.5     -134.6      -74.0     44.0     29.0     28.4 2023  9 28  8 29 31.02000046  0.0   1
     3236  -1.6409178  101.1429118    2.72528      279.5      -28.7      102.3     62.5     37.9     27.3 2023  9 28  8 33 52.38000107  0.0   1
     3237  -1.6414859  101.1425618    2.71500      241.1      -91.5       92.1     35.1     26.4     24.3 2023  9 28  8 34 52.70000076  0.0   1
     3238  -1.6412905  101.1427165    2.79889      258.2      -69.9      175.9     48.6     22.2     20.0 2023  9 28  8 35 23.65999985  0.0   1
     3239  -1.6400553  101.1470296    2.56007      737.8       66.7      -62.9     45.7     29.2     29.8 2023  9 28  8 35 37.04000092  0.0   1
     3240  -1.6418911  101.1407959    2.76070       44.6     -136.3      137.8     76.7     45.1     36.3 2023  9 28  8 36  6.26000023  0.0   1
     3241  -1.6410943  101.1432617    2.64346      318.4      -48.2       20.5     39.2     25.1     24.2 2023  9 28  8 36  9.26000023  0.0   1
     3242  -1.6433839  101.1463786    2.65535      665.6     -301.4       32.4     49.4     27.8     30.6 2023  9 28  8 36 18.69000053  0.0   1
     3243  -1.6423340  101.1385742    2.83067     -202.5     -185.3      207.7     81.0     31.7     28.7 2023  9 28  8 36 33.70999908  0.0   1
     3244  -1.6435602  101.1425456    2.62544      239.1     -320.9        2.5     51.8     36.2     39.7 2023  9 28  8 36 39.86999893  0.0   1
     3245  -1.6456668  101.1423421    2.38433      216.0     -553.8     -238.6     86.3     53.3     62.0 2023  9 28  8 37 37.74000168  0.0   1
     3246  -1.6412483  101.1421956    2.81770      200.5      -65.3      194.8     47.0     27.6     25.5 2023  9 28  8 37 40.75999832  0.0   1
     3247  -1.6410291  101.1417806    2.84441      154.0      -41.0      221.5     45.2     31.7     26.3 2023  9 28  8 38  9.71000004  0.0   1
     3248  -1.6410412  101.1448568    2.69630      496.7      -42.4       73.4     36.5     36.1     25.9 2023  9 28  8 39  3.31999993  0.0   1
     3249  -1.6423552  101.1437744    2.79599      376.1     -187.6      173.0     36.0     23.5     21.7 2023  9 28  8 39 16.25000000  0.0   1
     3250  -1.6425571  101.1384684    2.70068     -214.9     -210.0       77.7     64.5     38.9     37.4 2023  9 28  8 39 29.69000053  0.0   1
     3251  -1.6413518  101.1427490    2.83914      261.3      -76.7      216.2     31.5     23.0     22.5 2023  9 28  8 40 15.93999958  0.0   1
     3252  -1.6410910  101.1451660    2.72348      530.5      -47.9      100.5     40.7     23.5     22.0 2023  9 28  8 40 38.47999954  0.0   1
     3253  -1.6426688  101.1423014    2.69728      211.7     -222.3       74.3     44.0     32.8     31.3 2023  9 28  8 40 41.38000107  0.0   1
     3254  -1.6430008  101.1435465    2.73749      350.3     -259.0      114.5     50.8     33.4     33.4 2023  9 28  8 41  2.16000009  0.0   1
     3255  -1.6420671  101.1470622    2.59556      741.7     -155.8      -27.4     57.2     33.3     24.4 2023  9 28  8 41 20.87999916  0.0   1
     3256  -1.6413377  101.1429281    2.79750      281.6      -75.1      174.6     35.2     20.0     19.5 2023  9 28  8 41 55.04999924  0.0   1
     3257  -1.6399728  101.1462321    2.92797      649.1       75.8      305.0     68.1     50.4     38.8 2023  9 28  8 42 14.56999969  0.0   1
     3258  -1.6419211  101.1417887    2.73406      155.0     -139.6      111.1     56.8     49.2     39.9 2023  9 28  8 42 19.54999924  0.0   1
     3259  -1.6428913  101.1464600    2.57630      674.9     -246.9      -46.6     47.9     37.7     37.9 2023  9 28  8 43 54.72999954  0.0   1
     3260  -1.6450347  101.1433024    2.46040      323.1     -483.9     -162.5     63.7     49.1     56.6 2023  9 28  8 44 16.90999985  0.0   1
     3261  -1.6403496  101.1422038    2.90927      201.0       34.1      286.3     59.3     39.1     31.3 2023  9 28  8 44 28.37999916  0.0   1
     3262  -1.6412275  101.1424072    2.85245      223.4      -63.0      229.5     31.1     28.0     21.9 2023  9 28  8 47 19.86000061  0.0   1
     3263  -1.6413850  101.1439697    2.70679      397.2      -80.4       83.8     41.8     27.4     25.9 2023  9 28  8 47 33.06999969  0.0   1
     3264  -1.6438174  101.1412028    2.66508       89.7     -349.3       42.1     70.0     40.7     27.4 2023  9 28  8 51 42.25999832  0.0   1
     3265  -1.6419854  101.1399984    2.84817      -44.8     -146.8      225.2     98.1     32.3     26.2 2023  9 28  8 59 46.52999878  0.0   1
     3266  -1.6422928  101.1430176    2.68424      291.8     -180.7       61.3     60.4     25.5     24.0 2023  9 28  9  4 21.27000046  0.0   1
     3267  -1.6416377  101.1405599    2.77830       18.0     -108.3      155.4     77.9     38.2     29.3 2023  9 28  9  5 15.84000015  0.0   1
     3268  -1.6418104  101.1435059    2.76881      346.0     -127.4      145.9     41.9     24.5     23.5 2023  9 28  9 10 20.37000084  0.0   1
     3269  -1.6436576  101.1365397    2.66225     -429.0     -331.7       39.3    110.8     47.6     34.9 2023  9 28  9 17 17.36000061  0.0   1
     3270  -1.6407654  101.1442383    2.73331      427.6      -11.9      110.4     56.1     43.4     29.7 2023 10  5  7 35 44.90999985  0.0   1
     3271  -1.6117174  101.1323405    2.43768     -896.5     3200.1     -185.3     68.3    100.7     72.4 2023 10  8  0 46  1.73000002  0.0   1
     3272  -1.6124266  101.1317464    2.32400     -962.5     3121.7     -298.9     74.0     97.7     72.6 2023 10  8  0 46 50.84000015  0.0   1
     3273  -1.6391286  101.1428060    2.93550      268.3      169.1      312.6     72.8     45.0     35.5 2023 10  9 12  0 57.20999908  0.0   1
     3274  -1.6387947  101.1549805    2.58035     1622.3      206.0      -42.6     68.5     55.5     45.8 2023 10  9 13 10 28.75000000  0.0   1
     3275  -1.6426281  101.1482666    2.40078      875.4     -217.8     -222.2     48.2     39.2     34.0 2023 10 10  8 52 47.47999954  0.0   1
     3276  -1.6421443  101.1441406    2.84033      416.9     -164.3      217.4     75.1     47.4     40.7 2023 10 12  2  8 51.72999954  0.0   1
     3277  -1.6441551  101.1407389    2.47998       37.7     -386.7     -143.0     75.0     56.4     49.3 2023 10 12  2 25 53.88999939  0.0   1
     3278  -1.6470660  101.1407552    2.48976       39.6     -708.5     -133.2     69.7     52.9     48.6 2023 10 12  2 26 44.36999893  0.0   1
     3279  -1.6439971  101.1386963    2.71215     -189.2     -369.2       89.2     88.8     40.3     40.7 2023 10 12  7 33 35.72000122  0.0   1
     3280  -1.6393586  101.1420654    2.85864      185.6      143.7      235.7     65.7     41.0     26.0 2023 10 12  7 35 26.72999954  0.0   1
     3281  -1.6381289  101.1437907    2.97792      377.2      279.7      355.0     52.7     39.9     29.7 2023 10 12  7 44 21.15999985  0.0   1
     3282  -1.6399230  101.1436035    2.91944      356.8       81.3      296.5     77.8     48.6     39.1 2023 10 14  8 24 30.54000092  0.0   1
     3283  -1.6415026  101.1454590    2.89121      563.2      -93.4      268.3     80.0     51.8     52.8 2023 10 14 10 32 46.22999954  0.0   1
     3284  -1.6409068  101.1432699    2.83542      319.6      -27.5      212.5     48.6     25.0     23.8 2023 10 14 16 31 41.02000046  0.0   1
     3285  -1.6415860  101.1420003    2.87052      178.0     -102.6      247.6     87.1     68.0     54.8 2023 10 17  8 13 56.77000046  0.0   1
     3286  -1.6435769  101.1343099    2.75850     -677.5     -322.7      135.6     80.7     42.1     50.1 2023 10 17  9  1 32.40999985  0.0   1
     3288  -1.6463221  101.1480876    3.34155      855.5     -626.3      718.6    149.8     81.5     72.1 2023 10 18 14 21 34.95000076  0.0   1
