     2719  -1.6411537  101.1418701    3.03341      163.5      -54.8      410.5    151.8     43.3     46.7 2023  1  3  3 43 21.02000046  0.0   1
     2720  -1.6372405  101.1433512    3.15026      328.3      377.9      527.3     67.9     53.5     45.8 2023  1  3  3 52  5.73000002  0.0   1
     2721  -1.6363809  101.1477051    2.81196      813.1      473.0      189.0     82.1     60.3     48.4 2023  1  3  3 52 21.03000069  0.0   1
     2722  -1.6415868  101.1379639    2.82280     -271.0     -102.7      199.9     90.6     44.2     28.7 2023  1  3  3 52 34.75000000  0.0   1
     2723  -1.6380098  101.1468506    2.78767      717.9      292.8      164.7     52.1     50.5     40.1 2023  1  3  4  2 20.45000076  0.0   1
     2724  -1.6381991  101.1468669    2.86261      719.8      271.9      239.7     49.1     45.4     37.2 2023  1  4 20 11 39.40000153  0.0   1
     2725  -1.6413239  101.1427734    2.80051      264.7      -73.6      177.6     82.1     37.2     33.2 2023  1  4 20 16 15.53999996  0.0   1
     2726  -1.6436137  101.1381592    2.64822     -249.4     -326.8       25.3     97.1     43.8     32.6 2023  1  4 20 17  9.68000031  0.0   1
     2727  -1.6495516  101.1273437    1.77273    -1452.5     -983.4     -850.2    213.8    191.1    226.5 2023  1  4 20 18 22.71999931  0.0   1
     2729  -1.6543449  101.1432536    2.09367      318.3    -1513.4     -529.3    236.7    112.2    134.8 2023  1 11 13 28 50.43999863  0.0   1
     2734  -1.6422469  101.1443034    2.98624      434.5     -175.7      363.3    150.6     37.9     39.0 2023  1 20 18 30  0.36000001  0.0   1
     2735  -1.6427736  101.1346436    2.91847     -640.6     -233.9      295.5     77.6     73.6     47.2 2023  1 20 19 10 25.45999908  0.0   1
     2736  -1.6398046  101.1456380    2.69231      583.1       94.4       69.4     52.7     44.1     28.0 2023  1 20 19 10 36.45999908  0.0   1
     2737  -1.6412273  101.1445964    2.62519      467.2      -62.9        2.2     67.9     40.4     26.3 2023  1 20 19 11 19.44000053  0.0   1
     2738  -1.6393378  101.1411296    3.07760       81.1      146.0      454.7    100.2     64.5     40.8 2023  1 20 19 11 38.47999954  0.0   1
     2739  -1.6384192  101.1440918    2.80405      411.1      247.6      181.1     49.4     44.9     36.3 2023  1 20 19 11 46.86000061  0.0   1
     2740  -1.6400377  101.1429036    2.70586      279.3       68.6       82.9     65.9     41.1     30.3 2023  1 20 19 12  2.07999992  0.0   1
     2741  -1.6396559  101.1441569    2.96339      418.3      110.8      340.4     76.2     74.1     40.0 2023  1 20 19 12 14.30000019  0.0   1
     2742  -1.6430880  101.1382080    2.63391     -243.5     -268.7       11.0     92.5     70.8     68.0 2023  1 20 19 12 27.89999962  0.0   1
     2743  -1.6385300  101.1441325    2.93601      415.8      235.3      313.1     48.8     47.2     33.0 2023  1 20 19 12 41.43999863  0.0   1
     2744  -1.6360327  101.1425944    3.27739      244.9      511.5      654.4     83.0     63.9     37.2 2023  1 20 19 12 45.20000076  0.0   1
     2745  -1.6392471  101.1407308    3.14283       36.9      156.0      519.9    141.9     66.3     45.5 2023  1 20 19 12 58.77999878  0.0   1
     2746  -1.6415754  101.1419434    3.11403      171.7     -101.4      491.1     84.5     52.1     48.1 2023  1 20 19 13  8.81999969  0.0   1
     2747  -1.6434380  101.1442871    2.73515      432.6     -307.4      112.2    111.9     65.0     45.2 2023  1 20 19 13 21.52000046  0.0   1
     2748  -1.6408195  101.1334880    2.82531     -768.8      -17.8      202.4     69.8     55.5     69.8 2023  1 20 19 13 50.47999954  0.0   1
     2749  -1.6417655  101.1285726    2.36208    -1315.6     -122.4     -260.9     95.3     81.3     83.6 2023  1 20 19 13 59.40000153  0.0   1
     2750  -1.6454135  101.1359538    2.51696     -494.3     -525.8     -106.0    161.0     63.1     65.4 2023  1 20 19 14 14.26000023  0.0   1
     2751  -1.6391519  101.1427165    3.08816      258.5      166.6      465.2     74.9     66.1     47.7 2023  1 20 19 14 47.25999832  0.0   1
     2752  -1.6437730  101.1417806    2.74214      154.2     -344.4      119.2    104.6     51.7     70.4 2023  1 20 19 14 50.77999878  0.0   1
     2753  -1.6379239  101.1409831    3.13478       65.1      302.3      511.8    123.7     83.2     44.1 2023  1 20 19 15  4.05999994  0.0   1
     2754  -1.6397284  101.1445150    2.81259      458.0      102.8      189.6     57.6     46.3     30.0 2023  1 20 19 15 37.75999832  0.0   1
     2755  -1.6385960  101.1449137    2.79643      503.0      228.0      173.5     74.9     43.8     31.0 2023  1 20 19 15 47.91999817  0.0   1
     2756  -1.6386806  101.1450765    2.83607      520.5      218.7      213.1     39.1     48.3     30.3 2023  1 20 19 16  4.34000015  0.0   1
     2757  -1.6422438  101.1392578    2.78817     -127.2     -175.3      165.2     93.8     47.8     45.5 2023  1 20 19 16 23.39999962  0.0   1
     2758  -1.6378227  101.1460938    2.87891      633.4      313.5      256.0     51.2     41.8     33.6 2023  1 20 19 16 33.02000046  0.0   1
     2759  -1.6392835  101.1447103    2.88055      480.0      152.0      257.6     59.8     44.3     30.5 2023  1 20 19 16 54.11999893  0.0   1
     2760  -1.6387114  101.1487305    2.86011      927.6      215.3      237.2     43.7     73.6     35.0 2023  1 20 19 17 18.65999985  0.0   1
     2761  -1.6384224  101.1439453    2.94160      394.7      247.2      318.7     71.8     56.8     38.7 2023  1 20 19 17 23.44000053  0.0   1
     2762  -1.6402135  101.1444417    2.76945      450.5       49.2      146.5     40.2     44.9     30.4 2023  1 20 19 17 53.41999817  0.0   1
     2763  -1.6425683  101.1198893    1.69055    -2281.7     -211.2     -932.4    113.0    127.7    145.5 2023  1 20 19 17 59.56000137  0.0   1
     2764  -1.6358894  101.1529541    2.98008     1397.7      527.3      357.1     81.7     55.1     39.8 2023  1 20 19 18 19.47999954  0.0   1
     2765  -1.6419242  101.1445068    3.26960      457.7     -140.0      646.7    100.7     78.9     78.3 2023  1 20 19 18 31.20000076  0.0   1
     2766  -1.6418743  101.1406250    2.85514       25.5     -134.5      232.2    116.9     55.7     28.2 2023  1 20 19 18 39.00000000  0.0   1
     2767  -1.6397486  101.1413818    2.99824      109.1      100.6      375.3     75.8     48.8     33.1 2023  1 20 19 20 12.10000038  0.0   1
     2768  -1.6400444  101.1373942    2.87808     -333.8       67.9      255.1    133.7     56.2     39.6 2023  1 20 19 20 39.81999969  0.0   1
     2769  -1.6407408  101.1392497    2.97965     -127.6       -9.1      356.7     99.6     47.1     33.8 2023  1 20 19 21  7.40000010  0.0   1
     2770  -1.6403956  101.1413656    2.95243      107.8       29.0      329.5     88.0     40.0     36.4 2023  1 20 19 21 18.81999969  0.0   1
     2771  -1.6400291  101.1484701    2.73268      898.0       69.6      109.7     75.7     45.2     36.2 2023  1 20 19 21 59.91999817  0.0   1
     2772  -1.6407180  101.1419678    3.53901      174.6       -6.6      916.1     95.9     63.0     65.6 2023  1 20 19 22 12.19999981  0.0   1
     2773  -1.6393341  101.1580729    2.36233     1966.4      146.4     -260.6     73.6     81.3     59.9 2023  1 20 19 22 39.93999863  0.0   1
     2774  -1.6409031  101.1434489    3.13538      339.7      -27.1      512.4    142.5     70.1     44.6 2023  1 20 19 22 45.40000153  0.0   1
     2775  -1.6439658  101.1354085    2.72075     -555.4     -365.7       97.8     87.7     54.9     56.1 2023  1 20 19 23  1.05999994  0.0   1
     2776  -1.6457567  101.1454997    2.33046      567.4     -563.8     -292.5     55.2     34.1     47.1 2023  1 20 19 23  6.86000013  0.0   1
     2777  -1.6411278  101.1391927    2.76344     -134.3      -51.9      140.5     85.9     42.2     35.7 2023  1 20 19 24 26.95999908  0.0   1
     2778  -1.6456604  101.1294434    2.50155    -1218.5     -553.1     -121.4    127.4     87.6     91.7 2023  1 20 19 24 30.94000053  0.0   1
     2779  -1.6449109  101.1458333    2.55643      605.2     -470.2      -66.5     95.6     67.1     70.1 2023  1 20 19 24 45.20000076  0.0   1
     2780  -1.6481101  101.1314616    2.36230     -994.6     -824.0     -260.6    167.8     39.2     65.6 2023  1 20 19 24 52.18000031  0.0   1
     2782  -1.6385129  101.1501790    2.65449     1088.3      237.2       31.5     74.5     38.1     25.8 2023  1 20 19 25 16.07999992  0.0   1
     2783  -1.6496763  101.1286865    1.55935    -1303.4     -997.2    -1063.6    106.1     76.5    110.0 2023  1 20 19 26 19.50000000  0.0   1
     2784  -1.6340416  101.1539144    2.70050     1503.9      731.6       77.6     58.8     62.6     43.7 2023  1 20 19 26 40.24000168  0.0   1
     2785  -1.6428697  101.1401530    3.25209      -27.5     -244.5      629.1    104.2     76.5     61.8 2023  1 20 19 26 53.72000122  0.0   1
     2786  -1.6423726  101.1431396    2.59912      304.8     -189.6      -23.8     82.9     30.7     38.2 2023  1 20 19 28  3.14000010  0.0   1
     2787  -1.6421249  101.1412435    2.69630       94.5     -162.2       73.4     62.4     33.2     27.0 2023  1 20 19 28 27.34000015  0.0   1
     2788  -1.6398053  101.1430583    2.83724      296.1       94.3      214.3     59.6     41.2     34.6 2023  1 20 19 28 29.31999969  0.0   1
     2789  -1.6427823  101.1386963    2.52304     -189.0     -234.9      -99.9     74.4     42.1     49.9 2023  1 20 19 28 39.91999817  0.0   1
     2790  -1.6444300  101.1412435    2.82392       93.9     -417.1      201.0    157.0     47.4     39.6 2023  1 20 19 29 12.73999977  0.0   1
     2791  -1.6429886  101.1414958    2.85020      122.2     -257.7      227.3     83.0     37.9     35.0 2023  1 20 19 29 38.18000031  0.0   1
     2792  -1.6418415  101.1460205    2.74807      626.1     -130.8      125.1     50.0     50.0     41.3 2023  1 20 19 30 28.65999985  0.0   1
     2793  -1.6407145  101.1422689    2.75917      207.9       -6.2      136.2     60.8     44.6     36.2 2023  1 20 19 30 43.77999878  0.0   1
     2794  -1.6469268  101.1296956    2.33463    -1190.9     -693.1     -288.3    105.4     63.6     86.3 2023  1 20 19 30 58.61999893  0.0   1
     2795  -1.6336830  101.1561686    2.19986     1754.8      771.3     -423.1     67.0     56.9     58.8 2023  1 20 19 31  4.38000011  0.0   1
     2796  -1.6454272  101.1361654    2.36333     -471.3     -527.3     -259.6    103.4     64.9     79.9 2023  1 20 19 31  9.84000015  0.0   1
     2797  -1.6416356  101.1415853    2.85584      132.3     -108.1      232.9     77.3     35.2     42.0 2023  1 20 19 31 49.70000076  0.0   1
     2798  -1.6401697  101.1455078    2.89258      568.3       54.0      269.6     76.3     57.9     50.4 2023  1 20 19 32  3.83999991  0.0   1
     2799  -1.6423004  101.1436361    2.64858      360.5     -181.6       25.6     75.8     42.8     40.7 2023  1 20 19 32  9.02000046  0.0   1
     2800  -1.6403592  101.1412028    2.89738       89.5       33.1      274.4     66.9     36.0     30.1 2023  1 20 19 32 20.89999962  0.0   1
     2801  -1.6419647  101.1397461    2.78245      -72.7     -144.5      159.5     51.3     37.0     32.2 2023  1 20 19 32 52.88000107  0.0   1
     2802  -1.6416723  101.1435628    2.69536      352.3     -112.1       72.4     61.5     30.0     29.0 2023  1 20 19 32 59.25999832  0.0   1
     2803  -1.6416683  101.1414388    2.91249      116.3     -111.7      289.6     83.0     38.2     28.4 2023  1 20 19 33  9.80000019  0.0   1
     2804  -1.6445450  101.1352702    2.60961     -570.5     -429.8      -13.3     82.3     48.5     56.4 2023  1 20 19 33 34.56000137  0.0   1
     2805  -1.6384602  101.1508382    2.80952     1162.2      243.1      186.6     47.4     52.1     39.8 2023  1 20 19 33 48.00000000  0.0   1
     2806  -1.6421627  101.1408610    2.84747       51.4     -166.4      224.5     94.2     57.5     54.2 2023  1 20 19 33 53.97999954  0.0   1
     2807  -1.6406593  101.1447510    2.70309      484.2       -0.1       80.1     68.7     49.9     33.4 2023  1 20 19 34 15.69999981  0.0   1
     2808  -1.6453971  101.1267497    1.79178    -1518.5     -524.0     -831.2     78.0     62.1     77.7 2023  1 20 19 34 33.22000122  0.0   1
     2809  -1.6456779  101.1329020    2.40587     -834.4     -555.1     -217.1     89.1     42.4     81.6 2023  1 20 19 34 48.20000076  0.0   1
     2810  -1.6426285  101.1425293    2.57874      237.5     -217.9      -44.2     56.0     26.6     30.0 2023  1 20 19 34 58.11999893  0.0   1
     2811  -1.6407490  101.1452718    3.15965      542.6      -10.0      536.7    127.3     59.2     41.6 2023  1 20 19 35 21.10000038  0.0   1
     2812  -1.6426219  101.1391439    2.82540     -139.2     -217.1      202.5     52.3     34.1     32.4 2023  1 20 19 35 48.25999832  0.0   1
     2813  -1.6400786  101.1457764    2.89071      598.9       64.1      267.8     46.7     43.8     29.9 2023  1 20 19 36 32.65999985  0.0   1
     2814  -1.6414595  101.1437500    2.94965      373.1      -88.6      326.7     81.2     54.7     41.7 2023  1 20 19 36 50.90000153  0.0   1
     2815  -1.6393752  101.1434570    2.88492      340.3      141.9      262.0     68.4     52.3     36.6 2023  1 20 19 43 50.43999863  0.0   1
     2816  -1.6392790  101.1435140    3.17526      347.2      152.5      552.3     80.7     64.7     45.7 2023  1 20 19 43 54.97999954  0.0   1
     2817  -1.6388940  101.1439941    2.78849      400.0      195.1      165.5     76.1     48.9     46.0 2023  1 20 19 49 56.54000092  0.0   1
     2818  -1.6394019  101.1462646    3.09978      653.0      138.9      476.8    108.8     54.9     42.5 2023  1 20 19 53 30.76000023  0.0   1
     2819  -1.6406816  101.1418538    2.86693      162.2       -2.6      244.0    101.4     51.9     31.0 2023  1 20 19 57 15.27999973  0.0   1
     2820  -1.6404607  101.1451009    2.65669      523.2       21.8       33.7     63.4     44.2     32.7 2023  1 20 19 57 23.65999985  0.0   1
     2821  -1.6372183  101.1453857    2.86933      554.8      380.4      246.4     62.0     63.5     39.7 2023  1 20 20 23  4.65999985  0.0   1
     2822  -1.6389917  101.1389160    2.96255     -164.6      184.3      339.6     76.0     60.4     51.9 2023  1 21  1 56 37.25000000  0.0   1
     2823  -1.6425184  101.1435221    2.77926      347.5     -205.7      156.3    104.4     59.8     46.1 2023  1 30 17 30  4.76000023  0.0   1
     2824  -1.6444021  101.1378499    2.73889     -283.5     -414.0      115.9     79.9     44.6     31.9 2023  1 30 17 30 40.74000168  0.0   1
     2825  -1.6462975  101.1265788    1.87749    -1538.0     -623.6     -745.4     86.7     63.0     91.7 2023  2 18 22 35 10.69999981  0.0   1
     2826  -1.6417255  101.1389893    2.84795     -156.3     -118.0      225.0     98.1     64.5     43.2 2023  2 18 22 38 25.92000008  0.0   1
     2827  -1.6435149  101.1409587    2.73978       62.8     -315.9      116.8     62.9     56.3     45.3 2023  2 18 22 38 33.40000153  0.0   1
     2828  -1.6465312  101.1309163    2.18313    -1055.0     -649.4     -439.8     90.1     59.1     69.8 2023  2 18 22 39  5.48000002  0.0   1
     2829  -1.6456505  101.1328451    2.37487     -840.5     -552.0     -248.1     59.7     50.7     49.5 2023  2 26 15 14 57.77000046  0.0   1
     2830  -1.6488832  101.1326823    2.04872     -858.8     -909.5     -574.2     75.2     52.4     52.7 2023  2 27 22 34 11.93999958  0.0   1
     2831  -1.6419893  101.1504476    2.79602     1118.4     -147.2      173.1    152.4     37.2     39.1 2023  2 27 22 34 17.97999954  0.0   1
     2832  -1.6501096  101.1353597    2.06800     -560.1    -1045.1     -554.9     82.0     79.8     86.6 2023  2 27 22 34 39.31999969  0.0   1
     2833  -1.6451059  101.1348389    2.58989     -618.6     -491.8      -33.0     98.7     55.3     45.0 2023  2 27 22 34 42.22000122  0.0   1
     2834  -1.6411826  101.1413167    2.72364      102.3      -58.0      100.7     83.2     35.1     39.0 2023  3  8  4 53 44.11000061  0.0   1
     2835  -1.6418972  101.1352214    2.83929     -575.5     -137.0      216.3    120.0     49.1     35.2 2023  3 12 23 29 24.12000084  0.0   1
     2836  -1.6408713  101.1390706    2.94564     -147.6      -23.6      322.7     96.0     51.9     30.3 2023  3 19 14 58 26.79999924  0.0   1
     2837  -1.6427232  101.1420573    2.94933      184.8     -228.3      326.4     81.7     30.5     39.8 2023  3 19 14 58 27.35000038  0.0   1
     2838  -1.6402682  101.1428630    2.91125      274.4       43.1      288.3     69.4     65.4     37.5 2023  3 19 14 58 41.38999939  0.0   1
     2839  -1.6419971  101.1406576    2.94247       29.4     -148.1      319.5    106.8     44.4     40.1 2023  3 19 14 59  5.11999989  0.0   1
     2840  -1.6416536  101.1379069    2.90520     -277.0     -110.1      282.3     70.1     41.3     45.6 2023  3 19 15  0 56.34000015  0.0   1
     2841  -1.6408126  101.1446126    2.91489      469.0      -17.1      291.9     64.3     35.8     47.2 2023  3 19 15  7 48.63000107  0.0   1
     2842  -1.6389238  101.1456462    2.88981      583.9      191.8      266.9     52.4     49.7     31.8 2023  3 19 15  8  6.13999987  0.0   1
     2843  -1.6417999  101.1466634    2.71740      697.6     -126.2       94.5     51.1     29.6     34.2 2023  3 19 15  8 45.77000046  0.0   1
     2844  -1.6421754  101.1475179    2.63236      792.7     -167.8        9.4     58.9     39.3     36.0 2023  3 19 15 10  1.89999998  0.0   1
     2845  -1.6397966  101.1410726    3.12645       75.1       95.3      503.5    106.3     51.6     34.8 2023  3 19 15 10 17.05999947  0.0   1
     2846  -1.6442410  101.1342773    2.92777     -680.7     -396.2      304.8    118.8     42.3     40.4 2023  3 19 15 10 42.45999908  0.0   1
     2847  -1.6407352  101.1422201    3.26418      203.0       -8.5      641.2     79.2     56.9     50.4 2023  3 19 15 12  7.92000008  0.0   1
     2848  -1.6409107  101.1434408    3.08592      338.3      -27.9      463.0    163.5     64.5     35.7 2023  3 19 15 12 41.66999817  0.0   1
     2849  -1.6411535  101.1448324    2.94024      493.9      -54.8      317.3     74.8     44.0     34.2 2023  3 19 15 13  3.02999997  0.0   1
     2850  -1.6445464  101.1338216    2.85823     -731.7     -429.9      235.3    117.6     48.3     49.1 2023  3 19 15 13 29.22999954  0.0   1
     2851  -1.6427935  101.1395101    2.94837      -99.1     -236.1      325.4     98.5     60.6     36.7 2023  3 19 15 14 14.53999996  0.0   1
     2852  -1.6444291  101.1293294    2.31825    -1231.6     -417.0     -304.7     59.1     46.4     54.6 2023  3 19 15 14 23.75000000  0.0   1
     2853  -1.6433441  101.1417399    2.69649      149.3     -297.0       73.6     79.3     58.2     38.1 2023  3 19 15 17  0.95999998  0.0   1
     2854  -1.6432172  101.1419596    2.71657      173.6     -283.0       93.6     59.2     40.6     41.0 2023  3 19 15 17 15.43000031  0.0   1
     2855  -1.6429990  101.1391276    2.82315     -141.0     -258.8      200.2    137.0     52.5     45.5 2023  3 19 15 17 23.26000023  0.0   1
     2856  -1.6439688  101.1374512    2.86615     -327.8     -366.1      243.2     93.7     43.9     31.8 2023  3 19 15 17 27.55999947  0.0   1
     2857  -1.6443389  101.1423828    2.99312      220.8     -407.0      370.2    148.7     73.3     55.8 2023  3 19 15 17 37.34000015  0.0   1
     2858  -1.6430651  101.1435059    2.76613      345.9     -266.1      143.2     57.3     47.2     46.5 2023  3 30 10 37 55.43000031  0.0   1
     2859  -1.6413092  101.1457031    2.74050      590.0      -72.0      117.6     60.1     50.6     32.9 2023  3 30 10 38 31.47999954  0.0   1
     2860  -1.6435558  101.1368490    2.84599     -395.3     -320.4      223.0     94.3     51.1     39.8 2023  3 30 10 38 50.88000107  0.0   1
     2861  -1.6427058  101.1373698    3.05003     -336.6     -226.4      427.1     80.8     43.3     32.5 2023  3 30 10 38 55.63999939  0.0   1
     2862  -1.6435965  101.1432210    2.55666      314.1     -324.9      -66.3     51.5     31.0     31.5 2023  3 30 10 39 42.11999893  0.0   1
     2863  -1.6397597  101.1414632    3.16062      118.5       99.3      537.7    136.5     57.5     46.8 2023  3 30 10 39 48.84999847  0.0   1
     2864  -1.6429184  101.1428467    2.79036      272.2     -249.9      167.4     53.5     28.0     29.7 2023  3 30 10 40  7.73999977  0.0   1
     2865  -1.6425602  101.1404053    2.81665        1.1     -210.3      193.7     74.3     33.2     39.7 2023  3 30 10 40 14.48999977  0.0   1
     2866  -1.6405036  101.1371419    2.73781     -362.4       17.1      114.9     64.1     39.8     33.7 2023  3 30 10 40 28.92000008  0.0   1
     2867  -1.6425835  101.1396729    2.78216      -80.8     -212.9      159.2     66.7     54.6     44.4 2023  3 30 10 40 36.38999939  0.0   1
     2868  -1.6420541  101.1463135    2.64741      658.0     -154.4       24.5     49.2     52.0     56.9 2023  3 30 10 40 42.43999863  0.0   1
     2869  -1.6500015  101.1354167    2.41945     -554.2    -1033.1     -203.5    156.7     82.0     79.1 2023  3 30 10 41  9.31999969  0.0   1
     2870  -1.6408062  101.1402832    2.88628      -12.7      -16.4      263.3     77.2     36.7     26.9 2023  3 30 10 41 20.13999939  0.0   1
     2871  -1.6451331  101.1380127    2.82386     -265.4     -494.8      200.9    127.4     56.5     40.1 2023  3 30 10 41 29.93000031  0.0   1
     2872  -1.6457785  101.1319743    2.32711     -937.2     -566.2     -295.8     67.8     38.8     54.6 2023  3 30 10 42  3.19000006  0.0   1
     2873  -1.6426010  101.1422282    2.67766      203.9     -214.8       54.7     61.8     26.5     21.8 2023  3 30 10 42 11.61999989  0.0   1
     2874  -1.6403506  101.1397461    2.93123      -72.7       34.0      308.3     83.5     73.4     47.9 2023  3 30 10 45 34.45999908  0.0   1
     2875  -1.6420503  101.1357503    2.83296     -516.7     -153.9      210.0     61.9     44.7     29.3 2023  3 30 10 49 11.32999992  0.0   1
     2877  -1.6423908  101.1440348    2.84116      405.2     -191.6      218.2     76.2     54.8     47.2 2023  4  4 21 16 12.35999966  0.0   1
     2878  -1.6412771  101.1358561    3.04706     -505.7      -68.4      424.1    123.4     48.8     45.0 2023  4  4 21 17 38.91999817  0.0   1
     2879  -1.6439406  101.1399821    2.42371      -46.2     -363.0     -199.2     75.6     56.6     59.2 2023  4  4 21 19 37.68000031  0.0   1
     2880  -1.6435113  101.1468669    2.72185      719.5     -315.5       98.9     77.8     51.2     50.6 2023  4  4 21 20  7.90000010  0.0   1
     2881  -1.6430524  101.1427083    2.85162      257.1     -264.7      228.7     70.9     50.6     45.8 2023  4  4 21 21 24.20000076  0.0   1
     2882  -1.6427634  101.1496338    2.46663     1027.5     -232.8     -156.3     80.4     62.3     37.3 2023  4  4 21 21 37.93999863  0.0   1
     2883  -1.6449125  101.1316895    2.38913     -968.9     -470.4     -233.8    105.8     70.4     81.4 2023  4  4 21 21 52.75999832  0.0   1
     2884  -1.6476058  101.1391764    2.54651     -135.7     -768.2      -76.4     76.5     62.6     50.7 2023  4  4 21 21 54.95999908  0.0   1
     2885  -1.6410206  101.1487386    3.01377      928.0      -40.1      390.8    140.5     37.6     44.2 2023  4  4 21 22  3.64000010  0.0   1
     2886  -1.6459028  101.1396973    2.81775      -78.3     -579.9      194.8    113.0     43.2     40.3 2023  4  7  6 28 12.28999996  0.0   1
     2889  -1.6011353  101.1224121    1.91737    -2001.1     4370.2     -705.6    201.8    180.0    152.5 2023  4 14  5 51 20.79999924  0.0   1
     2890  -1.6063290  101.1212728    2.07433    -2127.7     3795.9     -548.6    190.5    217.1    143.4 2023  4 14  5 51 25.79999924  0.0   1
     2893  -1.6390522  101.1431803    2.87965      309.4      177.6      256.7     62.6     43.1     28.9 2023  5 15 17 26 39.81999969  0.0   1
     2894  -1.6388664  101.1479899    2.85180      845.2      198.1      228.9     54.0     38.8     43.5 2023  5 15 17 32 30.39999962  0.0   1
     2895  -1.6458481  101.1384196    2.56983     -220.3     -573.9      -53.1     69.2     40.8     43.5 2023  5 19 22 49 48.45999908  0.0   1
     2896  -1.6418962  101.1436279    2.88600      359.6     -136.9      263.1     66.9     42.5     40.0 2023  5 19 22 54 49.02000046  0.0   1
     2897  -1.6400864  101.1397949    2.85898      -66.9       63.2      236.0     66.5     44.9     30.3 2023  5 19 22 54 53.54000092  0.0   1
     2901  -1.6429625  101.1340902    2.74249     -702.1     -254.8      119.6     90.3     47.2     29.6 2023  5 27 15 42  8.60000038  0.0   1
     2903  -1.6433353  101.1311849    2.80973    -1025.4     -296.0      186.8    189.5    151.1     95.5 2023  5 28 18 49 16.21999931  0.0   1
     2905  -1.6466590  101.1245443    2.03509    -1763.8     -663.5     -587.9    154.6    128.2    146.1 2023  6  6  1 40 44.04000092  0.0   1
     2906  -1.6432994  101.1304443    2.33767    -1107.8     -292.0     -285.3     78.3     46.9     71.5 2023  6  6  1 42 24.76000023  0.0   1
     2907  -1.6431101  101.1346598    2.70996     -638.5     -271.1       87.0     72.0     48.7     47.1 2023  6  6  1 48 22.26000023  0.0   1
     2908  -1.6410734  101.1424154    2.79506      224.7      -45.9      172.1     63.9     30.0     26.7 2023  6  6  1 48 43.06999969  0.0   1
     2909  -1.6433210  101.1420736    2.79964      186.2     -294.4      176.7     78.4     33.7     38.6 2023  6  6  1 51 12.57999992  0.0   1
     2910  -1.6430004  101.1376383    2.87003     -307.3     -259.0      247.1    137.7     39.4     46.9 2023  6  6  1 51 15.86999989  0.0   1
     2911  -1.6429764  101.1403483    2.88155       -5.8     -256.3      258.6    105.2     38.1     34.6 2023  6  6  1 51 30.25000000  0.0   1
     2912  -1.6437155  101.1422445    3.04097      205.8     -338.1      418.0    101.1     36.6     41.3 2023  6  6  1 52 19.11000061  0.0   1
     2913  -1.6424206  101.1399495    2.96002      -50.2     -194.9      337.1     84.0     37.2     36.8 2023  6  6  1 52 40.33000183  0.0   1
     2914  -1.6403344  101.1395345    3.08264      -96.4       35.8      459.7    108.8     41.9     38.6 2023  6  6  1 52 50.29999924  0.0   1
     2915  -1.6442935  101.1381592    2.84665     -248.7     -402.0      223.7     86.2     50.8     51.4 2023  6  6  1 53 28.01000023  0.0   1
     2916  -1.6472964  101.1384277    2.77088     -219.0     -734.0      147.9    144.3     67.1     50.0 2023  6  6  1 54  5.28999996  0.0   1
     2917  -1.6446632  101.1436686    2.72032      364.0     -442.8       97.4     99.9     40.9     47.5 2023  6  6  1 54 28.88999939  0.0   1
     2918  -1.6431787  101.1337402    2.82759     -740.5     -278.7      204.6     85.0     61.5     71.8 2023  6  6  1 54 37.52999878  0.0   1
     2919  -1.6421947  101.1495443    2.80545     1017.5     -169.9      182.5     55.7     46.0     46.0 2023  6  6  1 54 44.18999863  0.0   1
     2921  -1.6472462  101.1243408    1.50203    -1786.6     -728.5    -1120.9    109.2     87.2    144.1 2023  6  6  1 55 12.25000000  0.0   1
     2922  -1.6413678  101.1393473    2.89311     -116.5      -78.5      270.2     90.2     39.0     40.6 2023  6  6  1 55 25.79999924  0.0   1
     2923  -1.6443484  101.1393636    2.67724     -115.4     -408.0       54.3    136.9     51.3     41.5 2023  6  6  1 55 44.54999924  0.0   1
     2924  -1.6413742  101.1445882    3.02317      466.6      -79.2      400.2    143.1     48.4     33.0 2023  6  6  1 55 52.50999832  0.0   1
     2925  -1.6403346  101.1403320    2.88372       -7.4       35.8      260.8    140.8     64.8     43.2 2023  6  6  1 56  1.14999998  0.0   1
     2926  -1.6426837  101.1373454    3.25398     -339.8     -224.0      631.0    100.5     52.2     48.9 2023  6  6  1 56  8.31999969  0.0   1
     2927  -1.6503502  101.1232503    0.51284    -1907.9    -1071.7    -2110.1    119.5     88.6    209.8 2023  6  6  1 56 16.76000023  0.0   1
     2928  -1.6426449  101.1405192    2.86346       13.9     -219.7      240.5    110.5     33.0     35.1 2023  6  6  1 56 29.04999924  0.0   1
     2929  -1.6482512  101.1256999    1.62057    -1635.1     -839.6    -1002.4    112.9     78.9    133.6 2023  6  6  1 56 36.79000092  0.0   1
     2930  -1.6402822  101.1425293    2.92195      237.1       41.6      299.0     72.8     33.2     31.3 2023  6  6  1 57 14.22000027  0.0   1
     2931  -1.6421686  101.1409587    2.83991       62.1     -167.0      217.0     78.4     29.9     27.1 2023  6  6  1 57 25.55999947  0.0   1
     2932  -1.6399522  101.1445638    2.77557      463.4       78.1      152.6     75.5     42.2     36.3 2023  6  6  1 57 28.88999939  0.0   1
     2933  -1.6419416  101.1422689    2.67918      208.1     -141.9       56.2     66.9     28.7     27.1 2023  6  6  1 57 37.61999893  0.0   1
     2934  -1.6415484  101.1421712    3.18611      197.3      -98.4      563.2    101.3     48.7     42.9 2023  6  6  1 57 45.38000107  0.0   1
     2935  -1.6391525  101.1449382    3.06958      505.4      166.5      447.6    161.6     69.9     33.6 2023  6  6  1 58  3.48000002  0.0   1
     2936  -1.6421352  101.1401774    2.90715      -24.4     -163.3      284.2     72.1     48.1     42.3 2023  6  6  1 58 51.29000092  0.0   1
     2937  -1.6482135  101.1426595    2.27611      252.0     -835.4     -346.8    110.6     64.4     81.9 2023  6  6  1 59  4.92000008  0.0   1
     2938  -1.6441081  101.1242594    1.85126    -1795.9     -381.5     -771.7    241.1    246.7    269.8 2023  6  6  2  0 18.29000092  0.0   1
     2939  -1.6408391  101.1445475    2.89255      462.2      -20.0      269.6     52.0     31.8     24.6 2023  6  6  2  0 50.33000183  0.0   1
     2940  -1.6428237  101.1408529    2.86579       50.4     -239.4      242.8     75.5     29.3     29.8 2023  6  6  2  1 17.14999962  0.0   1
     2941  -1.6439613  101.1426514    2.68483      251.1     -365.2       61.9    112.4     53.6     46.3 2023  6  6  2  1 29.55999947  0.0   1
     2942  -1.6413546  101.1420817    2.81407      187.4      -77.0      191.1     64.8     29.0     32.7 2023  6  6  2  1 36.97999954  0.0   1
     2943  -1.6394775  101.1486410    2.34587      917.2      130.5     -277.1     64.1     47.3     51.2 2023  6  6  2  1 54.45999908  0.0   1
     2944  -1.6404148  101.1413656    2.95935      107.4       26.9      336.4     74.0     32.2     29.6 2023  6  6  2  2 19.39999962  0.0   1
     2945  -1.6468864  101.1420492    2.50597      184.0     -688.7     -117.0    134.5     82.2     78.0 2023  6  6  2  3 32.54000092  0.0   1
     2946  -1.6447072  101.1413411    2.68808      105.4     -447.7       65.1    102.2     36.1     37.5 2023  6  6  2  5 16.29999924  0.0   1
     2947  -1.6322755  101.1530273    2.83386     1405.1      926.9      210.9    109.3     68.5     36.7 2023  6  6  2 11 56.61000061  0.0   1
     2948  -1.6402729  101.1437256    2.84838      370.1       42.6      225.4     87.7     42.1     36.5 2023  6  6  2 57 14.14999962  0.0   1
     2949  -1.6411845  101.1433757    2.89062      331.1      -58.2      267.7     68.7     37.0     38.2 2023  6  6  2 57 29.37000084  0.0   1
     2950  -1.6394065  101.1488525    2.75402      940.5      138.4      131.1     54.2     54.3     44.1 2023  6  6  2 57 54.09999847  0.0   1
     2951  -1.6399475  101.1463053    2.38281      657.3       78.6     -240.1    100.2     82.1     65.4 2023  6  6  2 58  2.06999993  0.0   1
     2952  -1.6415777  101.1524414    1.92307     1340.2     -101.7     -699.9     47.9     53.6     50.7 2023  6  6  2 58 17.95000076  0.0   1
     2953  -1.6461085  101.1367513    2.51652     -405.4     -602.7     -106.4    113.1     32.7     39.1 2023  6  6  2 58 41.36999893  0.0   1
     2954  -1.6425168  101.1457764    2.54941      598.4     -205.5      -73.5     58.7     34.7     34.8 2023  6  6  2 59 47.00999832  0.0   1
     2955  -1.6402534  101.1464762    3.06162      676.7       44.8      438.7    137.6     65.3     66.8 2023  6  6 22 40 15.80000019  0.0   1
     2962  -1.6423982  101.1393799    2.61402     -112.8     -192.4       -8.9     77.3     44.8     36.7 2023  7  4 19 19 48.45999908  0.0   1
     2967  -1.6440816  101.1182536    2.15187    -2464.4     -378.5     -471.1    167.8    146.9    166.6 2023  7 14 23 38 10.26000023  0.0   1
     2968  -1.6419123  101.1407227    2.82684       36.0     -138.7      203.9     92.9     37.4     37.4 2023  7 15  2  2 49.29000092  0.0   1
     2969  -1.6422821  101.1395426    2.78006      -94.6     -179.6      157.1    109.3     38.3     36.2 2023  7 15  2  5 39.86000061  0.0   1
     2972  -1.6414434  101.1359945    2.74343     -490.0      -86.8      120.5     73.9     65.8     41.4 2023  7 15  9 27  6.65999985  0.0   1
     2973  -1.6412640  101.1430827    2.73361      298.5      -67.0      110.7     40.4     26.7     23.4 2023  7 15  9 29 55.13999939  0.0   1
     2974  -1.6420442  101.1431641    2.68574      308.3     -153.3       62.8     56.0     39.7     37.5 2023  7 15  9 30  2.75999999  0.0   1
     2975  -1.6415151  101.1408122    2.68184       45.9      -94.8       58.9     74.6     27.5     29.7 2023  7 15  9 30 27.43000031  0.0   1
     2976  -1.6421922  101.1402181    2.62461      -20.1     -169.6        1.7    126.9     41.5     29.6 2023  7 15  9 31 39.70999908  0.0   1
     2977  -1.6359910  101.1181315    1.91889    -2477.8      516.1     -704.0    179.8    259.9    244.6 2023  7 17 15  4 33.40000153  0.0   1
     2978  -1.6397968  101.1437012    2.80927      368.1       95.2      186.3     60.3     38.9     35.1 2023  7 19  2  5 31.29000092  0.0   1
     2979  -1.6386739  101.1416260    3.15481      137.1      219.4      531.9     79.7     50.3     40.2 2023  7 19  2 18 47.72999954  0.0   1
     2980  -1.6428094  101.1426758    2.93538      253.8     -237.9      312.4    129.6     38.3     35.5 2023  7 19  2 21  5.59999990  0.0   1
     2981  -1.6351887  101.1549805    2.64991     1622.9      604.8       27.0     86.0     57.8     68.6 2023  7 19  2 21  8.77999973  0.0   1
     2982  -1.6387534  101.1414632    3.00475      118.5      210.6      381.8     67.4     47.5     47.1 2023  7 19  2 59 40.54000092  0.0   1
     2983  -1.6400756  101.1433919    2.90026      333.5       64.4      277.3     47.7     41.5     29.9 2023  7 19  3  0  3.86999989  0.0   1
     2984  -1.6404574  101.1468506    2.61129      718.2       22.2      -11.7     63.4     51.6     27.9 2023  7 19  3  0 15.28999996  0.0   1
     2985  -1.6392822  101.1451009    2.67003      523.3      152.1       47.1     55.3     47.1     34.1 2023  7 19  3  0 25.79000092  0.0   1
     2986  -1.6412572  101.1387614    2.98532     -182.1      -66.2      362.4    115.6     55.2     40.8 2023  7 19  3  1  0.31999999  0.0   1
     2987  -1.6445178  101.1430583    2.66976      296.2     -426.8       46.8     54.6     28.1     27.8 2023  7 19  3  1 12.77000046  0.0   1
     2988  -1.6414653  101.1431966    2.59457      311.7      -89.2      -28.4     40.7     34.3     26.3 2023  7 19  3  1 20.85000038  0.0   1
     2989  -1.6398736  101.1368083    2.96827     -399.3       86.8      345.3     61.8     53.1     38.2 2023  7 19  3  1 31.04999924  0.0   1
     2990  -1.6405958  101.1452881    2.79012      544.1        6.9      167.2     67.0     38.3     42.0 2023  7 19  3  1 58.95000076  0.0   1
     2991  -1.6400606  101.1422282    3.08381      203.5       66.1      460.9    100.9     49.3     33.0 2023  7 19  3  2 24.22999954  0.0   1
     2992  -1.6402198  101.1407878    2.72624       43.4       48.5      103.3     77.1     55.9     36.8 2023  7 19  3  2 31.32999992  0.0   1
     2994  -1.6440486  101.1461589    2.57562      640.7     -374.9      -47.3     83.2     76.4     51.7 2023  7 19  3  3  5.17000008  0.0   1
     2995  -1.6421436  101.1419271    2.75307      170.4     -164.2      130.1     70.9     38.0     25.9 2023  7 19  3  3 49.45000076  0.0   1
     2996  -1.6396436  101.1448975    2.96005      501.1      112.2      337.1     71.2     48.7     26.6 2023  7 19  3  4 25.73999977  0.0   1
     2997  -1.6412280  101.1389242    2.73909     -164.3      -63.0      116.1    146.6     78.5     48.7 2023  7 19  3  4 42.90000153  0.0   1
     2998  -1.6394185  101.1420654    3.06905      185.2      137.1      446.1     95.6     50.7     32.8 2023  7 19  3  4 47.33000183  0.0   1
     2999  -1.6393261  101.1409098    3.13444       57.1      147.3      511.5    101.8     53.6     33.9 2023  7 19  3  5 55.38999939  0.0   1
     3000  -1.6393787  101.1452718    2.74094      542.5      141.5      118.0     51.0     35.5     32.3 2023  7 19  3  6 34.20999908  0.0   1
     3001  -1.6404582  101.1431641    2.70392      307.4       22.1       81.0     29.4     39.3     36.5 2023  7 19  3  7 18.03000069  0.0   1
     3002  -1.6441121  101.1405436    2.57654       16.4     -381.9      -46.4     79.8     36.1     45.2 2023  7 19  3  7 20.17000008  0.0   1
     3003  -1.6379224  101.1494385    2.83089     1006.0      302.5      207.9     78.3     74.3     62.1 2023  7 19  3  8 37.70999908  0.0   1
     3004  -1.6412010  101.1418294    2.93605      158.9      -60.0      313.1     84.5     62.0     67.2 2023  7 19  3 10 29.87999916  0.0   1
     3005  -1.6398589  101.1443766    2.83833      443.2       88.4      215.4     57.6     34.0     36.6 2023  7 19  3 11  7.88000011  0.0   1
     3006  -1.6381798  101.1393555    2.99605     -116.0      274.1      373.1     97.6     56.3     69.1 2023  7 19  3 12 10.78999996  0.0   1
     3007  -1.6399868  101.1486491    2.77087      918.5       74.2      147.9     62.8     62.3     41.6 2023  7 19  3 14 29.62999916  0.0   1
     3008  -1.6409442  101.1476156    2.33907      803.5      -31.6     -283.9     40.7     35.2     31.6 2023  7 19  3 14 38.36000061  0.0   1
     3009  -1.6423787  101.1422445    2.60835      205.9     -190.2      -14.6     96.7     82.7     61.4 2023  7 19  3 17 13.86999989  0.0   1
     3010  -1.6406654  101.1447754    2.79886      487.6       -0.8      175.9     56.2     38.7     29.3 2023  7 19  3 22  8.31999969  0.0   1
     3011  -1.6392223  101.1428792    2.83727      276.0      158.8      214.3     51.0     39.8     37.8 2023  7 19  3 23  0.50000000  0.0   1
     3012  -1.6412071  101.1445638    2.64853      464.0      -60.7       25.6     36.9     24.7     31.3 2023  7 19  3 23 19.36000061  0.0   1
     3013  -1.6421332  101.1430176    2.76247      291.4     -163.1      139.5     57.6     29.8     28.2 2023  7 19  3 23 22.77000046  0.0   1
     3014  -1.6385461  101.1418132    2.91144      157.3      233.5      288.5     63.0     35.9     31.8 2023  7 19  3 23 38.40000153  0.0   1
     3015  -1.6413470  101.1446859    2.72762      477.6      -76.2      104.7     43.2     28.1     26.8 2023  7 19  3 24  8.73999977  0.0   1
     3016  -1.6408597  101.1429769    2.83295      286.7      -22.3      210.0     45.4     34.9     35.5 2023  7 19  3 24 11.84000015  0.0   1
     3017  -1.6429649  101.1417399    2.83001      149.5     -255.1      207.1     63.3     46.8     38.4 2023  7 19  3 24 18.10000038  0.0   1
     3018  -1.6409804  101.1426514    2.71240      250.9      -35.6       89.5     61.8     31.8     27.9 2023  7 19  3 26 25.94000053  0.0   1
     3019  -1.6423669  101.1349202    2.77828     -609.1     -188.9      155.3     67.7     51.3     40.3 2023  7 19  3 26 54.45000076  0.0   1
     3020  -1.6387573  101.1460449    2.90091      628.3      210.2      278.0     84.5     44.7     38.4 2023  7 19  3 28  6.32000017  0.0   1
     3021  -1.6359917  101.1392253    3.05106     -130.6      516.0      428.1     60.7     33.4     36.0 2023  7 19  3 28 11.30000019  0.0   1
     3022  -1.6393233  101.1521240    2.61064     1304.6      147.6      -12.3     64.4     57.4     42.6 2023  7 19  3 29  4.26999998  0.0   1
     3023  -1.6457761  101.1359049    2.47817     -500.1     -565.9     -144.8     62.7     62.4     60.1 2023  7 19  3 30 50.99000168  0.0   1
     3024  -1.6471345  101.1399740    2.43692      -47.4     -716.1     -186.0     64.1     36.8     45.1 2023  7 19  3 37 19.65999985  0.0   1
     3025  -1.6425775  101.1338704    2.79194     -726.5     -212.2      169.0    128.1     74.0     65.3 2023  7 19  3 39 24.28000069  0.0   1
     3026  -1.6438550  101.1307373    2.58204    -1075.0     -353.5      -40.9     87.2     49.3     68.1 2023  7 19  3 48 22.11000061  0.0   1
     3027  -1.6404898  101.1411702    2.92949       85.8       18.6      306.6     76.3     54.8     49.2 2023  7 19 19  1 51.08000183  0.0   1
     3028  -1.6435655  101.1376546    2.70855     -305.5     -321.5       85.6     95.8     46.7     49.0 2023  7 20  1 15 46.22999954  0.0   1
     3029  -1.6423880  101.1345215    2.58203     -653.7     -191.3      -40.9    111.9     46.6     61.1 2023  7 20  1 16 25.07999992  0.0   1
     3030  -1.6376837  101.1301839    3.01242    -1136.6      328.9      389.5    108.5     69.4     65.3 2023  7 20  1 18 27.22999954  0.0   1
     3031  -1.6429813  101.1413330    2.58862      103.7     -256.9      -34.3     44.1     33.8     42.5 2023  7 20 16 59 18.79999924  0.0   1
     3032  -1.6413067  101.1406738    2.78377       30.9      -71.7      160.8    106.7     60.9     49.4 2023  7 21  6 50 53.00999832  0.0   1
     3033  -1.6497317  101.1362467    2.08624     -461.5    -1003.3     -536.7     84.7     64.8     99.7 2023  7 21 12 31 45.83000183  0.0   1
     3034  -1.6454950  101.1409424    2.64883       61.0     -534.8       25.9    104.6     46.4     52.3 2023  7 23  3 56 19.47999954  0.0   1
     3037  -1.6431801  101.1456543    2.42154      584.7     -278.9     -201.4     69.8     47.3     75.5 2023  7 31 23 41 35.38000107  0.0   1
     3042  -1.6409941  101.1371094    3.11524     -366.0      -37.2      492.3     94.5     50.7     38.0 2023  8 25 22  0  2.96000004  0.0   1
     3043  -1.6406171  101.1448486    2.90708      495.3        4.5      284.1     53.4     28.0     34.2 2023  8 25 22  1 20.63999939  0.0   1
     3044  -1.6504509  101.1334798    2.12903     -770.0    -1082.8     -493.9    132.9     78.8    107.6 2023  8 25 22  1 29.57999992  0.0   1
     3045  -1.6411379  101.1435547    2.68674      351.1      -53.0       63.8     77.5     37.7     33.8 2023  8 25 22  1 39.70000076  0.0   1
     3046  -1.6391406  101.1380046    2.81893     -266.4      167.8      196.0     89.4     46.9     36.0 2023  8 25 22  2 23.94000053  0.0   1
     3047  -1.6411081  101.1426514    2.79212      250.6      -49.7      169.2     34.2     27.2     26.9 2023  8 25 22  2 28.13999939  0.0   1
     3048  -1.6397644  101.1490072    2.57874      958.1       98.8      -44.2     83.5     48.6     36.3 2023  8 25 22  2 42.25999832  0.0   1
     3049  -1.6432327  101.1405436    2.64685       16.4     -284.7       23.9    111.7     46.8     35.9 2023  8 25 22  2 51.50000000  0.0   1
     3050  -1.6414617  101.1426839    2.87521      254.0      -88.8      252.3     36.3     31.8     27.6 2023  8 25 22  2 58.43999863  0.0   1
     3051  -1.6389186  101.1492106    1.91468      980.9      192.4     -708.3     95.1     70.1     68.4 2023  8 25 22  3 19.87999916  0.0   1
     3052  -1.6409570  101.1366292    2.77337     -419.3      -33.0      150.4    150.8     61.9     50.3 2023  8 25 22  3 24.92000008  0.0   1
     3054  -1.6441689  101.1427490    2.56499      261.8     -388.2      -58.0     59.3     40.8     58.2 2023  8 25 22  3 32.50000000  0.0   1
     3055  -1.6417234  101.1390951    2.91818     -144.6     -117.8      295.2     84.6     41.8     36.7 2023  8 25 22  3 45.52000046  0.0   1
     3056  -1.6475291  101.1257324    2.03052    -1632.0     -759.7     -592.4     74.9     63.9     80.8 2023  8 25 22  4 22.10000038  0.0   1
     3057  -1.6420584  101.1414876    2.91340      121.2     -154.8      290.5     73.5     45.4     48.8 2023  8 25 22  4 39.36000061  0.0   1
     3058  -1.6415744  101.1420980    2.99458      189.5     -101.3      371.6     90.3     50.9     49.3 2023  8 25 22  4 42.74000168  0.0   1
     3059  -1.6391301  101.1507487    2.50667     1151.7      169.0     -116.3     57.4     36.2     32.3 2023  8 25 22  5 22.65999985  0.0   1
     3060  -1.6379204  101.1566569    2.38536     1809.4      302.7     -237.6     59.4     70.5     52.8 2023  8 25 22  5 45.79999924  0.0   1
     3061  -1.6433028  101.1354818    2.80262     -547.2     -292.4      179.7     76.8     76.8     42.8 2023  8 25 22  7 34.09999847  0.0   1
     3062  -1.6419647  101.1419271    2.68792      169.9     -144.5       65.0     55.1     51.7     41.1 2023  8 25 22  9 17.42000008  0.0   1
     3063  -1.6428177  101.1432780    2.53274      320.9     -238.8      -90.2     61.7     27.0     33.3 2023  8 25 22  9 21.89999962  0.0   1
     3064  -1.6395537  101.1424072    3.13493      224.0      122.1      512.0     88.9     47.7     37.9 2023  8 25 22  9 33.65999985  0.0   1
     3065  -1.6346943  101.1668538    0.62756     2944.4      659.4    -1995.4    279.3    407.8    452.0 2023  8 25 22  9 50.97999954  0.0   1
     3066  -1.6424207  101.1507568    2.46628     1152.8     -194.9     -156.7     86.9     63.8     54.7 2023  8 25 22 11 54.90000153  0.0   1
     3067  -1.6375524  101.1526937    2.65662     1368.3      343.4       33.7     65.2     95.2     51.5 2023  8 25 22 12 15.19999981  0.0   1
     3068  -1.6391378  101.1549967    2.31072     1625.0      168.1     -312.2     64.7     59.6     54.7 2023  8 25 22 14 11.64000034  0.0   1
     3069  -1.6407820  101.1451579    2.50743      530.1      -13.7     -115.5     66.9     43.1     37.2 2023  8 28 21 39 39.09999847  0.0   1
     3070  -1.6457303  101.1293457    2.25493    -1230.1     -560.8     -368.0    108.9     68.8    108.9 2023  8 28 22  8 57.27999878  0.0   1
     3071  -1.6401351  101.1413656    2.77506      107.6       57.8      152.1     76.3     40.2     28.6 2023  8 29 14 22 51.02999878  0.0   1
     3072  -1.6416248  101.1389974    2.91286     -155.3     -106.9      289.9     82.3     38.9     31.4 2023  8 29 18 13 50.74000168  0.0   1
     3074  -1.6427236  101.1417399    2.70477      149.3     -228.4       81.8     70.4     43.5     37.5 2023  8 30  1 31 17.67000008  0.0   1
     3075  -1.6417419  101.1283691    2.07799    -1338.7     -119.8     -545.0     84.2     76.8     61.1 2023  8 30  5 46 14.44999981  0.0   1
     3076  -1.6397251  101.1480632    2.48624      852.8      103.2     -136.7     71.2     46.8     38.8 2023  8 30  5 46 27.07999992  0.0   1
     3077  -1.6423400  101.1454020    2.58502      557.0     -186.0      -37.9     63.9     39.7     46.3 2023  8 30  5 47  3.69000006  0.0   1
     3078  -1.6431613  101.1334880    2.68862     -768.6     -276.8       65.7     69.1     45.3     59.5 2023  8 30  5 47  5.53999996  0.0   1
     3079  -1.6457918  101.1237223    2.64071    -1855.1     -567.6       17.8    189.4     94.2     55.0 2023  8 30  5 47 14.06000042  0.0   1
     3080  -1.6413329  101.1511719    2.47530     1199.3      -74.6     -147.6     69.2     63.3     61.1 2023  8 30  5 47 22.72999954  0.0   1
     3081  -1.6409337  101.1483887    2.48843      889.4      -30.5     -134.5     70.7     55.3     53.6 2023  8 30  5 47 28.44000053  0.0   1
     3082  -1.6417900  101.1601888    0.57804     2202.4     -125.1    -2044.9    151.3    171.3    236.5 2023  8 30  5 47 37.99000168  0.0   1
     3083  -1.6433126  101.1284424    1.47436    -1330.5     -293.5    -1148.6    131.6     86.6    149.1 2023  8 30  5 47 51.20000076  0.0   1
     3084  -1.6441835  101.1414225    2.58061      114.5     -389.8      -42.3     71.2     33.4     41.2 2023  8 30  5 50 22.00000000  0.0   1
     3085  -1.6419624  101.1400635    2.50647      -37.3     -144.2     -116.5     77.2     39.2     43.2 2023  8 30  5 50 28.25000000  0.0   1
     3086  -1.6422006  101.1487956    2.84515      934.5     -170.5      222.2    119.1     68.3     59.8 2023  8 30 14 17 58.83000183  0.0   1
     3087  -1.6422695  101.1469157    2.61951      725.7     -178.2       -3.4    108.5     96.0     56.9 2023  8 30 14 22 58.09000015  0.0   1
     3088  -1.6446041  101.1385824    2.40508     -202.3     -436.3     -217.9     92.2     56.2     62.3 2023  8 30 14 35 52.65000153  0.0   1
     3094  -1.6428616  101.1401530    2.57478      -26.9     -243.6      -48.2    127.7     43.5     39.5 2023  9 13 15 18 58.20999908  0.0   1
     3095  -1.6411976  101.1483398    2.49932      883.8      -59.6     -123.6     47.1     41.3     42.5 2023  9 14 16  1  7.05999994  0.0   1
     3096  -1.6393108  101.1533773    2.59434     1444.5      149.0      -28.6     70.5     69.6     49.4 2023  9 14 16  1 16.52000046  0.0   1
     3097  -1.6434341  101.1376302    2.73513     -307.8     -306.9      112.2    123.7     48.6     45.9 2023  9 14 16  1 24.82999992  0.0   1
     3098  -1.6486842  101.1425537    2.37140      240.3     -887.5     -251.5    124.4     74.2     60.4 2023  9 14 16  3 59.18000031  0.0   1
     3099  -1.6413333  101.1461995    2.74440      645.8      -74.6      121.5     51.8     53.7     49.7 2023  9 14 16  4  8.14000034  0.0   1
     3100  -1.6395737  101.1458089    3.07041      602.5      119.9      447.5     96.7     52.4     43.9 2023  9 14 16  7 36.65999985  0.0   1
     3101  -1.6411053  101.1422363    2.68532      204.7      -49.4       62.4     72.9     53.1     41.6 2023  9 14 16  7 43.02999878  0.0   1
     3102  -1.6459478  101.1254232    1.71364    -1666.2     -584.9     -909.3    104.4     84.8    122.3 2023  9 14 16 10 57.36000061  0.0   1
     3103  -1.6417119  101.1344727    2.84187     -659.1     -116.5      218.9    117.2     71.8     43.8 2023  9 14 16 11 12.31000042  0.0   1
     3104  -1.6430002  101.1500977    2.48958     1079.3     -259.0     -133.4     81.7     72.7     59.2 2023  9 14 16 11 17.97999954  0.0   1
     3105  -1.6422457  101.1418213    2.73109      158.1     -175.5      108.1     77.4     33.7     37.1 2023  9 14 16 23 25.43000031  0.0   1
     3106  -1.6427492  101.1410889    2.67989       76.5     -231.2       56.9     75.7     36.0     33.3 2023  9 14 16 23 33.90000153  0.0   1
     3107  -1.6431708  101.1407633    2.73009       40.7     -277.8      107.1     60.8     46.5     41.3 2023  9 14 16 23 52.75999832  0.0   1
     3108  -1.6429916  101.1383708    2.69659     -225.7     -258.0       73.6    121.4     48.5     35.7 2023  9 14 16 23 59.08000183  0.0   1
     3109  -1.6426580  101.1406576    2.72583       29.3     -221.1      102.9    102.1     45.0     47.5 2023  9 14 16 24  4.69000006  0.0   1
     3110  -1.6428618  101.1411540    2.63217       83.9     -243.7        9.2     69.5     27.0     28.8 2023  9 14 16 24 13.52000046  0.0   1
     3111  -1.6424164  101.1437907    2.70008      377.2     -194.4       77.1     60.9     31.7     32.5 2023  9 14 16 24 25.40999985  0.0   1
     3112  -1.6436961  101.1449382    2.64552      505.3     -335.9       22.6     65.0     53.4     36.1 2023  9 14 16 24 54.75000000  0.0   1
     3113  -1.6435271  101.1392822    2.69420     -123.6     -317.2       71.3     56.1     36.7     41.8 2023  9 14 16 24 59.38000107  0.0   1
     3114  -1.6438170  101.1417725    2.57455      152.8     -349.3      -48.4    101.1     41.7     44.0 2023  9 14 16 25  6.48000002  0.0   1
     3115  -1.6403258  101.1470296    2.54758      738.2       36.7      -75.4     44.8     33.7     33.6 2023  9 14 16 25 25.75000000  0.0   1
     3116  -1.6421027  101.1490397    2.49411      962.0     -159.7     -128.8     64.3     58.7     34.4 2023  9 14 16 25 28.45000076  0.0   1
     3117  -1.6465485  101.1243327    1.73208    -1787.2     -651.3     -890.9    100.7    102.5    111.0 2023  9 14 16 25 34.34999847  0.0   1
     3118  -1.6477244  101.1290771    1.43851    -1259.6     -781.3    -1183.4    117.5     88.4    156.7 2023  9 14 16 25 42.66999817  0.0   1
     3119  -1.6430740  101.1377523    2.52449     -294.3     -267.1      -98.5     80.1     50.5     47.5 2023  9 14 16 25 48.11999893  0.0   1
     3120  -1.6422351  101.1362712    2.46896     -458.8     -174.4     -154.0     99.8     47.2     35.2 2023  9 14 16 25 56.81999969  0.0   1
     3121  -1.6391717  101.1447835    2.76170      488.1      164.4      138.8     57.9     39.0     36.6 2023  9 14 16 26  2.75999999  0.0   1
     3122  -1.6405819  101.1424561    2.81144      229.5        8.4      188.5     48.2     29.4     25.7 2023  9 14 16 26 23.64999962  0.0   1
     3123  -1.6391326  101.1441406    3.01464      417.0      168.7      391.7     68.7     52.6     36.4 2023  9 14 16 26 34.95999908  0.0   1
     3124  -1.6410147  101.1440511    2.77466      406.7      -39.4      151.7     78.9     34.5     37.9 2023  9 14 16 26 48.50000000  0.0   1
     3125  -1.6461416  101.1362386    2.10973     -462.9     -606.3     -513.2    168.5     53.2     71.7 2023  9 14 16 27  6.15000010  0.0   1
     3126  -1.6434720  101.1458659    2.52108      608.8     -311.1     -101.9     56.7     37.9     39.6 2023  9 14 16 27 14.25000000  0.0   1
     3127  -1.6399721  101.1451660    2.64026      530.5       75.9       17.3     69.1     38.0     49.2 2023  9 14 16 27 17.69000053  0.0   1
     3128  -1.6399314  101.1476562    2.46513      807.7       80.4     -157.8     69.2     58.1     39.9 2023  9 14 16 27 22.95999908  0.0   1
     3129  -1.6373405  101.1482585    2.55533      875.1      366.8      -67.6     45.5     40.6     32.7 2023  9 14 16 27 30.12000084  0.0   1
     3130  -1.6382746  101.1431641    2.97640      308.0      263.6      353.5     97.9     51.7     42.0 2023  9 14 16 27 36.08000183  0.0   1
     3131  -1.6381013  101.1506429    2.51494     1140.5      282.7     -108.0     62.5     41.4     45.6 2023  9 14 16 28  5.15999985  0.0   1
     3132  -1.6423546  101.1454834    2.52507      565.7     -187.6      -97.9     41.4     31.5     28.4 2023  9 14 16 28 10.97999954  0.0   1
     3133  -1.6415852  101.1413005    2.74247      100.8     -102.5      119.5     95.6     29.8     33.3 2023  9 14 16 28 18.73999977  0.0   1
     3134  -1.6424522  101.1500244    2.39799     1071.2     -198.4     -225.0     69.1     70.4     54.2 2023  9 14 16 28 27.96999931  0.0   1
     3135  -1.6422490  101.1472738    2.52804      764.8     -175.9      -94.9     39.8     29.8     32.4 2023  9 14 16 28 40.47999954  0.0   1
     3136  -1.6465861  101.1353353    2.25367     -562.9     -655.5     -369.3    151.5     46.1     61.7 2023  9 14 16 28 47.25999832  0.0   1
     3137  -1.6433800  101.1412760    2.64184       97.9     -301.0       18.9     52.2     24.5     25.8 2023  9 14 16 28 51.58000183  0.0   1
     3138  -1.6468592  101.1261475    1.85963    -1585.6     -685.7     -763.3    105.7     75.5    127.1 2023  9 14 16 29 41.08000183  0.0   1
     3139  -1.6432935  101.1302816    2.68971    -1125.3     -291.4       66.8    194.4     76.8     70.0 2023  9 14 16 29 46.22999954  0.0   1
     3140  -1.6424769  101.1414714    2.71410      119.2     -201.1       91.2     65.1     41.8     41.1 2023  9 14 16 29 52.25999832  0.0   1
     3141  -1.6413305  101.1450439    2.74164      517.4      -74.3      118.7     39.0     33.6     29.3 2023  9 14 16 32  8.39999962  0.0   1
     3142  -1.6424313  101.1451823    2.64326      532.4     -196.1       20.3     63.7     33.3     30.3 2023  9 14 16 32 17.73999977  0.0   1
     3143  -1.6366920  101.1569092    2.13268     1837.6      438.6     -490.3     96.8     65.4     80.2 2023  9 14 16 32 30.69000053  0.0   1
     3144  -1.6410503  101.1427572    2.80926      262.8      -43.4      186.3     54.0     27.9     27.9 2023  9 14 16 32 37.11000061  0.0   1
     3145  -1.6417473  101.1373535    2.85513     -338.6     -120.4      232.2     77.2     53.5     51.4 2023  9 14 16 32 59.11000061  0.0   1
     3146  -1.6366100  101.1515137    2.74856     1237.2      447.6      125.6     71.2     54.0     47.6 2023  9 14 16 34 11.01000023  0.0   1
     3147  -1.6380479  101.1605876    2.07148     2246.6      288.6     -551.5     64.7     84.3     80.3 2023  9 14 16 34 40.43000031  0.0   1
     3148  -1.6411971  101.1481201    2.69705      859.7      -59.6       74.1     50.1     30.2     24.8 2023  9 14 16 34 47.56999969  0.0   1
     3149  -1.6368211  101.1521403    2.77530     1306.3      424.3      152.4     75.2     88.3     65.3 2023  9 14 16 34 58.79000092  0.0   1
     3150  -1.6460565  101.1302083    2.10037    -1133.6     -596.9     -522.6     59.6     43.2     47.1 2023  9 14 16 36 23.40999985  0.0   1
     3151  -1.6424553  101.1290609    2.29422    -1261.3     -198.7     -328.7     70.0     45.9     54.0 2023  9 14 16 38 46.27000046  0.0   1
     3152  -1.6401861  101.1429850    2.99398      288.3       52.2      371.0    149.7     51.0     48.8 2023  9 14 16 39 22.14999962  0.0   1
     3153  -1.6413570  101.1483724    2.64171      887.1      -77.3       18.8     63.6     52.2     40.3 2023  9 14 16 40 10.57999992  0.0   1
     3154  -1.6422775  101.1360514    2.64483     -483.8     -179.1       21.9    172.8     52.9     47.8 2023  9 14 16 40 29.72999954  0.0   1
     3155  -1.6401002  101.1424154    2.82496      224.2       61.7      202.0     54.7     45.5     37.6 2023  9 14 16 42 57.52000046  0.0   1
     3156  -1.6419561  101.1446696    2.63959      475.7     -143.5       16.6     61.4     33.5     32.7 2023  9 14 16 43 40.40999985  0.0   1
     3157  -1.6402195  101.1432617    2.83900      318.5       48.5      216.1     68.7     54.5     32.2 2023  9 14 16 48 22.35000038  0.0   1
     3158  -1.6401766  101.1482829    2.62892      877.4       53.3        6.0    109.5     64.0     62.4 2023  9 14 16 48 45.50999832  0.0   1
     3159  -1.6408830  101.1652100    0.14740     2761.2      -24.9    -2475.5    475.4    818.2   1157.0 2023  9 14 16 51 31.97999954  0.0   1
     3160  -1.6429217  101.1465820    2.64718      688.6     -250.3       24.2     61.3     52.9     37.7 2023  9 14 16 56  2.07999992  0.0   1
     3161  -1.6409779  101.1440511    2.73096      406.7      -35.3      108.0     53.0     31.6     31.8 2023  9 14 17  0 13.88000011  0.0   1
     3162  -1.6377755  101.1543294    2.09792     1550.2      318.7     -525.0     98.5     65.4     65.1 2023  9 14 17 16  3.20000005  0.0   1
     3163  -1.6431346  101.1426188    2.66920      247.4     -273.8       46.3     80.5     38.6     34.5 2023  9 14 17 16 12.60000038  0.0   1
     3164  -1.6439626  101.1384033    2.53398     -222.1     -365.4      -89.0     79.0     44.7     45.5 2023  9 14 17 16 20.60000038  0.0   1
     3165  -1.6429881  101.1380697    2.69263     -259.2     -257.6       69.7     80.5     44.2     42.5 2023  9 14 17 22 43.41999817  0.0   1
     3166  -1.6438004  101.1394694    2.76017     -103.5     -347.4      137.2     96.7     45.8     47.9 2023  9 14 17 23  1.67999995  0.0   1
     3167  -1.6450198  101.1404704    2.72357        7.8     -482.3      100.6     92.1     50.3     47.5 2023  9 14 17 23  3.44000006  0.0   1
     3168  -1.6415858  101.1401449    2.80546      -28.0     -102.6      182.5     78.5     31.7     30.9 2023  9 14 17 23 38.47999954  0.0   1
     3169  -1.6443418  101.1358317    2.56354     -507.8     -407.3      -59.4    128.3     49.7     48.1 2023  9 14 17 24 47.47999954  0.0   1
     3170  -1.6432105  101.1344482    2.38918     -661.9     -282.2     -233.8     72.8     34.9     36.3 2023  9 14 18  6 58.63999939  0.0   1
     3172  -1.6418744  101.1421305    2.65762      192.9     -134.5       34.7     72.5     42.3     36.9 2023  9 15 17 48 41.77999878  0.0   1
     3173  -1.6389418  101.1450195    2.93069      514.2      189.8      307.7     68.3     37.9     32.2 2023  9 15 17 50 48.40000153  0.0   1
     3174  -1.6419875  101.1459880    2.70581      622.4     -147.0       82.9    111.6     62.7     52.7 2023  9 15 17 51  9.39999962  0.0   1
     3175  -1.6382268  101.1446940    2.86899      478.5      268.8      246.0     75.8     54.8     37.5 2023  9 18  5 36 41.97999954  0.0   1
     3176  -1.6408878  101.1427572    2.77742      262.4      -25.4      154.5     78.1     36.6     39.1 2023  9 18 16 33 14.22000027  0.0   1
     3177  -1.6368345  101.1481608    3.13225      863.8      422.8      509.3     87.1     78.3     57.8 2023  9 19 22 37 53.88000107  0.0   1
     3178  -1.6412669  101.1418050    2.82981      156.5      -67.3      206.9     75.0     33.3     38.8 2023  9 20 20 41 28.63999939  0.0   1
     3179  -1.6401304  101.1435872    2.76072      354.9       58.4      137.8     68.1     33.1     30.3 2023  9 21  3 26 18.59000015  0.0   1
     3180  -1.6390224  101.1508545    2.63038     1163.7      180.9        7.4     77.7     56.8     67.0 2023  9 21  3 26 48.38999939  0.0   1
     3181  -1.6386656  101.1444010    3.00154      445.6      220.3      378.6     65.5     38.0     41.6 2023  9 21  3 26 59.63000107  0.0   1
     3182  -1.6447020  101.1291016    2.03392    -1256.9     -447.1     -589.0    124.1     91.9    124.2 2023  9 21  3 27 59.75000000  0.0   1
     3183  -1.6402559  101.1492269    2.57439      982.3       44.5      -48.5     69.2     75.8     58.8 2023  9 21  3 28  2.72000003  0.0   1
     3184  -1.6398153  101.1456136    2.80016      580.4       93.2      177.2     51.0     41.0     38.6 2023  9 21  3 28 44.74000168  0.0   1
     3185  -1.6462443  101.1200684    0.91508    -2261.6     -617.7    -1707.9    116.1    134.6    168.3 2023  9 21  3 37 14.60999966  0.0   1
     3186  -1.6428474  101.1432536    2.65923      318.1     -242.1       36.3     61.8     50.8     67.7 2023  9 21  3 43  8.53999996  0.0   1
     3187  -1.6422113  101.1437093    2.63890      368.3     -171.7       16.0     57.3     45.4     40.7 2023  9 21  3 43 36.95999908  0.0   1
     3188  -1.6407176  101.1437988    3.04077      378.1       -6.6      417.8    129.9     80.2     48.5 2023  9 21  3 44 35.31000137  0.0   1
     3189  -1.6392684  101.1399251    2.91688      -52.7      153.7      293.9     87.3     49.8     40.6 2023  9 21  3 45  0.40000001  0.0   1
     3190  -1.6406590  101.1437907    2.79810      377.7       -0.1      175.2     53.7     39.2     35.3 2023  9 21  3 46 23.75000000  0.0   1
     3191  -1.6404954  101.1465658    2.80700      686.6       18.0      184.1     51.7     40.4     43.8 2023  9 21  3 47 35.90000153  0.0   1
     3192  -1.6390747  101.1487223    2.77888      926.7      175.1      155.9     62.6     65.1     41.8 2023  9 21  3 47 45.47000122  0.0   1
     3193  -1.6405420  101.1440104    2.76527      402.5       12.9      142.3     63.9     39.4     34.4 2023  9 21  3 50 10.31999969  0.0   1
     3194  -1.6375590  101.1430583    3.00134      296.4      342.7      378.4     55.5     41.6     27.9 2023  9 21  3 51 53.75000000  0.0   1
     3195  -1.6384911  101.1435547    2.95392      351.7      239.6      331.0     70.8     62.3     46.7 2023  9 21  3 54 41.15999985  0.0   1
     3196  -1.6366300  101.1519287    2.76700     1283.4      445.4      144.1     80.7     61.2     39.5 2023  9 21  3 54 56.18999863  0.0   1
     3197  -1.6370959  101.1473389    3.01195      772.8      393.9      389.0     69.4     53.3     42.9 2023  9 21  3 55  2.20000005  0.0   1
     3198  -1.6377602  101.1488444    2.72946      940.1      320.4      106.5     48.2     54.1     45.6 2023  9 21  3 57 10.92000008  0.0   1
     3200  -1.6391491  101.1668701    1.58223     2946.0      166.9    -1040.7    143.7    154.3    245.1 2023  9 21 18  0 24.65999985  0.0   1
     3202  -1.6424675  101.1424967    2.86886      233.5     -200.1      245.9     68.1     42.7     39.2 2023  9 21 18  2 53.29999924  0.0   1
     3203  -1.6410441  101.1442057    2.62271      423.8      -42.7       -0.2     59.4     24.8     29.4 2023  9 21 18  3  1.86000001  0.0   1
     3204  -1.6406400  101.1481689    2.61311      864.7        2.0       -9.8     47.4     38.5     31.9 2023  9 21 18  3  6.84000015  0.0   1
     3206  -1.6399251  101.1467122    2.75328      703.1       81.1      130.3     69.3     43.2     36.9 2023  9 21 18  3 58.45999908  0.0   1
     3207  -1.6374990  101.1590007    1.90293     2070.5      349.3     -720.0     84.6     80.6     86.4 2023  9 21 18  4  4.84000015  0.0   1
     3208  -1.6410520  101.1435465    2.67980      350.2      -43.5       56.9     55.8     31.0     29.3 2023  9 21 18  4  8.68000031  0.0   1
     3209  -1.6430035  101.1453857    2.78518      555.1     -259.3      162.2     98.0     53.9     48.6 2023  9 21 18  5 31.94000053  0.0   1
     3210  -1.6431222  101.1412923    2.68835       99.9     -272.5       65.4     67.6     35.6     30.1 2023  9 21 18  5 48.38000107  0.0   1
     3211  -1.6498067  101.1255371    1.85234    -1653.3    -1011.6     -770.6    101.4     78.8    108.7 2023  9 21 18  6 39.50000000  0.0   1
     3212  -1.6432430  101.1407471    2.86096       38.7     -285.8      238.0     87.6     42.5     47.8 2023  9 21 18 40 21.60000038  0.0   1
     3213  -1.6395091  101.1482503    2.79638      874.1      127.1      173.4     67.2     55.5     41.2 2023  9 28  7  5  1.83000004  0.0   1
     3214  -1.6371012  101.1461507    2.87886      640.2      393.3      255.9     45.9     44.6     27.7 2023  9 28  7 39  3.82999992  0.0   1
     3215  -1.6417716  101.1419922    2.77023      177.3     -123.1      147.3     66.7     47.7     39.0 2023  9 28  7 40  2.51999998  0.0   1
     3216  -1.6395503  101.1479492    2.61819      839.9      122.5       -4.8     49.9     44.0     32.1 2023  9 28  7 55 56.93999863  0.0   1
     3217  -1.6410643  101.1432943    2.71915      322.4      -44.9       96.2     35.3     29.8     23.2 2023  9 28  7 56  5.48999977  0.0   1
     3218  -1.6429792  101.1452881    2.66524      544.6     -256.6       42.3     43.4     36.9     41.1 2023  9 28  7 56 11.47999954  0.0   1
     3219  -1.6376101  101.1416748    3.12515      142.4      337.0      502.2     62.5     44.8     34.9 2023  9 28  7 57 46.27000046  0.0   1
     3220  -1.6416709  101.1448405    2.53910      494.6     -112.0      -83.8     59.6     36.0     36.3 2023  9 28  7 59 35.90000153  0.0   1
     3221  -1.6420532  101.1418132    2.56290      157.6     -154.3      -59.0     80.4     34.6     29.5 2023  9 28  8  1 35.72000122  0.0   1
     3222  -1.6401956  101.1486165    2.53185      914.7       51.1      -91.1     40.8     31.1     27.7 2023  9 28  8  2  3.35999990  0.0   1
     3223  -1.6407242  101.1441895    2.70088      421.8       -7.3       77.9     51.7     32.3     30.5 2023  9 28  8  2 40.31000137  0.0   1
     3224  -1.6408836  101.1481201    2.53054      859.1      -24.9      -92.4     46.5     28.8     29.7 2023  9 28  8  7 49.70999908  0.0   1
     3225  -1.6418458  101.1449626    2.69428      507.8     -131.3       71.3     54.6     36.9     27.1 2023  9 28  8 13  6.84000015  0.0   1
     3226  -1.6395887  101.1480957    2.65243      856.2      118.3       29.5     46.1     37.9     27.4 2023  9 28  8 15 50.84999847  0.0   1
     3227  -1.6408087  101.1449788    2.51888      509.4      -16.6     -104.1     68.3     37.1     37.3 2023  9 28  8 15 58.18999863  0.0   1
     3228  -1.6433164  101.1452962    2.70300      545.1     -293.9       80.1     46.0     27.5     23.9 2023  9 28  8 17  0.49000001  0.0   1
     3229  -1.6400092  101.1468099    2.62509      713.7       71.8        2.1     68.8     43.0     27.9 2023  9 28  8 17 24.29000092  0.0   1
     3230  -1.6401023  101.1446696    2.81257      475.8       61.5      189.6     45.7     47.9     34.8 2023  9 28  8 19 49.29999924  0.0   1
     3231  -1.6417947  101.1402425    2.70165      -17.4     -125.7       78.7     79.9     28.7     28.3 2023  9 28  8 20 55.52000046  0.0   1
     3232  -1.6409888  101.1454427    2.74908      561.4      -36.6      126.1     37.4     32.1     28.4 2023  9 28  8 26 42.88000107  0.0   1
     3233  -1.6426914  101.1467041    2.67184      701.6     -224.8       48.9     40.0     34.5     32.3 2023  9 28  8 26 46.84000015  0.0   1
     3234  -1.6413823  101.1435628    2.79589      352.6      -80.1      172.9     46.5     30.6     23.4 2023  9 28  8 27  2.09999990  0.0   1
     3235  -1.6420868  101.1439535    2.50540      395.6     -158.0     -117.5     51.7     32.1     33.1 2023  9 28  8 29 31.02000046  0.0   1
     3236  -1.6409037  101.1430664    2.68965      296.9      -27.1       66.7     61.8     42.1     31.9 2023  9 28  8 33 52.38000107  0.0   1
     3237  -1.6416573  101.1424805    2.67198      231.8     -110.5       49.0     41.0     30.0     29.0 2023  9 28  8 34 52.70000076  0.0   1
     3238  -1.6411204  101.1426351    2.78616      249.2      -51.1      163.2     45.7     25.6     22.1 2023  9 28  8 35 23.65999985  0.0   1
     3239  -1.6398471  101.1476481    2.49492      806.7       89.7     -128.0     50.2     34.9     33.9 2023  9 28  8 35 37.04000092  0.0   1
     3240  -1.6425569  101.1398682    2.70203      -58.6     -210.0       79.1     79.0     46.9     41.6 2023  9 28  8 36  6.26000023  0.0   1
     3241  -1.6409273  101.1434652    2.61081      341.1      -29.8      -12.1     40.5     30.7     28.1 2023  9 28  8 36  9.26000023  0.0   1
     3242  -1.6435305  101.1458903    2.62960      611.7     -317.6        6.7     57.9     29.4     36.2 2023  9 28  8 36 18.69000053  0.0   1
     3243  -1.6423119  101.1380208    2.82199     -264.6     -182.8      199.0    105.4     38.5     32.0 2023  9 28  8 36 33.70999908  0.0   1
     3244  -1.6442177  101.1423503    2.55313      217.3     -393.6      -69.8     64.7     39.4     46.0 2023  9 28  8 36 39.86999893  0.0   1
     3245  -1.6469002  101.1407389    2.27353       38.1     -690.2     -349.4     91.7     58.7     75.9 2023  9 28  8 37 37.74000168  0.0   1
     3246  -1.6412589  101.1422933    2.78533      211.3      -66.4      162.4     47.3     33.1     29.3 2023  9 28  8 37 40.75999832  0.0   1
     3247  -1.6411162  101.1415527    2.80890      128.3      -50.6      186.0     45.3     34.7     28.3 2023  9 28  8 38  9.71000004  0.0   1
     3248  -1.6403814  101.1453613    2.69590      552.5       30.6       73.0     42.4     41.8     28.3 2023  9 28  8 39  3.31999993  0.0   1
     3249  -1.6421190  101.1435221    2.80944      348.0     -161.5      186.5     56.4     27.7     24.9 2023  9 28  8 39 16.25000000  0.0   1
     3250  -1.6420991  101.1385742    2.69591     -202.6     -159.3       73.0     77.6     44.8     41.7 2023  9 28  8 39 29.69000053  0.0   1
     3251  -1.6410979  101.1427897    2.81672      266.2      -48.6      193.8     31.9     26.5     23.6 2023  9 28  8 40 15.93999958  0.0   1
     3252  -1.6409367  101.1450846    2.71332      521.7      -30.8       90.4     48.2     28.1     24.7 2023  9 28  8 40 38.47999954  0.0   1
     3253  -1.6424288  101.1417887    2.70109      154.5     -195.8       78.1     72.8     36.5     35.4 2023  9 28  8 40 41.38000107  0.0   1
     3254  -1.6433042  101.1425863    2.69801      243.5     -292.6       75.1     64.5     37.4     39.0 2023  9 28  8 41  2.16000009  0.0   1
     3255  -1.6419824  101.1465902    2.59556      689.0     -146.4      -27.4     72.9     40.9     28.1 2023  9 28  8 41 20.87999916  0.0   1
     3256  -1.6411929  101.1429443    2.77353      283.5      -59.1      150.6     47.1     25.8     23.8 2023  9 28  8 41 55.04999924  0.0   1
     3257  -1.6394525  101.1449707    2.99263      509.0      133.3      369.7     85.4     58.1     49.6 2023  9 28  8 42 14.56999969  0.0   1
     3258  -1.6429487  101.1407878    2.70543       43.8     -253.3       82.5     68.9     54.1     48.5 2023  9 28  8 42 19.54999924  0.0   1
     3259  -1.6431009  101.1468913    2.51904      722.5     -270.1     -103.9     38.2     41.4     42.0 2023  9 28  8 43 54.72999954  0.0   1
     3260  -1.6461887  101.1435465    2.32938      350.6     -611.5     -293.6     59.5     51.2     66.7 2023  9 28  8 44 16.90999985  0.0   1
     3261  -1.6398112  101.1423991    2.90478      222.9       93.7      281.8     57.0     43.1     33.9 2023  9 28  8 44 28.37999916  0.0   1
     3262  -1.6408599  101.1422363    2.85131      205.1      -22.3      228.4     44.7     33.4     25.9 2023  9 28  8 47 19.86000061  0.0   1
     3263  -1.6412189  101.1438070    2.70541      379.7      -62.0       82.5     39.9     31.1     27.3 2023  9 28  8 47 33.06999969  0.0   1
     3264  -1.6432154  101.1414551    2.69786      118.1     -282.8       74.9     96.3     47.4     30.3 2023  9 28  8 51 42.25999832  0.0   1
     3265  -1.6422699  101.1398519    2.82666      -60.9     -178.2      203.7     69.6     35.5     25.7 2023  9 28  8 59 46.52999878  0.0   1
     3266  -1.6423583  101.1433757    2.65780      331.3     -188.0       34.9     60.0     25.4     25.7 2023  9 28  9  4 21.27000046  0.0   1
     3267  -1.6419364  101.1404785    2.74946        9.1     -141.3      126.5     57.3     41.2     32.4 2023  9 28  9  5 15.84000015  0.0   1
     3268  -1.6417170  101.1438395    2.75719      382.6     -117.1      134.3     42.3     29.2     26.2 2023  9 28  9 10 20.37000084  0.0   1
     3269  -1.6435061  101.1362467    2.67699     -461.4     -314.9       54.1    113.7     50.9     38.7 2023  9 28  9 17 17.36000061  0.0   1
     3270  -1.6402309  101.1440267    2.73922      404.3       47.2      116.3     64.5     46.9     30.0 2023 10  5  7 35 44.90999985  0.0   1
     3271  -1.6119611  101.1331543    2.41056     -805.8     3173.1     -212.4     76.2    148.6    112.6 2023 10  8  0 46  1.73000002  0.0   1
     3272  -1.6127800  101.1322347    2.32661     -908.6     3082.6     -296.3    136.3    155.3    109.9 2023 10  8  0 46 50.84000015  0.0   1
     3273  -1.6386063  101.1423503    3.01121      217.4      226.9      388.3    120.2     53.6     39.9 2023 10  9 12  0 57.20999908  0.0   1
     3274  -1.6381667  101.1557536    2.63585     1708.4      275.5       12.9     75.6     77.6     58.0 2023 10  9 13 10 28.75000000  0.0   1
     3275  -1.6423289  101.1479492    2.44738      840.3     -184.7     -175.6     62.6     44.7     35.2 2023 10 10  8 52 47.47999954  0.0   1
     3276  -1.6430557  101.1417318    2.82630      148.7     -265.1      203.4     97.4     53.2     56.8 2023 10 12  2  8 51.72999954  0.0   1
     3277  -1.6448050  101.1415283    2.47207      126.0     -458.5     -150.9     87.6     60.9     59.6 2023 10 12  2 25 53.88999939  0.0   1
     3278  -1.6480450  101.1402995    2.46723      -10.7     -816.8     -155.7     76.7     55.5     54.2 2023 10 12  2 26 44.36999893  0.0   1
     3279  -1.6441736  101.1386312    2.70953     -196.6     -388.7       86.6     82.8     32.8     43.6 2023 10 12  7 33 35.72000122  0.0   1
     3280  -1.6393307  101.1409180    2.87393       58.0      146.8      251.0     93.8     49.2     34.2 2023 10 12  7 35 26.72999954  0.0   1
     3281  -1.6375924  101.1434733    3.01345      342.5      339.0      390.5     63.6     45.6     32.6 2023 10 12  7 44 21.15999985  0.0   1
     3282  -1.6388930  101.1438314    2.99890      382.0      195.2      376.0     74.6     58.9     46.2 2023 10 14  8 24 30.54000092  0.0   1
     3283  -1.6403998  101.1454183    3.04129      559.0       28.6      418.3     85.2     66.9     56.5 2023 10 14 10 32 46.22999954  0.0   1
     3284  -1.6407865  101.1425863    2.85856      243.8      -14.2      235.6     54.7     29.1     26.7 2023 10 14 16 31 41.02000046  0.0   1
     3285  -1.6409018  101.1429281    3.03938      281.5      -26.9      416.4    129.1     80.8     59.1 2023 10 17  8 13 56.77000046  0.0   1
     3286  -1.6431566  101.1323893    2.75787     -890.6     -276.2      134.9     84.5     59.4     58.1 2023 10 17  9  1 32.40999985  0.0   1
     3288  -1.6460781  101.1438558    3.36655      385.0     -599.3      743.6    243.8    155.9    122.7 2023 10 18 14 21 34.95000076  0.0   1
