     2719  -1.6443835  101.1420410    3.36753      182.9     -411.9      744.6     21.2     12.2     11.6 2023  1  3  3 43 21.02000046  0.0   1
     2720  -1.6400332  101.1475505    3.50204      796.2       69.1      879.1     18.9     12.7     11.2 2023  1  3  3 52  5.73000002  0.0   1
     2721  -1.6339235  101.1421956    2.86899      200.5      744.7      246.1     41.6     23.5     14.8 2023  1  3  3 52 21.03000069  0.0   1
     2722  -1.6415127  101.1360677    2.88645     -481.7      -94.5      263.5     15.7     11.6     10.1 2023  1  3  3 52 34.75000000  0.0   1
     2723  -1.6375680  101.1481852    2.80610      866.5      341.7      183.2     20.0     24.2     14.6 2023  1  3  4  2 20.45000076  0.0   1
     2724  -1.6368972  101.1459961    2.75831      623.3      415.9      135.4     11.8     11.3      8.1 2023  1  4 20 11 39.40000153  0.0   1
     2725  -1.6415816  101.1409261    2.87271       58.8     -102.1      249.8     22.4     11.0     11.3 2023  1  4 20 16 15.53999996  0.0   1
     2726  -1.6444838  101.1358887    2.73132     -501.4     -423.0      108.4     24.4     15.2     14.8 2023  1  4 20 17  9.68000031  0.0   1
     2727  -1.6502046  101.1243001    2.05491    -1791.1    -1055.6     -568.0     43.7     34.4     51.5 2023  1  4 20 18 22.71999931  0.0   1
     2729  -1.6611726  101.1358073    2.94386     -510.5    -2268.4      320.9     34.2     14.0     16.0 2023  1 11 13 28 50.43999863  0.0   1
     2734  -1.6428843  101.1398519    3.15991      -60.9     -246.1      537.0     21.0     16.1     17.6 2023  1 20 18 30  0.36000001  0.0   1
     2735  -1.6423738  101.1291423    3.13174    -1252.3     -189.7      508.8     21.1     16.2     11.0 2023  1 20 19 10 25.45999908  0.0   1
     2736  -1.6376901  101.1450521    2.62296      517.9      328.2        0.0     15.9     12.7      8.1 2023  1 20 19 10 36.45999908  0.0   1
     2737  -1.6385156  101.1442464    2.49754      428.1      236.9     -125.4     11.5      9.7      7.5 2023  1 20 19 11 19.44000053  0.0   1
     2738  -1.6376684  101.1398682    3.19385      -59.1      330.6      570.9     21.6     16.1     12.6 2023  1 20 19 11 38.47999954  0.0   1
     2739  -1.6366367  101.1428711    2.62870      275.7      444.7        5.8     20.5     16.1     10.5 2023  1 20 19 11 46.86000061  0.0   1
     2740  -1.6375067  101.1388184    2.57331     -176.0      348.5      -49.6     28.8     13.1     11.1 2023  1 20 19 12  2.07999992  0.0   1
     2741  -1.6365687  101.1422119    3.06678      202.2      452.2      443.8     16.1     12.9      8.6 2023  1 20 19 12 14.30000019  0.0   1
     2742  -1.6422180  101.1447103    2.75863      479.8     -172.5      135.7     33.6     18.4     16.3 2023  1 20 19 12 27.89999962  0.0   1
     2743  -1.6359304  101.1444580    2.93896      451.5      522.8      316.0     12.6     14.8      9.7 2023  1 20 19 12 41.43999863  0.0   1
     2744  -1.6348911  101.1441976    3.45573      423.2      637.7      832.8     24.5     19.2     11.0 2023  1 20 19 12 45.20000076  0.0   1
     2745  -1.6380672  101.1424154    3.40326      224.3      286.5      780.3     21.8     12.3     11.7 2023  1 20 19 12 58.77999878  0.0   1
     2746  -1.6426421  101.1435710    3.44730      353.0     -219.4      824.4     27.7     14.6     16.8 2023  1 20 19 13  8.81999969  0.0   1
     2747  -1.6423059  101.1408529    2.92617       50.7     -182.2      303.2     33.3     17.5     13.0 2023  1 20 19 13 21.52000046  0.0   1
     2748  -1.6398936  101.1314290    2.76154     -997.5       84.5      138.6     13.9     12.0      8.1 2023  1 20 19 13 50.47999954  0.0   1
     2749  -1.6427076  101.1273600    2.43353    -1450.7     -226.6     -189.4     24.7     20.3     17.6 2023  1 20 19 13 59.40000153  0.0   1
     2750  -1.6438651  101.1400065    1.88340      -43.9     -354.6     -739.5     56.3     16.5     18.3 2023  1 20 19 14 14.26000023  0.0   1
     2751  -1.6384610  101.1443848    3.31910      443.4      242.9      696.2     24.5     18.4     11.2 2023  1 20 19 14 47.25999832  0.0   1
     2752  -1.6475438  101.1473551    3.26953      774.5     -761.4      646.6     24.6     17.0     16.0 2023  1 20 19 14 50.77999878  0.0   1
     2753  -1.6360589  101.1410319    3.33986       71.0      508.6      716.9     28.3     11.6     10.2 2023  1 20 19 15  4.05999994  0.0   1
     2754  -1.6375557  101.1437093    2.84692      368.6      343.1      224.0     18.8     11.3      8.8 2023  1 20 19 15 37.75999832  0.0   1
     2755  -1.6352200  101.1443359    2.64133      438.6      601.3       18.4     13.8     11.6     10.3 2023  1 20 19 15 47.91999817  0.0   1
     2756  -1.6366164  101.1459798    2.85122      620.9      446.9      228.3     17.5      9.1      8.3 2023  1 20 19 16  4.34000015  0.0   1
     2757  -1.6426872  101.1390137    3.02725     -154.2     -224.4      404.3     23.4      9.1     10.5 2023  1 20 19 16 23.39999962  0.0   1
     2758  -1.6380126  101.1472493    3.00635      762.1      292.5      383.4     18.8     12.3     10.4 2023  1 20 19 16 33.02000046  0.0   1
     2759  -1.6377739  101.1440999    2.94288      412.0      318.9      319.9     12.4     13.0      8.4 2023  1 20 19 16 54.11999893  0.0   1
     2760  -1.6359266  101.1505208    2.99178     1126.1      523.2      368.8     13.5     16.5     12.7 2023  1 20 19 17 18.65999985  0.0   1
     2761  -1.6359894  101.1451986    3.04339      534.1      516.3      420.4     13.4     11.3      9.5 2023  1 20 19 17 23.44000053  0.0   1
     2762  -1.6379782  101.1443034    2.74540      435.1      296.3      122.5     18.5      7.9     11.3 2023  1 20 19 17 53.41999817  0.0   1
     2763  -1.6385293  101.1196696    1.53623    -2306.1      235.4    -1086.7     18.8     26.6     26.3 2023  1 20 19 17 59.56000137  0.0   1
     2764  -1.6335948  101.1540934    3.02439     1524.1      781.0      401.4     19.7     27.4     16.1 2023  1 20 19 18 19.47999954  0.0   1
     2765  -1.6462926  101.1534993    4.00338     1458.2     -623.0     1380.4     29.8     22.5     17.5 2023  1 20 19 18 31.20000076  0.0   1
     2766  -1.6405309  101.1378418    2.93271     -283.9       14.1      309.8     25.0     10.4     11.1 2023  1 20 19 18 39.00000000  0.0   1
     2767  -1.6399723  101.1422689    3.12478      208.0       75.8      501.8     27.5     16.1     11.8 2023  1 20 19 20 12.10000038  0.0   1
     2768  -1.6403463  101.1390706    3.05898     -147.5       34.5      436.0     25.5     11.3     10.7 2023  1 20 19 20 39.81999969  0.0   1
     2769  -1.6424885  101.1421631    3.20888      196.5     -202.4      585.9     20.8     12.7     11.4 2023  1 20 19 21  7.40000010  0.0   1
     2770  -1.6400023  101.1424479    3.00851      228.1       72.5      385.6     28.7     12.6     11.1 2023  1 20 19 21 18.81999969  0.0   1
     2771  -1.6398387  101.1464600    2.85322      674.6       90.6      230.3     18.1     14.2     11.1 2023  1 20 19 21 59.91999817  0.0   1
     2772  -1.6430064  101.1477295    4.07276      815.8     -259.7     1449.8     23.1     15.3     17.6 2023  1 20 19 22 12.19999981  0.0   1
     2773  -1.6402515  101.1588135    2.33937     2049.7       45.0     -283.6     19.4     20.5     16.1 2023  1 20 19 22 39.93999863  0.0   1
     2774  -1.6413446  101.1383138    3.37508     -231.7      -75.9      752.1     21.8     10.1     12.1 2023  1 20 19 22 45.40000153  0.0   1
     2775  -1.6441685  101.1323893    2.83710     -891.1     -388.1      214.2     17.4     11.9      7.7 2023  1 20 19 23  1.05999994  0.0   1
     2776  -1.6465359  101.1494792    2.36819     1010.7     -649.9     -254.8     15.1     11.9     12.6 2023  1 20 19 23  6.86000013  0.0   1
     2777  -1.6403315  101.1391439    2.68066     -139.3       36.1       57.7     17.1     15.8     11.4 2023  1 20 19 24 26.95999908  0.0   1
     2778  -1.6457802  101.1288900    2.62031    -1280.3     -566.4       -2.6     40.0     22.7     32.1 2023  1 20 19 24 30.94000053  0.0   1
     2779  -1.6482942  101.1516032    2.67106     1246.5     -844.3       48.1     35.1     30.3     22.7 2023  1 20 19 24 45.20000076  0.0   1
     2780  -1.6472848  101.1434896    2.07516      343.7     -732.7     -547.8     25.9      8.4     11.5 2023  1 20 19 24 52.18000031  0.0   1
     2782  -1.6377566  101.1480062    2.63818      846.9      320.8       15.2     15.3     10.6      7.3 2023  1 20 19 25 16.07999992  0.0   1
     2783  -1.6509268  101.1255127    1.85031    -1655.9    -1135.4     -772.6     31.1     21.0     31.6 2023  1 20 19 26 19.50000000  0.0   1
     2784  -1.6336355  101.1541504    2.78303     1530.8      776.5      160.1     20.5     24.1     16.4 2023  1 20 19 26 40.24000168  0.0   1
     2785  -1.6451160  101.1484945    3.82423      901.0     -492.9     1201.3     37.2     36.0     27.6 2023  1 20 19 26 53.72000122  0.0   1
     2786  -1.6435907  101.1413411    2.65177      105.3     -324.3       28.8     24.2      9.1     12.1 2023  1 20 19 28  3.14000010  0.0   1
     2787  -1.6412544  101.1414632    2.65098      118.7      -65.9       28.0     23.4      7.4      9.3 2023  1 20 19 28 27.34000015  0.0   1
     2788  -1.6401649  101.1443359    3.01687      438.0       54.5      393.9     17.5     17.3     12.6 2023  1 20 19 28 29.31999969  0.0   1
     2789  -1.6433028  101.1330729    2.39107     -814.7     -292.4     -231.9     38.9     23.7     35.7 2023  1 20 19 28 39.91999817  0.0   1
     2790  -1.6479108  101.1389160    3.18089     -164.7     -802.0      557.9     20.7      9.5     12.2 2023  1 20 19 29 12.73999977  0.0   1
     2791  -1.6431942  101.1412842    2.94765       98.5     -280.4      324.7     16.2      8.6     10.5 2023  1 20 19 29 38.18000031  0.0   1
     2792  -1.6426468  101.1479574    2.73778      841.1     -219.9      114.8     13.9     10.9      8.5 2023  1 20 19 30 28.65999985  0.0   1
     2793  -1.6411321  101.1426270    2.77964      247.9      -52.4      156.7     17.3     12.3     10.0 2023  1 20 19 30 43.77999878  0.0   1
     2794  -1.6484767  101.1293457    2.34507    -1230.1     -864.5     -277.9     25.5     15.5     19.7 2023  1 20 19 30 58.61999893  0.0   1
     2795  -1.6326767  101.1551839    2.16264     1645.2      882.5     -460.3     16.9     45.6     18.7 2023  1 20 19 31  4.38000011  0.0   1
     2796  -1.6446744  101.1337077    2.20522     -744.0     -444.1     -417.7     27.9     15.3     10.7 2023  1 20 19 31  9.84000015  0.0   1
     2797  -1.6436480  101.1433919    3.08913      333.2     -330.6      466.2     13.2     11.1     12.1 2023  1 20 19 31 49.70000076  0.0   1
     2798  -1.6412383  101.1494222    3.14859     1004.1      -64.1      525.7     13.9     10.6      8.4 2023  1 20 19 32  3.83999991  0.0   1
     2799  -1.6427121  101.1466471    2.64839      695.8     -227.1       25.4     21.9     17.2     11.1 2023  1 20 19 32  9.02000046  0.0   1
     2800  -1.6394708  101.1401530    2.90265      -27.0      131.3      279.7     14.1      9.7      8.9 2023  1 20 19 32 20.89999962  0.0   1
     2801  -1.6417297  101.1386963    2.79401     -189.3     -118.5      171.1     22.1      9.8      7.8 2023  1 20 19 32 52.88000107  0.0   1
     2802  -1.6411657  101.1424316    2.71974      226.3      -56.1       96.8     21.3      8.2     10.4 2023  1 20 19 32 59.25999832  0.0   1
     2803  -1.6418304  101.1412435    2.92898       94.4     -129.6      306.0     19.8      9.5      8.0 2023  1 20 19 33  9.80000019  0.0   1
     2804  -1.6465068  101.1334635    2.70374     -771.6     -646.7       80.8     35.2     15.4     10.2 2023  1 20 19 33 34.56000137  0.0   1
     2805  -1.6395167  101.1525309    2.89129     1350.4      126.2      268.3     18.8     13.8     12.0 2023  1 20 19 33 48.00000000  0.0   1
     2806  -1.6449729  101.1478353    3.05857      827.9     -477.1      435.6     14.0     11.0     10.1 2023  1 20 19 33 53.97999954  0.0   1
     2807  -1.6420129  101.1437012    2.71250      367.9     -149.8       89.6     25.3     20.0     14.1 2023  1 20 19 34 15.69999981  0.0   1
     2808  -1.6430553  101.1280436    1.71071    -1374.4     -265.1     -912.2     12.7     10.9     12.6 2023  1 20 19 34 33.22000122  0.0   1
     2809  -1.6478686  101.1309652    2.47213    -1049.2     -797.3     -150.8     38.4     22.2     27.4 2023  1 20 19 34 48.20000076  0.0   1
     2810  -1.6416470  101.1410482    2.40223       72.4     -109.3     -220.7     14.8     14.8     12.0 2023  1 20 19 34 58.11999893  0.0   1
     2811  -1.6413811  101.1417887    3.40657      154.9      -79.9      783.6     32.9     22.6     15.2 2023  1 20 19 35 21.10000038  0.0   1
     2812  -1.6437770  101.1376953    2.79158     -300.4     -344.9      168.6     29.7     17.5     19.3 2023  1 20 19 35 48.25999832  0.0   1
     2813  -1.6370387  101.1449788    2.84355      510.3      400.2      220.6     16.8     12.7      9.1 2023  1 20 19 36 32.65999985  0.0   1
     2814  -1.6408179  101.1431885    3.11663      310.8      -17.7      493.7     19.8     10.1     10.7 2023  1 20 19 36 50.90000153  0.0   1
     2815  -1.6376675  101.1419027    2.91415      167.3      330.7      291.2     17.0      8.1      9.7 2023  1 20 19 43 50.43999863  0.0   1
     2816  -1.6379415  101.1427816    3.31561      265.6      300.4      692.7     19.0     11.7     10.5 2023  1 20 19 43 54.97999954  0.0   1
     2817  -1.6378198  101.1444173    3.00374      447.7      313.9      380.8     14.7     13.6      9.4 2023  1 20 19 49 56.54000092  0.0   1
     2818  -1.6392314  101.1371745    3.28270     -358.2      157.8      659.8     41.9     20.3     14.4 2023  1 20 19 53 30.76000023  0.0   1
     2819  -1.6397920  101.1397217    2.84486      -74.9       95.8      221.9     23.5     13.3     11.1 2023  1 20 19 57 15.27999973  0.0   1
     2820  -1.6395510  101.1450277    2.66734      515.1      122.4       44.4     17.1     10.1      9.3 2023  1 20 19 57 23.65999985  0.0   1
     2821  -1.6350412  101.1462646    2.98265      652.8      621.1      359.7     18.1     13.6      9.1 2023  1 20 20 23  4.65999985  0.0   1
     2822  -1.6379450  101.1423584    3.07089      218.6      300.0      447.9     22.5     11.9     10.7 2023  1 21  1 56 37.25000000  0.0   1
     2823  -1.6456085  101.1467611    2.82313      707.8     -547.4      200.2     15.9     11.8      9.1 2023  1 30 17 30  4.76000023  0.0   1
     2824  -1.6465351  101.1375895    2.81918     -312.3     -649.8      196.2     19.2     13.0     15.2 2023  1 30 17 30 40.74000168  0.0   1
     2825  -1.6470779  101.1239258    2.05218    -1832.9     -709.9     -570.8     26.1     23.1     27.2 2023  2 18 22 35 10.69999981  0.0   1
     2826  -1.6460618  101.1407064    3.07564       34.0     -597.5      452.7     41.8     11.6     17.7 2023  2 18 22 38 25.92000008  0.0   1
     2827  -1.6457829  101.1380697    2.80279     -259.0     -566.7      179.8     25.8     12.9     14.4 2023  2 18 22 38 33.40000153  0.0   1
     2828  -1.6481909  101.1305339    2.28180    -1097.1     -832.9     -341.1     35.6     19.4     18.0 2023  2 18 22 39  5.48000002  0.0   1
     2829  -1.6442125  101.1321126    2.35777     -921.7     -393.0     -265.2     17.9     12.2     13.5 2023  2 26 15 14 57.77000046  0.0   1
     2830  -1.6505967  101.1321370    2.11775     -919.6    -1098.9     -505.2     17.4      9.3     11.6 2023  2 27 22 34 11.93999958  0.0   1
     2831  -1.6431864  101.1430013    2.89441      290.0     -279.6      271.5     17.1     12.2     10.0 2023  2 27 22 34 17.97999954  0.0   1
     2832  -1.6520922  101.1328776    2.24004     -836.5    -1264.3     -382.9     23.8     11.9     13.6 2023  2 27 22 34 39.31999969  0.0   1
     2833  -1.6469704  101.1341390    2.64319     -696.8     -698.0       20.2     14.0     10.8      8.3 2023  2 27 22 34 42.22000122  0.0   1
     2834  -1.6395768  101.1411540    2.51721       84.3      119.6     -105.7     15.2     11.0      9.1 2023  3  8  4 53 44.11000061  0.0   1
     2835  -1.6440128  101.1387939    2.93592     -178.5     -370.9      313.0     25.2     12.8     11.9 2023  3 12 23 29 24.12000084  0.0   1
     2836  -1.6421758  101.1367513    3.09468     -405.6     -167.8      471.7     21.1     10.8     11.2 2023  3 19 14 58 26.79999924  0.0   1
     2837  -1.6445505  101.1442301    3.14796      426.9     -430.4      525.0     22.6     16.5     13.6 2023  3 19 14 58 27.35000038  0.0   1
     2838  -1.6434347  101.1453451    2.97553      550.2     -307.0      352.6     16.5     16.7     13.9 2023  3 19 14 58 41.38999939  0.0   1
     2839  -1.6418449  101.1407796    3.16188       42.4     -131.2      538.9     44.8     20.3     16.6 2023  3 19 14 59  5.11999989  0.0   1
     2840  -1.6419844  101.1330160    3.01688     -821.0     -146.6      393.9     14.9     11.1      8.0 2023  3 19 15  0 56.34000015  0.0   1
     2841  -1.6415274  101.1458740    3.02549      609.4      -96.1      402.6     13.7     12.5     10.1 2023  3 19 15  7 48.63000107  0.0   1
     2842  -1.6380154  101.1475098    2.93966      791.6      292.2      316.7     13.2     10.4     10.3 2023  3 19 15  8  6.13999987  0.0   1
     2843  -1.6417520  101.1458252    2.70704      604.2     -120.9       84.1     20.8      9.6     12.0 2023  3 19 15  8 45.77000046  0.0   1
     2844  -1.6418470  101.1488363    2.54037      939.1     -131.5      -82.6     17.2     15.9     14.8 2023  3 19 15 10  1.89999998  0.0   1
     2845  -1.6398922  101.1441081    3.29456      413.2       84.7      671.6     20.9     10.7     11.3 2023  3 19 15 10 17.05999947  0.0   1
     2846  -1.6475224  101.1406250    3.20272       25.4     -759.0      579.8     22.9      9.6     12.2 2023  3 19 15 10 42.45999908  0.0   1
     2847  -1.6436333  101.1508464    3.56729     1162.8     -329.0      944.4     20.0     26.6     15.1 2023  3 19 15 12  7.92000008  0.0   1
     2848  -1.6449004  101.1387370    3.19566     -184.3     -469.1      572.7     40.8     21.8     18.0 2023  3 19 15 12 41.66999817  0.0   1
     2849  -1.6440834  101.1438395    3.06473      383.2     -378.7      441.8     25.1     10.4     10.2 2023  3 19 15 13  3.02999997  0.0   1
     2850  -1.6471775  101.1410075    3.22464       67.6     -720.9      601.7     21.0     11.2     12.3 2023  3 19 15 13 29.22999954  0.0   1
     2851  -1.6481271  101.1341553    3.23380     -694.6     -825.9      610.9     34.4     27.2     23.7 2023  3 19 15 14 14.53999996  0.0   1
     2852  -1.6446027  101.1288005    2.40497    -1290.4     -436.2     -218.0     13.7     12.2      8.3 2023  3 19 15 14 23.75000000  0.0   1
     2853  -1.6443925  101.1402100    2.59826      -20.4     -412.9      -24.7     16.3      9.3      6.6 2023  3 19 15 17  0.95999998  0.0   1
     2854  -1.6445705  101.1411133    2.73863       79.8     -432.6      115.7     13.1      8.6     11.2 2023  3 19 15 17 15.43000031  0.0   1
     2855  -1.6434915  101.1406820    2.66578       31.8     -313.3       42.8     40.7     12.6     13.6 2023  3 19 15 17 23.26000023  0.0   1
     2856  -1.6457420  101.1352214    2.95653     -575.9     -562.1      333.6     29.4     11.7     10.4 2023  3 19 15 17 27.55999947  0.0   1
     2857  -1.6433448  101.1371175    2.60668     -364.6     -297.1      -16.3     20.5     10.8     11.9 2023  3 19 15 17 37.34000015  0.0   1
     2858  -1.6446770  101.1439535    2.67129      395.5     -444.4       48.3     12.8     16.7     13.1 2023  3 30 10 37 55.43000031  0.0   1
     2859  -1.6429648  101.1462891    2.77938      655.2     -255.1      156.4     12.1      9.2      8.5 2023  3 30 10 38 31.47999954  0.0   1
     2860  -1.6453672  101.1354411    2.96688     -551.3     -520.7      343.9     30.5     13.2     13.6 2023  3 30 10 38 50.88000107  0.0   1
     2861  -1.6450146  101.1428223    3.19389      269.8     -481.7      570.9     19.1      8.0     10.0 2023  3 30 10 38 55.63999939  0.0   1
     2862  -1.6434696  101.1428060    2.44717      268.2     -310.9     -175.8     13.4     11.3      9.7 2023  3 30 10 39 42.11999893  0.0   1
     2863  -1.6435740  101.1383382    3.39853     -229.3     -322.4      775.6     24.2      9.9      8.9 2023  3 30 10 39 48.84999847  0.0   1
     2864  -1.6422652  101.1431152    2.70232      302.5     -177.7       79.4     15.8     11.2     10.6 2023  3 30 10 40  7.73999977  0.0   1
     2865  -1.6422591  101.1397054    2.74719      -76.7     -177.0      124.2     35.8     14.2     12.4 2023  3 30 10 40 14.48999977  0.0   1
     2866  -1.6407369  101.1370605    2.65217     -371.2       -8.7       29.2     14.4     13.5      9.7 2023  3 30 10 40 28.92000008  0.0   1
     2867  -1.6456946  101.1392090    2.89032     -131.9     -556.9      267.4     24.9     15.9     14.0 2023  3 30 10 40 36.38999939  0.0   1
     2868  -1.6442252  101.1477132    2.47214      813.7     -394.4     -150.8     15.8     11.4     12.1 2023  3 30 10 40 42.43999863  0.0   1
     2869  -1.6546951  101.1324463    2.87985     -884.4    -1552.1      256.9     28.2     15.7     26.2 2023  3 30 10 41  9.31999969  0.0   1
     2870  -1.6409435  101.1414714    2.95817      119.7      -31.6      335.2     22.2      8.8      9.0 2023  3 30 10 41 20.13999939  0.0   1
     2871  -1.6479632  101.1357015    3.07830     -522.1     -807.7      455.4     23.8     11.3      9.3 2023  3 30 10 41 29.93000031  0.0   1
     2872  -1.6455140  101.1323324    2.29085     -897.1     -536.9     -332.1     11.6      9.7      8.4 2023  3 30 10 42  3.19000006  0.0   1
     2873  -1.6434054  101.1419434    2.69566      171.9     -303.8       72.7     16.5      9.4      7.0 2023  3 30 10 42 11.61999989  0.0   1
     2874  -1.6405198  101.1390869    3.01603     -145.7       15.3      393.1     25.8     30.3     15.8 2023  3 30 10 45 34.45999908  0.0   1
     2875  -1.6438592  101.1319906    2.97525     -935.8     -354.0      352.3     13.6      9.5      7.7 2023  3 30 10 49 11.32999992  0.0   1
     2877  -1.6432393  101.1424642    2.69207      230.2     -285.4       69.1     12.3      9.0     10.3 2023  4  4 21 16 12.35999966  0.0   1
     2878  -1.6436485  101.1394775    3.13474     -102.5     -330.7      511.8     27.5     11.8     11.0 2023  4  4 21 17 38.91999817  0.0   1
     2879  -1.6466836  101.1383870    2.36788     -223.7     -666.3     -255.1     33.8     18.5     20.1 2023  4  4 21 19 37.68000031  0.0   1
     2880  -1.6448779  101.1469076    2.74975      724.2     -466.6      126.8     21.6     18.7     12.2 2023  4  4 21 20  7.90000010  0.0   1
     2881  -1.6429784  101.1382161    2.56197     -242.3     -256.6      -61.0     28.1     12.4     11.9 2023  4  4 21 21 24.20000076  0.0   1
     2882  -1.6454707  101.1502360    2.40736     1094.9     -532.1     -215.6     14.3     13.5     11.8 2023  4  4 21 21 37.93999863  0.0   1
     2883  -1.6488993  101.1309652    2.39011    -1049.1     -911.3     -232.8     41.7     24.1     37.4 2023  4  4 21 21 52.75999832  0.0   1
     2884  -1.6494684  101.1371338    2.57102     -363.1     -974.2      -51.9     55.0     18.0     14.6 2023  4  4 21 21 54.95999908  0.0   1
     2885  -1.6436539  101.1398926    3.29194      -56.6     -331.2      669.0     17.6      9.1     11.0 2023  4  4 21 22  3.64000010  0.0   1
     2886  -1.6462986  101.1395671    2.74075      -92.4     -623.7      117.8     18.9     13.9     11.5 2023  4  7  6 28 12.28999996  0.0   1
     2889  -1.6008636  101.1214437    1.90703    -2109.2     4400.2     -715.9     66.5     57.1     49.8 2023  4 14  5 51 20.79999924  0.0   1
     2890  -1.6050760  101.1198324    2.12315    -2288.5     3934.5     -499.8     63.7     66.7     46.3 2023  4 14  5 51 25.79999924  0.0   1
     2893  -1.6396230  101.1424235    2.89073      225.7      114.5      267.8     24.9     10.5     11.6 2023  5 15 17 26 39.81999969  0.0   1
     2894  -1.6395259  101.1483398    2.89510      884.0      125.2      272.2     12.2      9.4      8.0 2023  5 15 17 32 30.39999962  0.0   1
     2895  -1.6481758  101.1397054    2.76579      -77.0     -831.2      142.8     17.4     16.5     14.7 2023  5 19 22 49 48.45999908  0.0   1
     2896  -1.6431137  101.1435547    3.07111      351.1     -271.5      448.2     72.1     24.5     16.1 2023  5 19 22 54 49.02000046  0.0   1
     2897  -1.6410170  101.1403158    2.93492       -8.9      -39.7      312.0     16.9     12.3      9.7 2023  5 19 22 54 53.54000092  0.0   1
     2901  -1.6437014  101.1324219    2.85637     -887.8     -336.5      233.4     29.6     17.9     13.5 2023  5 27 15 42  8.60000038  0.0   1
     2903  -1.6325254  101.1270020    2.03133    -1490.3      899.3     -591.6     30.5     30.9     20.8 2023  5 28 18 49 16.21999931  0.0   1
     2905  -1.6484489  101.1229004    2.49652    -1946.7     -861.5     -126.4     28.3     25.6     24.3 2023  6  6  1 40 44.04000092  0.0   1
     2906  -1.6419169  101.1308268    2.15066    -1065.1     -139.2     -472.3     11.1      8.8      8.5 2023  6  6  1 42 24.76000023  0.0   1
     2907  -1.6449163  101.1319336    2.79342     -941.9     -470.8      170.5     17.5     10.4      7.9 2023  6  6  1 48 22.26000023  0.0   1
     2908  -1.6418145  101.1433512    2.89619      329.1     -127.9      273.2     22.2     12.6     10.5 2023  6  6  1 48 43.06999969  0.0   1
     2909  -1.6451932  101.1465007    2.99586      678.9     -501.5      372.9     17.6      8.5     10.0 2023  6  6  1 51 12.57999992  0.0   1
     2910  -1.6463353  101.1444092    3.28467      446.5     -627.7      661.7     32.7      9.7     11.8 2023  6  6  1 51 15.86999989  0.0   1
     2911  -1.6455770  101.1380941    3.02835     -256.4     -543.9      405.4     23.1     17.4     16.3 2023  6  6  1 51 30.25000000  0.0   1
     2912  -1.6462766  101.1433594    3.37077      329.5     -621.2      747.8     24.4     11.0     12.0 2023  6  6  1 52 19.11000061  0.0   1
     2913  -1.6444818  101.1387451    3.15467     -183.9     -422.8      531.7     14.6     12.8     10.2 2023  6  6  1 52 40.33000183  0.0   1
     2914  -1.6434144  101.1420817    3.50292      187.5     -304.8      880.0     30.1     21.2     17.2 2023  6  6  1 52 50.29999924  0.0   1
     2915  -1.6474705  101.1324788    3.04770     -881.1     -753.3      424.8     13.8      9.6      9.5 2023  6  6  1 53 28.01000023  0.0   1
     2916  -1.6500493  101.1425944    2.96970      244.7    -1038.4      346.8     40.4     21.5     23.0 2023  6  6  1 54  5.28999996  0.0   1
     2917  -1.6468702  101.1423258    2.84149      214.2     -686.9      218.5     18.3     10.4     10.9 2023  6  6  1 54 28.88999939  0.0   1
     2918  -1.6436035  101.1265299    3.10419    -1542.9     -325.7      481.2     23.0     18.4     17.3 2023  6  6  1 54 37.52999878  0.0   1
     2919  -1.6452894  101.1546061    3.13162     1581.1     -512.1      508.7     21.4     14.9     12.3 2023  6  6  1 54 44.18999863  0.0   1
     2921  -1.6466825  101.1229736    1.49491    -1939.1     -666.1    -1128.0     20.9     19.5     23.8 2023  6  6  1 55 12.25000000  0.0   1
     2922  -1.6430459  101.1349365    3.15639     -607.4     -264.0      533.4     28.9     14.3     14.6 2023  6  6  1 55 25.79999924  0.0   1
     2923  -1.6461147  101.1384359    2.76183     -218.6     -603.4      138.9     19.9      8.8      8.6 2023  6  6  1 55 44.54999924  0.0   1
     2924  -1.6437560  101.1367188    3.20576     -409.7     -342.5      582.8     15.5     10.4     10.6 2023  6  6  1 55 52.50999832  0.0   1
     2925  -1.6399817  101.1393148    3.09043     -120.4       74.8      467.5     30.0     15.9     13.7 2023  6  6  1 56  1.14999998  0.0   1
     2926  -1.6460098  101.1465169    3.67327      681.0     -591.8     1050.3     17.7     21.5     14.3 2023  6  6  1 56  8.31999969  0.0   1
     2927  -1.6505878  101.1217367    0.67670    -2076.4    -1098.0    -1946.2     27.6     25.8     49.3 2023  6  6  1 56 16.76000023  0.0   1
     2928  -1.6433557  101.1409342    2.99562       59.4     -298.3      372.7     36.2     10.8     11.6 2023  6  6  1 56 29.04999924  0.0   1
     2929  -1.6488647  101.1224365    1.81701    -1998.9     -907.4     -805.9     24.5     22.8     30.0 2023  6  6  1 56 36.79000092  0.0   1
     2930  -1.6406453  101.1425212    3.02065      236.3        1.4      397.7     20.4      8.1      9.8 2023  6  6  1 57 14.22000027  0.0   1
     2931  -1.6416251  101.1371582    2.84005     -360.8     -106.9      217.1     28.5     12.0      8.1 2023  6  6  1 57 25.55999947  0.0   1
     2932  -1.6386745  101.1447266    2.62068      481.4      219.3       -2.3     25.3     16.2     10.8 2023  6  6  1 57 28.88999939  0.0   1
     2933  -1.6403685  101.1383789    2.55849     -224.2       32.0      -64.5     16.6     11.4     10.7 2023  6  6  1 57 37.61999893  0.0   1
     2934  -1.6437698  101.1391276    3.58246     -141.6     -344.1      959.5     37.0     16.8     13.7 2023  6  6  1 57 45.38000107  0.0   1
     2935  -1.6368655  101.1353678    3.00008     -559.4      419.4      377.1     46.5     33.9     21.2 2023  6  6  1 58  3.48000002  0.0   1
     2936  -1.6448340  101.1343018    3.15760     -678.3     -461.7      534.7     31.7     16.1      9.8 2023  6  6  1 58 51.29000092  0.0   1
     2937  -1.6519309  101.1455811    2.35017      576.5    -1246.5     -272.8     23.2     20.7     29.9 2023  6  6  1 59  4.92000008  0.0   1
     2938  -1.6476164  101.1223877    2.04566    -2004.1     -769.4     -577.3     48.6     48.9     57.3 2023  6  6  2  0 18.29000092  0.0   1
     2939  -1.6400588  101.1426351    2.92769      249.0       66.3      304.8     33.5     15.2     18.7 2023  6  6  2  0 50.33000183  0.0   1
     2940  -1.6435294  101.1403239    2.96734       -8.1     -317.5      344.4     27.6     10.3      9.6 2023  6  6  2  1 17.14999962  0.0   1
     2941  -1.6446440  101.1414144    2.95631      112.9     -440.7      333.4     35.3      9.5     12.8 2023  6  6  2  1 29.55999947  0.0   1
     2942  -1.6415548  101.1433105    2.84778      324.1      -99.1      224.8     26.2     10.7     10.2 2023  6  6  2  1 36.97999954  0.0   1
     2943  -1.6394477  101.1482666    2.12797      875.3      133.8     -495.0     21.6     20.5     15.3 2023  6  6  2  1 54.45999908  0.0   1
     2944  -1.6401398  101.1370768    2.95439     -369.5       57.3      331.4     35.1     14.9     12.5 2023  6  6  2  2 19.39999962  0.0   1
     2945  -1.6464784  101.1366618    2.48514     -415.9     -643.6     -137.8     30.0     28.2     23.1 2023  6  6  2  3 32.54000092  0.0   1
     2946  -1.6476330  101.1438151    2.93872      380.6     -771.2      315.8     17.5     12.5      9.6 2023  6  6  2  5 16.29999924  0.0   1
     2947  -1.6322039  101.1438639    2.60563      385.5      934.8      -17.3     35.1     26.8     15.3 2023  6  6  2 11 56.61000061  0.0   1
     2948  -1.6410503  101.1396566    3.04712      -82.3      -43.4      424.2     23.5     13.0     12.3 2023  6  6  2 57 14.14999962  0.0   1
     2949  -1.6410194  101.1432454    2.97732      316.9      -39.9      354.4     12.6     11.2      8.6 2023  6  6  2 57 29.37000084  0.0   1
     2950  -1.6402292  101.1507975    2.85369     1156.9       47.4      230.8     19.7     11.7     11.7 2023  6  6  2 57 54.09999847  0.0   1
     2951  -1.6356541  101.1468750    1.86075      721.2      553.3     -762.2     22.3     28.4     14.2 2023  6  6  2 58  2.06999993  0.0   1
     2952  -1.6404552  101.1524821    1.94297     1344.5       22.4     -680.0     17.2     14.8     17.3 2023  6  6  2 58 17.95000076  0.0   1
     2953  -1.6460569  101.1446940    2.55913      478.6     -597.0      -63.8     38.4     14.4     14.8 2023  6  6  2 58 41.36999893  0.0   1
     2954  -1.6439648  101.1471517    2.67867      751.5     -365.6       55.7     16.8      8.5      8.4 2023  6  6  2 59 47.00999832  0.0   1
     2955  -1.6429104  101.1365479    3.16573     -428.4     -249.0      542.8     41.0     27.5     31.6 2023  6  6 22 40 15.80000019  0.0   1
     2962  -1.6424117  101.1395264    2.50189      -97.0     -193.9     -121.1     27.6      8.7      8.3 2023  7  4 19 19 48.45999908  0.0   1
     2967  -1.6426923  101.1104492    2.67236    -3332.2     -224.9       49.4     41.5     32.4     38.5 2023  7 14 23 38 10.26000023  0.0   1
     2968  -1.6419945  101.1373942    2.76731     -334.2     -147.8      144.4     31.8     10.9     17.0 2023  7 15  2  2 49.29000092  0.0   1
     2969  -1.6419331  101.1346924    2.75052     -634.5     -141.0      127.6     28.1     11.5     11.9 2023  7 15  2  5 39.86000061  0.0   1
     2972  -1.6390193  101.1347249    2.68354     -631.4      181.2       60.6     13.9      9.9      5.9 2023  7 15  9 27  6.65999985  0.0   1
     2973  -1.6406316  101.1430664    2.70852      296.6        2.9       85.6     14.5     16.0     11.2 2023  7 15  9 29 55.13999939  0.0   1
     2974  -1.6419017  101.1429199    2.59778      280.7     -137.5      -25.2      9.8     12.7     10.6 2023  7 15  9 30  2.75999999  0.0   1
     2975  -1.6417945  101.1406982    2.72386       33.9     -125.6      100.9     19.6      9.4      8.4 2023  7 15  9 30 27.43000031  0.0   1
     2976  -1.6410468  101.1396647    2.48487      -81.4      -43.0     -138.1     23.6     10.4      8.9 2023  7 15  9 31 39.70999908  0.0   1
     2977  -1.6348111  101.1186849    1.80958    -2415.6      646.5     -813.4     35.9     34.7     36.5 2023  7 17 15  4 33.40000153  0.0   1
     2978  -1.6378010  101.1428711    2.63223      275.2      315.9        9.3     24.4     10.7     11.0 2023  7 19  2  5 31.29000092  0.0   1
     2979  -1.6387510  101.1438639    3.23026      386.2      210.9      607.3     21.8     13.3     13.8 2023  7 19  2 18 47.72999954  0.0   1
     2980  -1.6443768  101.1371663    3.13157     -359.1     -411.2      508.6     23.3      9.6      9.6 2023  7 19  2 21  5.59999990  0.0   1
     2981  -1.6358785  101.1570882    2.68450     1857.5      528.5       61.6     12.4     23.0     10.1 2023  7 19  2 21  8.77999973  0.0   1
     2982  -1.6390012  101.1419596    3.13473      173.9      183.2      511.8     29.0     17.8     12.7 2023  7 19  2 59 40.54000092  0.0   1
     2983  -1.6384096  101.1422526    2.82300      206.0      248.6      200.1     17.1      9.7      8.2 2023  7 19  3  0  3.86999989  0.0   1
     2984  -1.6383589  101.1444580    2.47248      451.7      254.2     -150.5     25.0     20.8     12.8 2023  7 19  3  0 15.28999996  0.0   1
     2985  -1.6367320  101.1437337    2.56938      371.0      434.1      -53.6     17.9     13.6     12.5 2023  7 19  3  0 25.79000092  0.0   1
     2986  -1.6408933  101.1397217    3.16671      -75.4      -26.0      543.8     27.3     10.8     10.9 2023  7 19  3  1  0.31999999  0.0   1
     2987  -1.6448686  101.1432292    2.74922      315.5     -465.6      126.3     19.0     11.0      9.5 2023  7 19  3  1 12.77000046  0.0   1
     2988  -1.6402206  101.1425944    2.53417      244.2       48.4      -88.8     20.5     10.2     11.4 2023  7 19  3  1 20.85000038  0.0   1
     2989  -1.6384897  101.1333984    3.02412     -778.8      239.8      401.2     15.1     12.2      7.7 2023  7 19  3  1 31.04999924  0.0   1
     2990  -1.6417000  101.1449300    2.82632      504.4     -115.2      203.4     17.4     16.4     13.4 2023  7 19  3  1 58.95000076  0.0   1
     2991  -1.6404368  101.1421224    3.26441      191.8       24.5      641.5     20.5     15.6     13.6 2023  7 19  3  2 24.22999954  0.0   1
     2992  -1.6401637  101.1365967    2.83753     -423.2       54.7      214.6     21.3     19.5     13.9 2023  7 19  3  2 31.32999992  0.0   1
     2994  -1.6438675  101.1519938    2.72846     1290.6     -354.9      105.5     14.4     19.5     12.9 2023  7 19  3  3  5.17000008  0.0   1
     2995  -1.6425996  101.1408285    2.75872       47.8     -214.7      135.8     29.0     10.0      9.4 2023  7 19  3  3 49.45000076  0.0   1
     2996  -1.6369339  101.1446370    2.87326      472.0      411.8      250.3     15.2     12.1      7.4 2023  7 19  3  4 25.73999977  0.0   1
     2997  -1.6364206  101.1371419    2.73022     -362.3      468.6      107.3     19.5     14.1      8.0 2023  7 19  3  4 42.90000153  0.0   1
     2998  -1.6383250  101.1373861    3.04646     -334.6      258.0      423.5     22.4     11.2      9.9 2023  7 19  3  4 47.33000183  0.0   1
     2999  -1.6373772  101.1351969    3.28285     -579.0      362.8      659.9     45.0     28.9     19.4 2023  7 19  3  5 55.38999939  0.0   1
     3000  -1.6392218  101.1460775    2.65816      631.8      158.8       35.2     15.2     14.2     11.8 2023  7 19  3  6 34.20999908  0.0   1
     3001  -1.6390341  101.1426676    2.68510      253.0      179.6       62.2     11.2     10.1     10.0 2023  7 19  3  7 18.03000069  0.0   1
     3002  -1.6453754  101.1403320    2.68251       -7.1     -521.6       59.6     23.8     11.4     12.2 2023  7 19  3  7 20.17000008  0.0   1
     3003  -1.6363373  101.1498617    3.04427     1052.9      477.8      421.3     21.4     13.9      9.5 2023  7 19  3  8 37.70999908  0.0   1
     3004  -1.6397823  101.1428467    2.98123      272.2       96.8      358.3     16.1      9.0      9.3 2023  7 19  3 10 29.87999916  0.0   1
     3005  -1.6382195  101.1438558    2.68663      384.7      269.7       63.7     11.3     11.1      9.0 2023  7 19  3 11  7.88000011  0.0   1
     3006  -1.6375743  101.1363118    2.84504     -454.2      341.0      222.1     18.8     14.0      8.5 2023  7 19  3 12 10.78999996  0.0   1
     3007  -1.6414488  101.1518066    2.95993     1269.5      -87.4      337.0     11.8     13.3     11.3 2023  7 19  3 14 29.62999916  0.0   1
     3008  -1.6394641  101.1470052    2.21645      735.4      132.0     -406.5     12.8     10.7     10.6 2023  7 19  3 14 38.36000061  0.0   1
     3009  -1.6410632  101.1393636    2.36961     -114.8      -44.8     -253.3     18.6     15.1     11.1 2023  7 19  3 17 13.86999989  0.0   1
     3010  -1.6410592  101.1438558    2.80160      384.7      -44.3      178.7     18.4     17.3     10.7 2023  7 19  3 22  8.31999969  0.0   1
     3011  -1.6379683  101.1426188    2.73402      246.8      297.4      111.1     13.7     15.8      9.6 2023  7 19  3 23  0.50000000  0.0   1
     3012  -1.6400585  101.1437826    2.47123      376.3       66.3     -151.7      8.8      9.8     10.5 2023  7 19  3 23 19.36000061  0.0   1
     3013  -1.6415213  101.1399821    2.67659      -46.6      -95.4       53.6     15.7      8.5     10.2 2023  7 19  3 23 22.77000046  0.0   1
     3014  -1.6384810  101.1406494    2.84895       28.1      240.7      226.0     18.4     10.5      7.7 2023  7 19  3 23 38.40000153  0.0   1
     3015  -1.6393164  101.1420166    2.55611      180.2      148.4      -66.8     16.3      9.6     10.1 2023  7 19  3 24  8.73999977  0.0   1
     3016  -1.6389348  101.1397786    2.58005      -68.8      190.6      -42.9     20.7     11.7     10.9 2023  7 19  3 24 11.84000015  0.0   1
     3017  -1.6429352  101.1424316    2.94615      226.2     -251.8      323.2     24.3     10.9      8.1 2023  7 19  3 24 18.10000038  0.0   1
     3018  -1.6379800  101.1408854    2.54061       54.1      296.1      -82.3     17.2     14.7     11.1 2023  7 19  3 26 25.94000053  0.0   1
     3019  -1.6426673  101.1347575    2.80290     -627.4     -222.2      180.0     24.6     17.0     15.8 2023  7 19  3 26 54.45000076  0.0   1
     3020  -1.6403227  101.1426514    2.90188      250.4       37.1      278.9     28.3     23.3     14.0 2023  7 19  3 28  6.32000017  0.0   1
     3021  -1.6354238  101.1406738    2.98459       30.9      578.8      361.6     17.6     18.4     11.1 2023  7 19  3 28 11.30000019  0.0   1
     3022  -1.6402743  101.1552734    2.64195     1655.1       42.4       19.0     11.9     14.7     12.9 2023  7 19  3 29  4.26999998  0.0   1
     3023  -1.6461178  101.1333984    2.49910     -778.8     -603.7     -123.8     15.0     10.2     10.9 2023  7 19  3 30 50.99000168  0.0   1
     3024  -1.6476831  101.1373617    2.50378     -337.7     -776.8     -119.2     17.9     12.7      9.1 2023  7 19  3 37 19.65999985  0.0   1
     3025  -1.6434045  101.1410156    2.84640       68.5     -303.7      223.5     22.4      9.5      9.9 2023  7 19  3 39 24.28000069  0.0   1
     3026  -1.6446987  101.1279867    2.48401    -1380.8     -446.8     -138.9     26.5     24.2     17.6 2023  7 19  3 48 22.11000061  0.0   1
     3027  -1.6396501  101.1372152    3.09133     -353.8      111.5      468.4     29.2     12.5     12.4 2023  7 19 19  1 51.08000183  0.0   1
     3028  -1.6434408  101.1330811    2.53231     -813.7     -307.7      -90.6     32.2     12.6     12.8 2023  7 20  1 15 46.22999954  0.0   1
     3029  -1.6414239  101.1317464    2.26178     -962.6      -84.7     -361.2     19.3     14.0     12.7 2023  7 20  1 16 25.07999992  0.0   1
     3030  -1.6386232  101.1242025    2.96153    -1801.9      225.0      338.6     34.9     31.8     26.6 2023  7 20  1 18 27.22999954  0.0   1
     3031  -1.6432357  101.1406576    2.47777       28.6     -285.0     -145.2     14.0      8.0     11.2 2023  7 20 16 59 18.79999924  0.0   1
     3032  -1.6400246  101.1376709    2.66763     -303.5       70.1       44.7     30.7     13.0      9.9 2023  7 21  6 50 53.00999832  0.0   1
     3033  -1.6528945  101.1322266    2.17948     -909.5    -1353.0     -443.5     35.5      9.7     13.4 2023  7 21 12 31 45.83000183  0.0   1
     3034  -1.6458421  101.1348551    2.64585     -616.5     -573.2       22.9     28.5     10.8     12.6 2023  7 23  3 56 19.47999954  0.0   1
     3037  -1.6409234  101.1410726    1.54058       74.8      -29.3    -1082.4     42.9     20.4     26.1 2023  7 31 23 41 35.38000107  0.0   1
     3042  -1.6429228  101.1432292    3.37299      315.1     -250.4      750.0     21.3     14.3     12.2 2023  8 25 22  0  2.96000004  0.0   1
     3043  -1.6403895  101.1437581    2.95651      373.6       29.7      333.6     26.3      9.3     11.0 2023  8 25 22  1 20.63999939  0.0   1
     3044  -1.6535007  101.1318848    2.29606     -947.3    -1420.1     -326.9     21.4     10.8     18.4 2023  8 25 22  1 29.57999992  0.0   1
     3045  -1.6388813  101.1420003    2.51096      178.1      196.5     -112.0     30.1     10.6     10.0 2023  8 25 22  1 39.70000076  0.0   1
     3046  -1.6388653  101.1390218    2.80282     -153.4      198.2      179.9     51.3     16.3     10.4 2023  8 25 22  2 23.94000053  0.0   1
     3047  -1.6407997  101.1424398    2.78690      226.9      -15.6      164.0     18.3     10.8      8.0 2023  8 25 22  2 28.13999939  0.0   1
     3048  -1.6411078  101.1477539    2.67515      818.3      -49.7       52.2     22.2     17.0     14.4 2023  8 25 22  2 42.25999832  0.0   1
     3049  -1.6435731  101.1360840    2.54714     -480.1     -322.3      -75.8     34.9     19.2     17.0 2023  8 25 22  2 51.50000000  0.0   1
     3050  -1.6406066  101.1427002    2.88520      255.9        5.7      262.3     22.3     10.0      8.5 2023  8 25 22  2 58.43999863  0.0   1
     3051  -1.6393767  101.1496175    1.83784     1026.1      141.7     -785.1     26.3     17.8     16.1 2023  8 25 22  3 19.87999916  0.0   1
     3052  -1.6391844  101.1386230    2.68435     -197.5      163.0       61.4     26.1     11.7      8.4 2023  8 25 22  3 24.92000008  0.0   1
     3054  -1.6453925  101.1445557    2.61215      462.5     -523.5      -10.8     36.4     15.4     20.0 2023  8 25 22  3 32.50000000  0.0   1
     3055  -1.6437585  101.1391113    3.11526     -143.3     -342.8      492.3     29.5     12.7     11.5 2023  8 25 22  3 45.52000046  0.0   1
     3056  -1.6484306  101.1246826    2.09776    -1748.3     -859.4     -525.2     19.2     18.6     16.5 2023  8 25 22  4 22.10000038  0.0   1
     3057  -1.6445648  101.1468343    3.24509      716.4     -432.0      622.1     15.9     10.4     11.0 2023  8 25 22  4 39.36000061  0.0   1
     3058  -1.6429910  101.1384440    3.21300     -217.0     -258.0      590.1     25.7      9.4     12.3 2023  8 25 22  4 42.74000168  0.0   1
     3059  -1.6393110  101.1513265    2.49095     1215.7      149.0     -132.0     14.5     12.6     10.4 2023  8 25 22  5 22.65999985  0.0   1
     3060  -1.6358220  101.1572591    2.45561     1876.6      534.8     -167.3     27.3     18.3     22.7 2023  8 25 22  5 45.79999924  0.0   1
     3061  -1.6404518  101.1314209    2.97410     -998.5       22.8      351.2     35.1     17.0     29.4 2023  8 25 22  7 34.09999847  0.0   1
     3062  -1.6415468  101.1423747    2.79108      219.6      -98.3      168.1     20.0     12.5     13.3 2023  8 25 22  9 17.42000008  0.0   1
     3063  -1.6438194  101.1431478    2.59161      305.7     -349.5      -31.3     13.9     12.1     12.0 2023  8 25 22  9 21.89999962  0.0   1
     3064  -1.6389895  101.1400065    3.25552      -43.6      184.5      632.6     32.3     15.0     10.2 2023  8 25 22  9 33.65999985  0.0   1
     3065  -1.6299198  101.1686279    1.16768     3141.2     1187.4    -1455.3     42.6     53.9     69.0 2023  8 25 22  9 50.97999954  0.0   1
     3066  -1.6447867  101.1529297    2.44202     1395.0     -456.5     -180.9     21.9     15.7     13.8 2023  8 25 22 11 54.90000153  0.0   1
     3067  -1.6387319  101.1567301    2.98390     1817.4      213.0      361.0     40.0     27.3     28.3 2023  8 25 22 12 15.19999981  0.0   1
     3068  -1.6421388  101.1562988    2.28710     1769.1     -163.7     -335.8     29.8     18.2     26.2 2023  8 25 22 14 11.64000034  0.0   1
     3069  -1.6423782  101.1422526    2.50690      206.7     -190.2     -116.0     30.7     24.2     16.9 2023  8 28 21 39 39.09999847  0.0   1
     3070  -1.6473357  101.1261800    2.38013    -1581.8     -738.4     -242.8     19.0     12.2     16.5 2023  8 28 22  8 57.27999878  0.0   1
     3071  -1.6370407  101.1398437    2.62516      -61.8      400.0        2.2     20.4     16.7     12.3 2023  8 29 14 22 51.02999878  0.0   1
     3072  -1.6415521  101.1365316    2.96361     -429.8      -98.8      340.7     33.5     15.2     10.9 2023  8 29 18 13 50.74000168  0.0   1
     3074  -1.6444324  101.1463623    2.74637      663.5     -417.3      123.4     25.0     14.5     15.3 2023  8 30  1 31 17.67000008  0.0   1
     3075  -1.6439034  101.1326090    1.88770     -866.7     -358.8     -735.2     32.7     12.5     25.7 2023  8 30  5 46 14.44999981  0.0   1
     3076  -1.6386328  101.1447510    2.31544      484.9      223.9     -307.5     23.7     14.6     14.3 2023  8 30  5 46 27.07999992  0.0   1
     3077  -1.6421850  101.1450277    2.58124      515.5     -168.8      -41.7     13.3      8.7      9.1 2023  8 30  5 47  3.69000006  0.0   1
     3078  -1.6441727  101.1318278    2.59584     -953.3     -388.6      -27.1     32.3     20.9     16.2 2023  8 30  5 47  5.53999996  0.0   1
     3079  -1.6420615  101.1435872    2.57167      355.0     -155.2      -51.3     35.2     10.7     11.1 2023  8 30  5 47 14.06000042  0.0   1
     3080  -1.6442944  101.1523031    2.49395     1325.0     -402.1     -129.0     15.0     10.3     17.1 2023  8 30  5 47 22.72999954  0.0   1
     3081  -1.6407303  101.1444661    2.15859      452.7       -8.0     -464.4     30.2     17.5     15.3 2023  8 30  5 47 28.44000053  0.0   1
     3082  -1.6444394  101.1609049    0.76652     2282.4     -418.1    -1856.4     18.5     20.8     37.9 2023  8 30  5 47 37.99000168  0.0   1
     3083  -1.6431146  101.1301432    1.07482    -1141.1     -271.6    -1548.1     19.5     17.4     24.8 2023  8 30  5 47 51.20000076  0.0   1
     3084  -1.6444651  101.1432780    2.69578      320.3     -420.9       72.8     24.3     15.8     15.2 2023  8 30  5 50 22.00000000  0.0   1
     3085  -1.6412126  101.1401774    2.29329      -24.7      -61.3     -329.6     22.2     11.0     12.5 2023  8 30  5 50 28.25000000  0.0   1
     3086  -1.6459206  101.1552979    3.34943     1658.5     -581.9      726.5     25.5     16.9     15.6 2023  8 30 14 17 58.83000183  0.0   1
     3087  -1.6386739  101.1514567    2.73698     1230.8      219.4      114.0     14.1     13.0      8.7 2023  8 30 14 22 58.09000015  0.0   1
     3088  -1.6439840  101.1358398    2.03625     -507.5     -367.7     -586.7     39.3     14.2     14.3 2023  8 30 14 35 52.65000153  0.0   1
     3094  -1.6415136  101.1385091    2.51009     -210.4      -94.6     -112.8     24.6     10.9      7.0 2023  9 13 15 18 58.20999908  0.0   1
     3095  -1.6414735  101.1465332    2.44659      682.8      -90.2     -176.3     13.1     12.5     10.5 2023  9 14 16  1  7.05999994  0.0   1
     3096  -1.6408644  101.1542480    2.51241     1540.8      -22.8     -110.5     13.6     12.1     14.0 2023  9 14 16  1 16.52000046  0.0   1
     3097  -1.6448724  101.1411784    2.85091       86.9     -466.0      228.0     22.5     13.6     10.9 2023  9 14 16  1 24.82999992  0.0   1
     3098  -1.6537493  101.1358317    2.69659     -507.8    -1447.5       73.6     26.4     15.3     11.9 2023  9 14 16  3 59.18000031  0.0   1
     3099  -1.6422147  101.1417887    2.59963      154.4     -172.1      -23.3     23.4      8.4     10.8 2023  9 14 16  4  8.14000034  0.0   1
     3100  -1.6419490  101.1392008    3.29512     -132.7     -142.7      672.2     55.6     24.6     18.7 2023  9 14 16  7 36.65999985  0.0   1
     3101  -1.6420511  101.1416341    2.60721      137.4     -154.0      -15.7     19.0      9.8      9.8 2023  9 14 16  7 43.02999878  0.0   1
     3102  -1.6449056  101.1265299    1.47749    -1542.9     -469.7    -1145.5     22.1     17.2     21.1 2023  9 14 16 10 57.36000061  0.0   1
     3103  -1.6454521  101.1395996    2.82873      -88.8     -530.1      205.8     54.6     18.8     19.7 2023  9 14 16 11 12.31000042  0.0   1
     3104  -1.6473682  101.1527100    2.51394     1370.2     -742.0     -109.0     26.4     14.1     15.9 2023  9 14 16 11 17.97999954  0.0   1
     3105  -1.6423758  101.1403239    2.69473       -7.8     -189.9       71.8     14.9     11.6     10.1 2023  9 14 16 23 25.43000031  0.0   1
     3106  -1.6444267  101.1416504    2.79986      139.9     -416.7      176.9     29.2     10.6     12.8 2023  9 14 16 23 33.90000153  0.0   1
     3107  -1.6449287  101.1403971    2.69795        0.4     -472.2       75.0     18.5     12.8     12.9 2023  9 14 16 23 52.75999832  0.0   1
     3108  -1.6453412  101.1353923    2.81619     -557.3     -517.8      193.2     23.1     10.6     11.1 2023  9 14 16 23 59.08000183  0.0   1
     3109  -1.6449141  101.1425781    3.01877      243.1     -470.6      395.8     24.5     12.3     10.7 2023  9 14 16 24  4.69000006  0.0   1
     3110  -1.6415695  101.1404053    2.45588        1.2     -100.8     -167.1     12.5      8.9      8.6 2023  9 14 16 24 13.52000046  0.0   1
     3111  -1.6409658  101.1424723    2.52471      231.0      -34.0      -98.2     15.9      9.8     10.1 2023  9 14 16 24 25.40999985  0.0   1
     3112  -1.6448509  101.1423584    2.58948      218.1     -463.6      -33.5     49.4     13.3     14.5 2023  9 14 16 24 54.75000000  0.0   1
     3113  -1.6448568  101.1390218    2.76281     -153.1     -464.3      139.9     28.4     11.4     11.5 2023  9 14 16 24 59.38000107  0.0   1
     3114  -1.6431543  101.1395833    2.31840      -90.7     -276.0     -304.5     24.2     11.2     10.8 2023  9 14 16 25  6.48000002  0.0   1
     3115  -1.6395222  101.1463053    2.38845      657.0      125.6     -234.5     11.1      9.2     10.7 2023  9 14 16 25 25.75000000  0.0   1
     3116  -1.6433598  101.1454671    2.44097      563.9     -298.7     -182.0     15.4     11.8     10.9 2023  9 14 16 25 28.45000076  0.0   1
     3117  -1.6450212  101.1220866    2.00650    -2037.6     -482.4     -616.4     23.7     29.0     29.0 2023  9 14 16 25 34.34999847  0.0   1
     3118  -1.6472059  101.1286377    0.99602    -1308.9     -724.0    -1625.9     29.7     22.1     33.0 2023  9 14 16 25 42.66999817  0.0   1
     3119  -1.6434992  101.1395833    2.30428      -90.9     -314.1     -318.7     27.9     12.0     10.0 2023  9 14 16 25 48.11999893  0.0   1
     3120  -1.6395513  101.1373372    2.25565     -340.6      122.4     -367.3     19.1      9.0      7.4 2023  9 14 16 25 56.81999969  0.0   1
     3121  -1.6372275  101.1438558    2.57454      385.1      379.3      -48.4     12.0     11.8     11.1 2023  9 14 16 26  2.75999999  0.0   1
     3122  -1.6388596  101.1416667    2.69735      141.1      198.9       74.4     18.7     14.8     10.6 2023  9 14 16 26 23.64999962  0.0   1
     3123  -1.6404999  101.1488851    3.14934      944.1       17.5      526.4     16.3     14.3     14.3 2023  9 14 16 26 34.95999908  0.0   1
     3124  -1.6413226  101.1429850    2.90006      288.3      -73.5      277.1     14.7      9.5     10.6 2023  9 14 16 26 48.50000000  0.0   1
     3125  -1.6455306  101.1369466    1.86656     -384.0     -538.8     -756.4     48.2     14.0     19.2 2023  9 14 16 27  6.15000010  0.0   1
     3126  -1.6437332  101.1434733    2.45082      342.7     -340.0     -172.1     38.2     10.8     11.9 2023  9 14 16 27 14.25000000  0.0   1
     3127  -1.6381950  101.1437256    2.35466      370.2      272.4     -268.3     13.1     11.1     12.0 2023  9 14 16 27 17.69000053  0.0   1
     3128  -1.6384211  101.1458659    2.15100      608.3      247.4     -471.9     13.5     14.7     15.4 2023  9 14 16 27 22.95999908  0.0   1
     3129  -1.6366386  101.1460449    2.43579      628.5      444.5     -187.2     21.8     11.5     11.1 2023  9 14 16 27 30.12000084  0.0   1
     3130  -1.6376181  101.1405762    2.97847       20.1      336.2      355.5     22.8     11.6     10.0 2023  9 14 16 27 36.08000183  0.0   1
     3131  -1.6366706  101.1507894    2.33433     1156.5      440.9     -288.6      8.9     11.2     11.2 2023  9 14 16 28  5.15999985  0.0   1
     3132  -1.6422689  101.1455892    2.43486      577.6     -178.1     -188.1     10.2      8.1      9.8 2023  9 14 16 28 10.97999954  0.0   1
     3133  -1.6412018  101.1417806    2.69175      153.5      -60.1       68.8     33.9     12.3     10.8 2023  9 14 16 28 18.73999977  0.0   1
     3134  -1.6435705  101.1519694    2.55344     1287.8     -322.0      -69.5     30.3     14.6     19.8 2023  9 14 16 28 27.96999931  0.0   1
     3135  -1.6417432  101.1465820    2.36380      688.5     -120.0     -259.1     11.7      8.0     10.3 2023  9 14 16 28 40.47999954  0.0   1
     3136  -1.6474608  101.1415283    2.05392      125.7     -752.2     -569.0     42.5     16.4     19.0 2023  9 14 16 28 47.25999832  0.0   1
     3137  -1.6438112  101.1404785    2.63783        9.4     -348.6       14.9     15.8     12.5     14.2 2023  9 14 16 28 51.58000183  0.0   1
     3138  -1.6473387  101.1251872    1.53917    -1692.6     -738.7    -1083.8     17.3     15.4     21.0 2023  9 14 16 29 41.08000183  0.0   1
     3139  -1.6422657  101.1434326    2.46085      338.2     -177.7     -162.1     21.2     11.7     10.5 2023  9 14 16 29 46.22999954  0.0   1
     3140  -1.6436876  101.1425293    2.64701      237.6     -335.0       24.1     17.9      7.1     10.6 2023  9 14 16 29 52.25999832  0.0   1
     3141  -1.6411392  101.1457845    2.75129      599.2      -53.2      128.3     15.2     13.0     10.8 2023  9 14 16 32  8.39999962  0.0   1
     3142  -1.6406756  101.1436279    2.48326      359.3       -1.9     -139.7     10.8      9.6     10.5 2023  9 14 16 32 17.73999977  0.0   1
     3143  -1.6357245  101.1572591    2.04772     1876.6      545.5     -575.2     19.0     15.3     17.6 2023  9 14 16 32 30.69000053  0.0   1
     3144  -1.6390650  101.1416992    2.64499      145.0      176.2       22.1     13.5     10.1      9.1 2023  9 14 16 32 37.11000061  0.0   1
     3145  -1.6413433  101.1322103    2.93833     -911.3      -75.8      315.4     20.7     15.4     12.5 2023  9 14 16 32 59.11000061  0.0   1
     3146  -1.6364848  101.1535075    2.76188     1458.4      461.5      138.9     14.8     20.5     14.3 2023  9 14 16 34 11.01000023  0.0   1
     3147  -1.6413658  101.1595296    1.89443     2129.2      -78.2     -728.5     13.5     15.8     18.4 2023  9 14 16 34 40.43000031  0.0   1
     3148  -1.6393303  101.1429036    2.51112      279.2      146.8     -111.8     18.0     11.9     10.3 2023  9 14 16 34 47.56999969  0.0   1
     3149  -1.6389404  101.1568359    3.14787     1828.9      189.9      524.9     18.6     20.1     21.4 2023  9 14 16 34 58.79000092  0.0   1
     3150  -1.6473635  101.1302979    2.14425    -1123.6     -741.4     -478.7     26.2     12.9     23.8 2023  9 14 16 36 23.40999985  0.0   1
     3151  -1.6406469  101.1293213    2.21202    -1232.8        1.3     -410.9     24.8     19.0     23.2 2023  9 14 16 38 46.27000046  0.0   1
     3152  -1.6437748  101.1442301    3.30953      426.4     -344.6      686.6     31.0     10.1     12.0 2023  9 14 16 39 22.14999962  0.0   1
     3153  -1.6436204  101.1502523    2.58995     1096.5     -327.5      -33.0     11.8      9.3     10.0 2023  9 14 16 40 10.57999992  0.0   1
     3154  -1.6433642  101.1412272    2.42323       92.1     -299.2     -199.7     31.7     14.9     15.8 2023  9 14 16 40 29.72999954  0.0   1
     3155  -1.6395785  101.1432536    2.93128      317.5      119.4      308.3     18.2     17.5     11.7 2023  9 14 16 42 57.52000046  0.0   1
     3156  -1.6421519  101.1440348    2.65162      404.6     -165.2       28.7     15.7      9.1     10.5 2023  9 14 16 43 40.40999985  0.0   1
     3157  -1.6381391  101.1424723    2.70784      230.5      278.6       84.9     25.1     17.5     12.0 2023  9 14 16 48 22.35000038  0.0   1
     3158  -1.6424892  101.1501546    2.54857     1085.3     -202.5      -74.4     25.1     15.2     15.1 2023  9 14 16 48 45.50999832  0.0   1
     3159  -1.6419978  101.1656820    0.53783     2814.0     -148.1    -2085.1     44.5     52.5     97.9 2023  9 14 16 51 31.97999954  0.0   1
     3160  -1.6450300  101.1477702    2.62853      820.3     -483.4        5.6     14.5      7.9     10.5 2023  9 14 16 56  2.07999992  0.0   1
     3161  -1.6409807  101.1451253    2.72161      526.3      -35.7       98.7     14.9     10.0     10.1 2023  9 14 17  0 13.88000011  0.0   1
     3162  -1.6331827  101.1458577    1.40253      607.6      826.6    -1220.4     24.5     22.8     18.7 2023  9 14 17 16  3.20000005  0.0   1
     3163  -1.6435349  101.1443685    2.57598      441.7     -318.1      -47.0     26.8     14.5     12.8 2023  9 14 17 16 12.60000038  0.0   1
     3164  -1.6439162  101.1377441    2.40477     -295.5     -360.2     -218.2     27.4     13.3     11.4 2023  9 14 17 16 20.60000038  0.0   1
     3165  -1.6424300  101.1363851    2.44899     -446.2     -195.9     -174.0     18.3     11.0     10.1 2023  9 14 17 22 43.41999817  0.0   1
     3166  -1.6440823  101.1389648    2.60261     -159.0     -378.6      -20.3     18.6     10.0     10.0 2023  9 14 17 23  1.67999995  0.0   1
     3167  -1.6466475  101.1397217    2.90442      -75.5     -662.3      281.5     15.8     15.6     15.3 2023  9 14 17 23  3.44000006  0.0   1
     3168  -1.6417329  101.1400228    2.72267      -41.4     -118.8       99.7     15.3     11.1      8.4 2023  9 14 17 23 38.47999954  0.0   1
     3169  -1.6449160  101.1372559    2.50799     -350.0     -470.8     -115.0     24.6     10.6     10.6 2023  9 14 17 24 47.47999954  0.0   1
     3170  -1.6427027  101.1360026    2.34053     -488.8     -226.1     -282.4     26.5     12.8     17.7 2023  9 14 18  6 58.63999939  0.0   1
     3172  -1.6421190  101.1420573    2.53192      185.1     -161.5      -91.0     18.6     13.0     13.8 2023  9 15 17 48 41.77999878  0.0   1
     3173  -1.6387815  101.1429443    2.82013      283.8      207.5      197.2     16.0     12.6     11.4 2023  9 15 17 50 48.40000153  0.0   1
     3174  -1.6447459  101.1394043    2.62438     -110.9     -452.0        1.4     31.6     16.1     15.9 2023  9 15 17 51  9.39999962  0.0   1
     3175  -1.6357475  101.1419189    2.85988      169.6      543.0      236.9     17.2     19.5     11.3 2023  9 18  5 36 41.97999954  0.0   1
     3176  -1.6408802  101.1413900    2.86923      110.4      -24.5      246.3     21.8     10.6     10.8 2023  9 18 16 33 14.22000027  0.0   1
     3177  -1.6349241  101.1450033    3.41975      513.0      634.0      796.8     29.2     24.9     12.2 2023  9 19 22 37 53.88000107  0.0   1
     3178  -1.6408323  101.1416341    2.70441      137.5      -19.2       81.5     25.0     10.2      9.7 2023  9 20 20 41 28.63999939  0.0   1
     3179  -1.6409964  101.1446045    2.78974      468.1      -37.4      166.8     26.4     18.4     17.8 2023  9 21  3 26 18.59000015  0.0   1
     3180  -1.6396904  101.1549316    2.66835     1616.9      107.0       45.4     12.3     16.2     10.0 2023  9 21  3 26 48.38999939  0.0   1
     3181  -1.6384733  101.1453125    3.11740      547.0      241.6      494.5     21.8     14.9     11.0 2023  9 21  3 26 59.63000107  0.0   1
     3182  -1.6438559  101.1270264    2.09690    -1487.9     -353.6     -526.0     25.2     18.2     24.1 2023  9 21  3 27 59.75000000  0.0   1
     3183  -1.6373952  101.1520589    2.67624     1297.3      360.8       53.3     15.6     11.1     11.7 2023  9 21  3 28  2.72000003  0.0   1
     3184  -1.6388671  101.1451986    2.84691      533.9      198.1      224.0     13.6     10.4      9.0 2023  9 21  3 28 44.74000168  0.0   1
     3185  -1.6428397  101.1182699    1.21503    -2462.1     -241.2    -1407.9     34.1     36.4     47.7 2023  9 21  3 37 14.60999966  0.0   1
     3186  -1.6448270  101.1453369    2.60939      549.8     -461.0      -13.5     19.1     16.3     12.2 2023  9 21  3 43  8.53999996  0.0   1
     3187  -1.6429145  101.1431966    2.58243      311.9     -249.5      -40.5     21.7     14.6     12.3 2023  9 21  3 43 36.95999908  0.0   1
     3188  -1.6415049  101.1423096    3.32929      212.5      -93.6      706.3     26.0     15.7     11.8 2023  9 21  3 44 35.31000137  0.0   1
     3189  -1.6394455  101.1414388    2.91982      115.8      134.1      296.9     24.4     11.6      9.6 2023  9 21  3 45  0.40000001  0.0   1
     3190  -1.6382247  101.1400960    2.63314      -33.6      269.1       10.2     22.3     13.2     11.0 2023  9 21  3 46 23.75000000  0.0   1
     3191  -1.6399061  101.1456543    2.92389      584.8       83.2      300.9     24.6     17.7     12.4 2023  9 21  3 47 35.90000153  0.0   1
     3192  -1.6378530  101.1482992    2.89867      879.0      310.2      275.7     22.8     16.7     10.8 2023  9 21  3 47 45.47000122  0.0   1
     3193  -1.6405062  101.1426839    2.80480      254.1       16.8      181.9     19.7     10.6      8.6 2023  9 21  3 50 10.31999969  0.0   1
     3194  -1.6351054  101.1410726    2.96227       75.2      614.0      339.3     28.4     20.8     11.6 2023  9 21  3 51 53.75000000  0.0   1
     3195  -1.6369506  101.1447835    3.17002      488.3      410.0      547.1     28.0     19.6     12.0 2023  9 21  3 54 41.15999985  0.0   1
     3196  -1.6366006  101.1541178    2.97850     1526.4      448.7      355.6     11.3     10.6     11.9 2023  9 21  3 54 56.18999863  0.0   1
     3197  -1.6371078  101.1478271    3.08906      826.7      392.6      466.1     23.5     16.4     12.0 2023  9 21  3 55  2.20000005  0.0   1
     3198  -1.6392947  101.1489095    2.73339      947.1      150.8      110.4     23.5     16.1      9.5 2023  9 21  3 57 10.92000008  0.0   1
     3200  -1.6387910  101.1668132    1.62428     2939.3      206.5     -998.7     23.4     27.1     44.0 2023  9 21 18  0 24.65999985  0.0   1
     3202  -1.6433748  101.1463542    3.08549      662.9     -300.4      462.5     25.6     13.0     15.9 2023  9 21 18  2 53.29999924  0.0   1
     3203  -1.6409208  101.1415609    2.61697      129.7      -29.0       -6.0     22.5      8.7     10.3 2023  9 21 18  3  1.86000001  0.0   1
     3204  -1.6391777  101.1487793    2.57092      932.7      163.7      -52.0      9.0      8.3      8.7 2023  9 21 18  3  6.84000015  0.0   1
     3206  -1.6410154  101.1494385    2.78702     1006.1      -39.5      164.1     28.1     15.5     16.4 2023  9 21 18  3 58.45999908  0.0   1
     3207  -1.6366135  101.1589274    1.83060     2062.3      447.2     -792.3     12.6     16.1     15.7 2023  9 21 18  4  4.84000015  0.0   1
     3208  -1.6409861  101.1434570    2.72320      340.9      -36.3      100.3     11.0      8.4      9.4 2023  9 21 18  4  8.68000031  0.0   1
     3209  -1.6453049  101.1427734    3.00334      264.9     -513.8      380.4     36.3     13.3     16.2 2023  9 21 18  5 31.94000053  0.0   1
     3210  -1.6436451  101.1402669    2.84428      -14.4     -330.3      221.3     16.1     10.6     11.7 2023  9 21 18  5 48.38000107  0.0   1
     3211  -1.6535600  101.1240804    2.17218    -1815.9    -1426.6     -450.8     17.3     14.6     19.7 2023  9 21 18  6 39.50000000  0.0   1
     3212  -1.6462330  101.1370931    3.07538     -367.2     -616.4      452.4     20.6     11.5     12.6 2023  9 21 18 40 21.60000038  0.0   1
     3213  -1.6402401  101.1515951    2.89771     1246.1       46.2      274.8     15.8     14.7     10.9 2023  9 28  7  5  1.83000004  0.0   1
     3214  -1.6367944  101.1466390    2.86307      694.1      427.2      240.1     18.5     23.4     12.8 2023  9 28  7 39  3.82999992  0.0   1
     3215  -1.6429363  101.1444580    2.71893      451.8     -251.9       96.0     15.3     21.4     16.0 2023  9 28  7 40  2.51999998  0.0   1
     3216  -1.6391198  101.1484049    2.58461      891.1      170.1      -38.3     10.9     13.3     10.4 2023  9 28  7 55 56.93999863  0.0   1
     3217  -1.6402348  101.1439941    2.67524      400.6       46.8       52.3     16.1      8.6      9.1 2023  9 28  7 56  5.48999977  0.0   1
     3218  -1.6445587  101.1465739    2.57381      687.4     -431.3      -49.1     18.0     17.7     20.3 2023  9 28  7 56 11.47999954  0.0   1
     3219  -1.6381850  101.1440999    3.28443      412.0      273.5      661.5     17.9     12.1     11.9 2023  9 28  7 57 46.27000046  0.0   1
     3220  -1.6429783  101.1467285    2.60219      704.4     -256.5      -20.8     16.7     10.2     13.0 2023  9 28  7 59 35.90000153  0.0   1
     3221  -1.6413160  101.1427572    2.49400      262.9      -72.7     -128.9     13.9      7.4     10.2 2023  9 28  8  1 35.72000122  0.0   1
     3222  -1.6385052  101.1476481    2.40838      806.4      238.1     -214.6     15.5     10.9     12.5 2023  9 28  8  2  3.35999990  0.0   1
     3223  -1.6409641  101.1454508    2.70796      562.3      -33.8       85.0     17.4      7.2     10.7 2023  9 28  8  2 40.31000137  0.0   1
     3224  -1.6394375  101.1475342    2.37161      794.2      135.0     -251.3     10.1      8.1     10.1 2023  9 28  8  7 49.70999908  0.0   1
     3225  -1.6418977  101.1449463    2.58759      506.0     -137.1      -35.4     20.0      9.0     12.0 2023  9 28  8 13  6.84000015  0.0   1
     3226  -1.6389692  101.1470622    2.53553      741.5      186.8      -87.4     17.1     12.2     11.5 2023  9 28  8 15 50.84999847  0.0   1
     3227  -1.6423745  101.1440267    2.50953      403.9     -189.8     -113.4     16.9     14.8     14.2 2023  9 28  8 15 58.18999863  0.0   1
     3228  -1.6435223  101.1461751    2.69477      643.0     -316.7       71.8     13.4     12.3     11.4 2023  9 28  8 17  0.49000001  0.0   1
     3229  -1.6384759  101.1465088    2.51894      680.0      241.3     -104.0     18.3     13.1      9.9 2023  9 28  8 17 24.29000092  0.0   1
     3230  -1.6410573  101.1441569    2.73581      418.8      -44.1      112.9     16.9     14.1     11.2 2023  9 28  8 19 49.29999924  0.0   1
     3231  -1.6412675  101.1405436    2.59637       16.2      -67.4      -26.6     21.0      9.9      6.8 2023  9 28  8 20 55.52000046  0.0   1
     3232  -1.6404213  101.1456462    2.64837      584.4       26.2       25.4     14.8      8.4      9.0 2023  9 28  8 26 42.88000107  0.0   1
     3233  -1.6421749  101.1466960    2.53935      700.7     -167.7      -83.6      9.7      8.7     11.1 2023  9 28  8 26 46.84000015  0.0   1
     3234  -1.6415089  101.1437988    2.77979      378.4      -94.1      156.8     10.3      9.4      8.8 2023  9 28  8 27  2.09999990  0.0   1
     3235  -1.6428576  101.1445150    2.47426      458.5     -243.2     -148.7     18.2     10.6     11.4 2023  9 28  8 29 31.02000046  0.0   1
     3236  -1.6412678  101.1440267    2.56941      404.3      -67.4      -53.5     22.2     19.9     14.9 2023  9 28  8 33 52.38000107  0.0   1
     3237  -1.6415075  101.1421061    2.55218      190.4      -93.9      -70.8     20.0      9.2      9.8 2023  9 28  8 34 52.70000076  0.0   1
     3238  -1.6403956  101.1425130    2.73436      235.6       29.0      111.4     16.6     10.6      7.9 2023  9 28  8 35 23.65999985  0.0   1
     3239  -1.6381903  101.1461426    2.24154      639.6      272.9     -381.4     14.8      7.5     10.1 2023  9 28  8 35 37.04000092  0.0   1
     3240  -1.6430782  101.1403646    2.60284       -3.3     -267.6      -20.1     21.9     15.6     10.9 2023  9 28  8 36  6.26000023  0.0   1
     3241  -1.6409175  101.1441325    2.56824      415.5      -28.7      -54.7     11.5      9.6     10.6 2023  9 28  8 36  9.26000023  0.0   1
     3242  -1.6438625  101.1453613    2.61165      552.1     -354.3      -11.3     13.7      9.0     10.5 2023  9 28  8 36 18.69000053  0.0   1
     3243  -1.6430997  101.1371663    2.87430     -359.5     -270.0      251.4     22.9     10.7      8.4 2023  9 28  8 36 33.70999908  0.0   1
     3244  -1.6453954  101.1423991    2.38505      222.5     -523.8     -237.9     13.9     12.6     15.1 2023  9 28  8 36 39.86999893  0.0   1
     3245  -1.6501408  101.1416260    2.35340      136.3    -1048.5     -269.5     19.1     12.3     18.3 2023  9 28  8 37 37.74000168  0.0   1
     3246  -1.6407978  101.1422770    2.69445      208.8      -15.4       71.5     12.0     11.8      9.3 2023  9 28  8 37 40.75999832  0.0   1
     3247  -1.6413775  101.1419027    2.77168      167.3      -79.5      148.7     14.7     12.5      9.5 2023  9 28  8 38  9.71000004  0.0   1
     3248  -1.6383578  101.1455322    2.64810      571.5      254.4       25.2     13.5     10.0      9.1 2023  9 28  8 39  3.31999993  0.0   1
     3249  -1.6412548  101.1419840    2.76726      176.7      -66.0      144.3     18.3     12.2      9.1 2023  9 28  8 39 16.25000000  0.0   1
     3250  -1.6412807  101.1393962    2.73753     -111.1      -68.8      114.6     25.6     14.7     12.2 2023  9 28  8 39 29.69000053  0.0   1
     3251  -1.6404765  101.1425130    2.77854      235.3       20.1      155.6     18.3      8.0      9.4 2023  9 28  8 40 15.93999958  0.0   1
     3252  -1.6407406  101.1452067    2.70046      535.3       -9.1       77.5     18.3      8.0     10.3 2023  9 28  8 40 38.47999954  0.0   1
     3253  -1.6424229  101.1405436    2.76537       16.0     -195.1      142.4     17.3      9.9     10.5 2023  9 28  8 40 41.38000107  0.0   1
     3254  -1.6448470  101.1423828    2.75956      221.4     -463.2      136.6     17.6      8.6     11.7 2023  9 28  8 41  2.16000009  0.0   1
     3255  -1.6425977  101.1461670    2.61688      641.6     -214.5       -6.1     17.4     12.7      9.3 2023  9 28  8 41 20.87999916  0.0   1
     3256  -1.6397401  101.1414632    2.63395      118.9      101.5       11.0     14.9      9.5      9.4 2023  9 28  8 41 55.04999924  0.0   1
     3257  -1.6394344  101.1456624    3.25571      585.6      135.3      632.8     23.5     16.0     13.0 2023  9 28  8 42 14.56999969  0.0   1
     3258  -1.6450489  101.1399495    2.72793      -50.0     -485.5      105.0     23.7     12.2     11.1 2023  9 28  8 42 19.54999924  0.0   1
     3259  -1.6443989  101.1488281    2.44920      938.0     -413.6     -173.7     16.1     14.7     15.6 2023  9 28  8 43 54.72999954  0.0   1
     3260  -1.6482651  101.1452148    2.10953      536.3     -841.1     -513.4     24.3     12.5     17.0 2023  9 28  8 44 16.90999985  0.0   1
     3261  -1.6393951  101.1440837    2.92990      409.9      139.7      307.0     13.7     11.1      9.6 2023  9 28  8 44 28.37999916  0.0   1
     3262  -1.6402388  101.1418294    2.87652      159.7       46.4      253.6     14.4      8.8      8.2 2023  9 28  8 47 19.86000061  0.0   1
     3263  -1.6412155  101.1437907    2.65557      378.0      -61.6       32.6     29.5     19.0     13.8 2023  9 28  8 47 33.06999969  0.0   1
     3264  -1.6431811  101.1401611    2.85816      -26.0     -279.0      235.2     21.0      8.5     10.2 2023  9 28  8 51 42.25999832  0.0   1
     3265  -1.6428642  101.1413249    2.76152      103.0     -243.9      138.6     19.0     12.4      9.3 2023  9 28  8 59 46.52999878  0.0   1
     3266  -1.6416659  101.1436849    2.54315      365.4     -111.4      -79.8     17.7      9.6      8.4 2023  9 28  9  4 21.27000046  0.0   1
     3267  -1.6426879  101.1419027    2.68038      167.9     -224.4       57.4     15.5     10.9      8.6 2023  9 28  9  5 15.84000015  0.0   1
     3268  -1.6418008  101.1451416    2.75316      527.7     -126.3      130.2     13.4      7.8     10.2 2023  9 28  9 10 20.37000084  0.0   1
     3269  -1.6444252  101.1342692    2.80251     -682.2     -416.5      179.6     22.5     12.5      9.7 2023  9 28  9 17 17.36000061  0.0   1
     3270  -1.6379640  101.1418050    2.70680      156.9      297.9       83.9     19.9      9.7     10.2 2023 10  5  7 35 44.90999985  0.0   1
     3271  -1.6130656  101.1346842    2.22122     -635.4     3051.0     -401.7     39.0     41.8     36.0 2023 10  8  0 46  1.73000002  0.0   1
     3272  -1.6128040  101.1309733    2.44812    -1048.9     3079.9     -174.8     54.7     43.8     36.1 2023 10  8  0 46 50.84000015  0.0   1
     3273  -1.6371373  101.1375244    3.16490     -319.9      389.3      542.0     42.2     17.8     13.1 2023 10  9 12  0 57.20999908  0.0   1
     3274  -1.6364310  101.1580322    2.82793     1961.9      467.4      205.0     20.0     12.6     16.5 2023 10  9 13 10 28.75000000  0.0   1
     3275  -1.6413920  101.1459961    2.47087      623.3      -81.1     -152.1     14.3      8.8     10.7 2023 10 10  8 52 47.47999954  0.0   1
     3276  -1.6472796  101.1449626    3.08390      507.8     -732.2      461.0     22.1     14.2     14.6 2023 10 12  2  8 51.72999954  0.0   1
     3277  -1.6457350  101.1454508    2.47325      562.2     -561.4     -149.7     11.8      9.6     11.5 2023 10 12  2 25 53.88999939  0.0   1
     3278  -1.6511133  101.1449463    2.54807      506.0    -1156.1      -74.9     44.7     18.1     15.7 2023 10 12  2 26 44.36999893  0.0   1
     3279  -1.6453373  101.1413737    2.69398      108.8     -517.4       71.0     35.8     15.2     13.8 2023 10 12  7 33 35.72000122  0.0   1
     3280  -1.6398589  101.1361084    2.86113     -477.5       88.4      238.2     28.0     24.9     19.4 2023 10 12  7 35 26.72999954  0.0   1
     3281  -1.6369240  101.1432454    3.11094      317.0      412.9      488.0     16.7     11.2     11.7 2023 10 12  7 44 21.15999985  0.0   1
     3282  -1.6370672  101.1455648    3.20267      574.7      397.1      579.7     17.9     13.8     13.8 2023 10 14  8 24 30.54000092  0.0   1
     3283  -1.6378906  101.1455729    3.40568      576.3      306.0      782.7     19.7     14.7     10.2 2023 10 14 10 32 46.22999954  0.0   1
     3284  -1.6391697  101.1400146    2.86787      -42.2      164.6      244.9     29.8     23.5     14.6 2023 10 14 16 31 41.02000046  0.0   1
     3285  -1.6403742  101.1379150    3.48003     -276.6       31.4      857.1     45.4     14.1     11.1 2023 10 17  8 13 56.77000046  0.0   1
     3286  -1.6414960  101.1272786    2.88421    -1459.8      -92.6      261.3     18.2     15.7      9.9 2023 10 17  9  1 32.40999985  0.0   1
     3288  -1.6388607  101.1359375    2.68919     -496.5      198.8       66.2     62.6     25.1     27.0 2023 10 18 14 21 34.95000076  0.0   1
